0,237
1,214
2,148
3,217
4,184
5,190
6,82
7,195
8,182
9,238
10,179
11,207
12,216
13,179
14,82
15,177
16,215
17,156
18,235
19,161
20,211
21,183
22,224
23,178
24,199
25,214
26,248
27,145
28,227
29,121
30,194
31,184
32,201
33,158
34,194
35,202
36,230
37,199
38,172
39,180
40,219
41,231
42,138
43,237
44,130
45,218
46,208
47,226
48,208
49,239
50,228
51,223
52,205
53,172
54,149
55,160
56,205
57,222
58,228
59,229
60,179
61,200
62,207
63,150
64,156
65,162
66,245
67,230
68,140
69,196
70,203
71,213
72,204
73,213
74,210
75,135
76,243
77,164
78,193
79,217
80,184
81,175
82,212
83,98
84,219
85,231
86,224
87,237
88,234
89,221
90,182
91,208
92,110
93,230
94,174
95,191
96,154
97,214
98,233
99,192
100,208
101,203
102,178
103,142
104,232
105,157
106,162
107,196
108,56
109,116
110,221
111,191
112,144
113,204
114,186
115,199
116,212
117,241
118,197
119,187
120,103
121,241
122,187
123,218
124,153
125,165
126,185
127,123
128,176
129,200
130,205
131,178
132,198
133,210
134,212
135,172
136,211
137,180
138,246
139,205
140,227
141,196
142,151
143,240
144,215
145,221
146,169
147,124
148,217
149,159
150,114
151,213
152,229
153,178
154,176
155,221
156,126
157,193
158,188
159,117
160,231
161,246
162,182
163,228
164,181
165,151
166,201
167,194
168,211
169,229
170,235
171,204
172,160
173,248
174,202
175,138
176,170
177,158
178,221
179,182
180,146
181,189
182,237
183,219
184,224
185,134
186,211
187,206
188,182
189,222
190,178
191,152
192,214
193,197
194,215
195,223
196,195
197,191
198,238
199,81
200,198
201,142
202,222
203,88
204,237
205,74
206,193
207,222
208,205
209,213
210,173
211,124
212,236
213,205
214,188
215,111
216,246
217,208
218,105
219,175
220,185
221,152
222,174
223,0
224,196
225,185
226,228
227,198
228,60
229,201
230,9
231,58
232,99
233,169
234,190
235,197
236,200
237,124
238,215
239,206
240,163
241,169
242,220
243,238
244,212
245,107
246,113
247,173
248,230
249,224
250,226
251,188
252,79
253,154
254,188
255,176
256,208
257,224
258,73
259,241
260,192
261,222
262,220
263,237
264,174
265,122
266,162
267,225
268,237
269,231
270,144
271,119
272,176
273,171
274,241
275,200
276,143
277,160
278,189
279,207
280,215
281,201
282,206
283,167
284,190
285,144
286,188
287,74
288,170
289,205
290,128
291,220
292,192
293,186
294,127
295,113
296,156
297,8
298,213
299,188
300,216
301,216
302,242
303,219
304,167
305,181
306,202
307,224
308,90
309,193
310,155
311,230
312,209
313,237
314,120
315,169
316,145
317,163
318,209
319,222
320,169
321,201
322,200
323,190
324,203
325,178
326,89
327,152
328,222
329,229
330,170
331,194
332,85
333,94
334,188
335,175
336,157
337,226
338,244
339,231
340,213
341,208
342,225
343,241
344,235
345,225
346,80
347,228
348,192
349,194
350,208
351,177
352,101
353,214
354,184
355,214
356,180
357,127
358,182
359,143
360,182
361,237
362,200
363,218
364,209
365,144
366,223
367,197
368,181
369,139
370,220
371,11
372,115
373,167
374,27
375,237
376,223
377,203
378,226
379,208
380,151
381,132
382,176
383,210
384,239
385,117
386,132
387,218
388,224
389,192
390,188
391,192
392,203
393,197
394,183
395,227
396,166
397,175
398,219
399,171
400,196
401,242
402,108
403,200
404,152
405,220
406,103
407,225
408,227
409,149
410,234
411,197
412,162
413,186
414,216
415,68
416,240
417,170
418,181
419,178
420,74
421,132
422,221
423,237
424,165
425,216
426,192
427,234
428,240
429,164
430,145
431,149
432,224
433,52
434,222
435,225
436,137
437,110
438,246
439,200
440,226
441,146
442,87
443,245
444,206
445,160
446,147
447,142
448,136
449,144
450,137
451,114
452,117
453,163
454,141
455,241
456,210
457,114
458,199
459,161
460,152
461,166
462,207
463,188
464,183
465,218
466,190
467,245
468,211
469,233
470,208
471,209
472,230
473,200
474,0
475,187
476,205
477,226
478,34
479,191
480,122
481,184
482,178
483,174
484,211
485,233
486,165
487,196
488,139
489,160
490,212
491,214
492,196
493,186
494,218
495,208
496,197
497,192
498,212
499,0
500,156
501,146
502,208
503,166
504,211
505,56
506,200
507,0
508,105
509,239
510,66
511,172
512,206
513,243
514,155
515,119
516,192
517,48
518,162
519,181
520,26
521,168
522,172
523,207
524,138
525,171
526,208
527,113
528,208
529,70
530,153
531,152
532,161
533,170
534,191
535,106
536,197
537,192
538,185
539,209
540,165
541,228
542,186
543,69
544,172
545,0
546,63
547,169
548,229
549,39
550,218
551,126
552,191
553,0
554,211
555,217
556,4
557,41
558,147
559,117
560,250
561,0
562,183
563,0
564,189
565,87
566,102
567,205
568,181
569,229
570,144
571,190
572,209
573,215
574,246
575,121
576,205
577,141
578,226
579,178
580,100
581,180
582,152
583,93
584,171
585,124
586,198
587,159
588,208
589,232
590,184
591,218
592,211
593,167
594,166
595,121
596,207
597,168
598,104
599,156
600,159
601,146
602,238
603,181
604,232
605,229
606,151
607,124
608,165
609,0
610,111
611,200
612,45
613,184
614,190
615,194
616,193
617,118
618,114
619,197
620,136
621,232
622,152
623,157
624,85
625,0
626,205
627,174
628,192
629,246
630,235
631,204
632,189
633,89
634,196
635,211
636,219
637,170
638,157
639,0
640,112
641,186
642,141
643,235
644,185
645,24
646,141
647,195
648,192
649,214
650,219
651,164
652,165
653,224
654,170
655,124
656,246
657,202
658,182
659,220
660,144
661,244
662,207
663,128
664,191
665,90
666,151
667,220
668,236
669,166
670,200
671,214
672,204
673,166
674,221
675,174
676,213
677,157
678,202
679,220
680,228
681,217
682,249
683,198
684,242
685,219
686,203
687,240
688,204
689,221
690,236
691,238
692,232
693,195
694,216
695,160
696,240
697,221
698,216
699,196
700,231
701,228
702,178
703,237
704,240
705,142
706,173
707,167
708,182
709,242
710,218
711,227
712,226
713,236
714,200
715,224
716,209
717,188
718,243
719,248
720,192
721,240
722,238
723,225
724,235
725,209
726,100
727,202
728,185
729,233
730,219
731,200
732,198
733,214
734,236
735,226
736,239
737,232
738,111
739,238
740,224
741,243
742,145
743,198
744,211
745,216
746,187
747,210
748,223
749,223
750,197
751,225
752,170
753,233
754,241
755,233
756,150
757,233
758,245
759,200
760,248
761,204
762,180
763,196
764,215
765,228
766,236
767,253
768,138
769,216
770,235
771,225
772,167
773,141
774,232
775,218
776,238
777,237
778,237
779,228
780,241
781,245
782,183
783,228
784,210
785,249
786,182
787,207
788,222
789,148
790,235
791,155
792,230
793,236
794,182
795,225
796,242
797,250
798,202
799,202
800,189
801,172
802,215
803,238
804,213
805,177
806,241
807,203
808,238
809,242
810,229
811,221
812,159
813,168
814,175
815,224
816,236
817,212
818,207
819,178
820,163
821,152
822,208
823,207
824,233
825,223
826,251
827,228
828,233
829,202
830,233
831,214
832,169
833,226
834,241
835,242
836,222
837,219
838,226
839,234
840,235
841,192
842,244
843,219
844,202
845,212
846,223
847,199
848,214
849,197
850,136
851,239
852,123
853,216
854,224
855,197
856,174
857,219
858,224
859,178
860,204
861,219
862,156
863,198
864,229
865,217
866,203
867,204
868,246
869,223
870,171
871,207
872,178
873,211
874,242
875,197
876,251
877,227
878,128
879,249
880,213
881,234
882,187
883,165
884,233
885,218
886,226
887,198
888,187
889,230
890,116
891,242
892,167
893,176
894,172
895,128
896,204
897,209
898,170
899,215
900,208
901,207
902,196
903,223
904,185
905,138
906,210
907,191
908,166
909,208
910,201
911,180
912,215
913,186
914,233
915,117
916,182
917,173
918,209
919,226
920,170
921,164
922,201
923,215
924,151
925,202
926,214
927,212
928,116
929,187
930,149
931,195
932,231
933,156
934,237
935,240
936,173
937,234
938,159
939,184
940,198
941,206
942,232
943,218
944,232
945,224
946,189
947,167
948,188
949,234
950,223
951,175
952,161
953,178
954,199
955,203
956,201
957,158
958,188
959,183
960,196
961,193
962,162
963,174
964,202
965,172
966,186
967,207
968,140
969,190
970,194
971,152
972,186
973,200
974,208
975,160
976,169
977,243
978,209
979,227
980,237
981,172
982,176
983,217
984,66
985,184
986,166
987,181
988,175
989,235
990,21
991,204
992,136
993,194
994,111
995,228
996,162
997,165
998,209
999,211
1000,180
1001,178
1002,164
1003,185
1004,226
1005,189
1006,81
1007,198
1008,195
1009,130
1010,198
1011,225
1012,197
1013,217
1014,158
1015,213
1016,216
1017,186
1018,223
1019,226
1020,178
1021,176
1022,174
1023,222
1024,223
1025,168
1026,231
1027,189
1028,231
1029,177
1030,190
1031,208
1032,186
1033,203
1034,165
1035,196
1036,237
1037,177
1038,170
1039,179
1040,149
1041,96
1042,223
1043,189
1044,195
1045,204
1046,155
1047,215
1048,175
1049,180
1050,156
1051,219
1052,241
1053,214
1054,176
1055,214
1056,166
1057,138
1058,241
1059,94
1060,198
1061,176
1062,210
1063,228
1064,182
1065,168
1066,209
1067,213
1068,203
1069,224
1070,194
1071,165
1072,203
1073,231
1074,200
1075,222
1076,226
1077,217
1078,140
1079,181
1080,225
1081,156
1082,216
1083,231
1084,138
1085,225
1086,179
1087,168
1088,169
1089,186
1090,175
1091,222
1092,185
1093,229
1094,200
1095,159
1096,172
1097,183
1098,232
1099,174
1100,231
1101,173
1102,239
1103,186
1104,234
1105,174
1106,146
1107,203
1108,243
1109,139
1110,128
1111,244
1112,169
1113,215
1114,149
1115,193
1116,176
1117,170
1118,183
1119,185
1120,238
1121,187
1122,131
1123,186
1124,98
1125,197
1126,174
1127,196
1128,178
1129,215
1130,106
1131,200
1132,194
1133,154
1134,196
1135,203
1136,184
1137,198
1138,147
1139,165
1140,160
1141,145
1142,191
1143,219
1144,224
1145,202
1146,239
1147,136
1148,148
1149,138
1150,184
1151,175
1152,170
1153,209
1154,227
1155,130
1156,153
1157,171
1158,148
1159,212
1160,214
1161,243
1162,192
1163,183
1164,232
1165,205
1166,136
1167,139
1168,209
1169,78
1170,164
1171,184
1172,222
1173,180
1174,212
1175,196
1176,191
1177,162
1178,177
1179,222
1180,150
1181,208
1182,176
1183,194
1184,149
1185,219
1186,186
1187,219
1188,197
1189,190
1190,166
1191,165
1192,194
1193,138
1194,197
1195,117
1196,164
1197,239
1198,148
1199,133
1200,171
1201,171
1202,181
1203,189
1204,173
1205,153
1206,205
1207,197
1208,205
1209,161
1210,174
1211,168
1212,186
1213,216
1214,222
1215,147
1216,184
1217,182
1218,232
1219,172
1220,224
1221,152
1222,123
1223,209
1224,152
1225,188
1226,174
1227,189
1228,218
1229,187
1230,163
1231,196
1232,201
1233,210
1234,232
1235,216
1236,115
1237,210
1238,212
1239,196
1240,139
1241,193
1242,208
1243,231
1244,115
1245,115
1246,192
1247,211
1248,241
1249,143
1250,222
1251,111
1252,178
1253,217
1254,216
1255,199
1256,216
1257,225
1258,163
1259,218
1260,216
1261,193
1262,238
1263,192
1264,223
1265,176
1266,204
1267,194
1268,136
1269,212
1270,203
1271,167
1272,175
1273,212
1274,146
1275,145
1276,184
1277,210
1278,213
1279,186
1280,211
1281,203
1282,222
1283,216
1284,173
1285,203
1286,206
1287,204
1288,159
1289,163
1290,178
1291,196
1292,204
1293,204
1294,213
1295,176
1296,150
1297,217
1298,159
1299,154
1300,178
1301,143
1302,214
1303,160
1304,216
1305,181
1306,205
1307,178
1308,188
1309,215
1310,140
1311,198
1312,141
1313,191
1314,214
1315,200
1316,196
1317,216
1318,184
1319,181
1320,164
1321,81
1322,186
1323,224
1324,208
1325,223
1326,193
1327,174
1328,231
1329,196
1330,172
1331,195
1332,157
1333,218
1334,152
1335,168
1336,136
1337,134
1338,210
1339,140
1340,87
1341,238
1342,141
1343,157
1344,137
1345,180
1346,172
1347,152
1348,163
1349,200
1350,201
1351,230
1352,233
1353,178
1354,120
1355,147
1356,190
1357,177
1358,147
1359,214
1360,140
1361,214
1362,144
1363,150
1364,197
1365,152
1366,98
1367,73
1368,139
1369,175
1370,191
1371,203
1372,223
1373,191
1374,120
1375,38
1376,149
1377,205
1378,189
1379,109
1380,177
1381,181
1382,194
1383,191
1384,245
1385,157
1386,201
1387,198
1388,190
1389,174
1390,195
1391,158
1392,130
1393,224
1394,155
1395,201
1396,152
1397,146
1398,158
1399,57
1400,215
1401,205
1402,137
1403,195
1404,184
1405,65
1406,33
1407,170
1408,219
1409,163
1410,142
1411,237
1412,140
1413,113
1414,10
1415,174
1416,149
1417,229
1418,122
1419,201
1420,163
1421,148
1422,48
1423,150
1424,63
1425,17
1426,200
1427,171
1428,0
1429,99
1430,170
1431,148
1432,193
1433,138
1434,189
1435,174
1436,209
1437,122
1438,179
1439,121
1440,209
1441,110
1442,199
1443,128
1444,121
1445,172
1446,113
1447,164
1448,204
1449,169
1450,220
1451,232
1452,221
1453,170
1454,223
1455,185
1456,178
1457,126
1458,161
1459,193
1460,158
1461,213
1462,225
1463,157
1464,172
1465,150
1466,141
1467,165
1468,195
1469,154
1470,154
1471,144
1472,120
1473,186
1474,214
1475,190
1476,109
1477,95
1478,113
1479,220
1480,117
1481,126
1482,176
1483,172
1484,198
1485,190
1486,209
1487,215
1488,184
1489,187
1490,153
1491,207
1492,142
1493,107
1494,188
1495,157
1496,205
1497,200
1498,197
1499,111
1500,180
1501,216
1502,95
1503,212
1504,226
1505,246
1506,147
1507,177
1508,124
1509,201
1510,154
1511,189
1512,172
1513,148
1514,165
1515,186
1516,144
1517,219
1518,162
1519,123
1520,153
1521,107
1522,228
1523,0
1524,180
1525,194
1526,158
1527,192
1528,140
1529,199
1530,150
1531,214
1532,81
1533,74
1534,196
1535,155
1536,209
1537,182
1538,157
1539,245
1540,225
1541,78
1542,107
1543,184
1544,235
1545,40
1546,88
1547,192
1548,174
1549,121
1550,186
1551,187
1552,231
1553,130
1554,177
1555,211
1556,179
1557,175
1558,186
1559,194
1560,186
1561,161
1562,91
1563,174
1564,139
1565,143
1566,193
1567,188
1568,181
1569,94
1570,158
1571,199
1572,159
1573,148
1574,165
1575,166
1576,161
1577,179
1578,157
1579,186
1580,213
1581,207
1582,172
1583,160
1584,148
1585,27
1586,129
1587,178
1588,204
1589,176
1590,204
1591,181
1592,152
1593,130
1594,147
1595,181
1596,187
1597,152
1598,205
1599,211
1600,175
1601,178
1602,117
1603,225
1604,197
1605,180
1606,222
1607,175
1608,171
1609,220
1610,173
1611,173
1612,167
1613,214
1614,200
1615,185
1616,172
1617,200
1618,166
1619,143
1620,187
1621,184
1622,174
1623,174
1624,147
1625,231
1626,157
1627,192
1628,240
1629,194
1630,191
1631,133
1632,229
1633,213
1634,188
1635,145
1636,239
1637,146
1638,160
1639,232
1640,180
1641,177
1642,157
1643,193
1644,194
1645,200
1646,210
1647,206
1648,199
1649,166
1650,238
1651,152
1652,167
1653,116
1654,146
1655,158
1656,168
1657,172
1658,216
1659,202
1660,185
1661,209
1662,173
1663,158
1664,170
1665,222
1666,212
1667,166
1668,214
1669,84
1670,170
1671,201
1672,143
1673,182
1674,210
1675,213
1676,164
1677,213
1678,134
1679,167
1680,212
1681,200
1682,226
1683,204
1684,197
1685,172
1686,169
1687,132
1688,179
1689,197
1690,152
1691,152
1692,115
1693,113
1694,212
1695,173
1696,227
1697,180
1698,250
1699,190
1700,188
1701,159
1702,194
1703,195
1704,167
1705,191
1706,115
1707,190
1708,190
1709,161
1710,208
1711,157
1712,151
1713,214
1714,204
1715,163
1716,167
1717,229
1718,108
1719,75
1720,165
1721,233
1722,176
1723,168
1724,111
1725,216
1726,190
1727,217
1728,215
1729,180
1730,155
1731,162
1732,209
1733,170
1734,176
1735,179
1736,206
1737,113
1738,204
1739,128
1740,147
1741,141
1742,62
1743,138
1744,167
1745,197
1746,158
1747,141
1748,131
1749,196
1750,168
1751,207
1752,173
1753,206
1754,218
1755,170
1756,171
1757,219
1758,125
1759,193
1760,155
1761,231
1762,117
1763,168
1764,174
1765,203
1766,178
1767,189
1768,168
1769,138
1770,180
1771,254
1772,200
1773,201
1774,202
1775,147
1776,120
1777,240
1778,183
1779,203
1780,168
1781,120
1782,212
1783,162
1784,181
1785,202
1786,138
1787,162
1788,196
1789,197
1790,144
1791,67
1792,229
1793,226
1794,165
1795,176
1796,208
1797,157
1798,201
1799,192
1800,240
1801,202
1802,234
1803,180
1804,232
1805,158
1806,226
1807,242
1808,157
1809,169
1810,180
1811,232
1812,165
1813,195
1814,33
1815,132
1816,212
1817,206
1818,130
1819,224
1820,129
1821,203
1822,194
1823,214
1824,121
1825,214
1826,198
1827,181
1828,232
1829,194
1830,100
1831,207
1832,191
1833,199
1834,197
1835,126
1836,230
1837,185
1838,175
1839,163
1840,235
1841,226
1842,216
1843,210
1844,170
1845,213
1846,189
1847,239
1848,189
1849,168
1850,203
1851,244
1852,200
1853,174
1854,214
1855,222
1856,198
1857,169
1858,176
1859,206
1860,192
1861,200
1862,153
1863,182
1864,202
1865,198
1866,199
1867,200
1868,209
1869,238
1870,211
1871,195
1872,211
1873,241
1874,212
1875,222
1876,217
1877,205
1878,203
1879,224
1880,178
1881,225
1882,202
1883,152
1884,201
1885,239
1886,198
1887,215
1888,199
1889,209
1890,220
1891,205
1892,232
1893,205
1894,130
1895,153
1896,195
1897,214
1898,160
1899,213
1900,212
1901,224
1902,204
1903,170
1904,208
1905,217
1906,204
1907,184
1908,231
1909,216
1910,202
1911,236
1912,228
1913,226
1914,168
1915,211
1916,211
1917,186
1918,219
1919,195
1920,194
1921,203
1922,223
1923,178
1924,207
1925,178
1926,214
1927,187
1928,131
1929,226
1930,211
1931,192
1932,166
1933,168
1934,196
1935,137
1936,167
1937,193
1938,171
1939,208
1940,238
1941,230
1942,180
1943,214
1944,207
1945,191
1946,196
1947,206
1948,117
1949,185
1950,204
1951,127
1952,234
1953,229
1954,190
1955,223
1956,85
1957,234
1958,199
1959,189
1960,173
1961,220
1962,169
1963,178
1964,213
1965,225
1966,0
1967,242
1968,195
1969,195
1970,212
1971,164
1972,235
1973,225
1974,205
1975,204
1976,216
1977,157
1978,209
1979,220
1980,173
1981,201
1982,234
1983,224
1984,247
1985,184
1986,201
1987,187
1988,231
1989,201
1990,216
1991,216
1992,190
1993,187
1994,196
1995,203
1996,231
1997,139
1998,0
1999,0
