0,179
1,185
2,183
3,216
4,199
5,22
6,196
7,234
8,232
9,118
10,148
11,231
12,183
13,176
14,230
15,186
16,205
17,222
18,240
19,234
20,240
21,117
22,167
23,199
24,243
25,230
26,30
27,16
28,227
29,182
30,38
31,171
32,176
33,235
34,222
35,226
36,234
37,225
38,213
39,243
40,208
41,250
42,185
43,89
44,222
45,214
46,159
47,236
48,135
49,181
50,135
51,214
52,50
53,211
54,220
55,189
56,175
57,180
58,210
59,253
60,233
61,159
62,179
63,230
64,202
65,221
66,251
67,237
68,164
69,174
70,208
71,209
72,177
73,228
74,236
75,106
76,226
77,0
78,215
79,224
80,238
81,241
82,136
83,171
84,211
85,213
86,163
87,201
88,140
89,210
90,177
91,244
92,185
93,162
94,154
95,224
96,231
97,169
98,250
99,189
100,256
101,251
102,190
103,99
104,248
105,216
106,218
107,208
108,167
109,12
110,118
111,171
112,215
113,238
114,247
115,228
116,229
117,216
118,232
119,235
120,192
121,205
122,130
123,113
124,193
125,204
126,223
127,99
128,213
129,147
130,173
131,218
132,234
133,244
134,152
135,191
136,159
137,194
138,44
139,154
140,254
141,237
142,228
143,134
144,191
145,185
146,194
147,204
148,202
149,211
150,53
151,222
152,234
153,187
154,179
155,236
156,250
157,172
158,47
159,128
160,232
161,191
162,215
163,123
164,243
165,6
166,138
167,164
168,155
169,253
170,216
171,159
172,206
173,89
174,241
175,192
176,222
177,202
178,234
179,0
180,178
181,62
182,157
183,231
184,210
185,204
186,223
187,182
188,155
189,229
190,248
191,225
192,89
193,252
194,200
195,240
196,150
197,193
198,177
199,196
200,185
201,216
202,189
203,161
204,252
205,150
206,159
207,224
208,227
209,104
210,155
211,201
212,244
213,235
214,110
215,167
216,211
217,176
218,227
219,185
220,129
221,226
222,193
223,70
224,226
225,252
226,240
227,176
228,222
229,230
230,170
231,174
232,237
233,217
234,192
235,222
236,135
237,215
238,127
239,226
240,220
241,158
242,249
243,175
244,243
245,217
246,223
247,251
248,206
249,206
250,180
251,113
252,204
253,176
254,214
255,249
256,254
257,218
258,183
259,176
260,147
261,198
262,231
263,45
264,201
265,221
266,187
267,155
268,232
269,205
270,188
271,216
272,177
273,252
274,198
275,185
276,223
277,143
278,249
279,187
280,86
281,208
282,235
283,207
284,123
285,244
286,176
287,217
288,216
289,216
290,185
291,225
292,176
293,114
294,210
295,172
296,117
297,95
298,105
299,223
300,170
301,184
302,243
303,178
304,229
305,229
306,144
307,215
308,219
309,249
310,215
311,167
312,170
313,249
314,253
315,166
316,113
317,129
318,226
319,183
320,222
321,65
322,180
323,223
324,202
325,227
326,86
327,249
328,203
329,87
330,236
331,252
332,97
333,215
334,224
335,224
336,174
337,208
338,219
339,130
340,137
341,250
342,236
343,204
344,182
345,172
346,155
347,123
348,2
349,47
350,108
351,196
352,95
353,143
354,205
355,220
356,190
357,234
358,226
359,143
360,204
361,179
362,216
363,139
364,230
365,196
366,202
367,237
368,240
369,53
370,175
371,205
372,118
373,174
374,248
375,131
376,213
377,234
378,121
379,196
380,189
381,110
382,151
383,212
384,187
385,252
386,195
387,97
388,182
389,224
390,240
391,207
392,241
393,141
394,163
395,0
396,223
397,214
398,177
399,233
400,74
401,171
402,216
403,176
404,166
405,215
406,232
407,48
408,195
409,232
410,195
411,167
412,235
413,251
414,216
415,99
416,114
417,109
418,215
419,114
420,226
421,192
422,220
423,245
424,210
425,238
426,229
427,87
428,152
429,170
430,228
431,235
432,214
433,245
434,195
435,167
436,185
437,231
438,189
439,223
440,191
441,122
442,193
443,179
444,170
445,179
446,2
447,209
448,128
449,227
450,74
451,182
452,202
453,166
454,239
455,221
456,207
457,245
458,218
459,252
460,239
461,244
462,250
463,202
464,225
465,178
466,156
467,168
468,131
469,154
470,126
471,184
472,177
473,135
474,192
475,239
476,210
477,161
478,231
479,145
480,164
481,249
482,247
483,247
484,133
485,168
486,225
487,0
488,157
489,235
490,172
491,148
492,198
493,16
494,177
495,169
496,231
497,225
498,241
499,235
500,202
501,171
502,249
503,244
504,146
505,231
506,132
507,205
508,141
509,1
510,231
511,228
512,228
513,251
514,157
515,239
516,187
517,156
518,124
519,215
520,90
521,229
522,175
523,94
524,199
525,234
526,220
527,224
528,231
529,224
530,185
531,216
532,49
533,181
534,251
535,83
536,231
537,229
538,130
539,54
540,164
541,247
542,215
543,188
544,226
545,144
546,183
547,153
548,102
549,256
550,178
551,114
552,226
553,138
554,84
555,206
556,0
557,235
558,143
559,194
560,117
561,205
562,193
563,113
564,220
565,191
566,251
567,253
568,221
569,245
570,221
571,126
572,226
573,235
574,201
575,196
576,213
577,91
578,224
579,255
580,190
581,82
582,219
583,254
584,246
585,127
586,199
587,217
588,187
589,80
590,241
591,231
592,252
593,144
594,182
595,233
596,241
597,247
598,159
599,241
600,174
601,208
602,130
603,222
604,168
605,99
606,179
607,183
608,217
609,109
610,228
611,249
612,186
613,249
614,18
615,253
616,135
617,176
618,117
619,132
620,203
621,206
622,138
623,231
624,218
625,200
626,211
627,203
628,219
629,162
630,195
631,203
632,233
633,218
634,215
635,198
636,173
637,66
638,42
639,228
640,53
641,155
642,184
643,106
644,236
645,232
646,238
647,218
648,177
649,196
650,201
651,250
652,102
653,153
654,0
655,201
656,136
657,246
658,243
659,103
660,223
661,204
662,186
663,200
664,232
665,126
666,232
667,105
668,222
669,84
670,194
671,222
672,0
673,244
674,195
675,221
676,104
677,146
678,195
679,225
680,245
681,151
682,248
683,163
684,206
685,235
686,159
687,178
688,202
689,68
690,245
691,229
692,205
693,191
694,167
695,224
696,122
697,233
698,0
699,189
700,216
701,235
702,155
703,254
704,184
705,215
706,94
707,245
708,37
709,174
710,245
711,246
712,253
713,213
714,129
715,170
716,178
717,220
718,156
719,125
720,127
721,229
722,140
723,229
724,214
725,169
726,132
727,253
728,81
729,194
730,207
731,0
732,230
733,49
734,235
735,146
736,164
737,191
738,216
739,190
740,236
741,220
742,74
743,106
744,189
745,167
746,102
747,255
748,216
749,241
750,197
751,10
752,203
753,133
754,251
755,39
756,232
757,207
758,190
759,234
760,190
761,88
762,209
763,228
764,177
765,244
766,173
767,204
768,113
769,232
770,176
771,213
772,156
773,235
774,194
775,122
776,187
777,235
778,212
779,96
780,208
781,190
782,81
783,242
784,216
785,251
786,240
787,137
788,93
789,234
790,251
791,111
792,164
793,238
794,196
795,224
796,120
797,176
798,236
799,256
800,149
801,243
802,214
803,156
804,172
805,212
806,247
807,195
808,249
809,220
810,236
811,101
812,191
813,235
814,196
815,211
816,205
817,147
818,27
819,208
820,251
821,224
822,0
823,221
824,235
825,207
826,210
827,233
828,202
829,242
830,181
831,200
832,216
833,19
834,185
835,97
836,152
837,122
838,165
839,121
840,236
841,234
842,236
843,222
844,209
845,236
846,104
847,193
848,233
849,169
850,213
851,177
852,145
853,249
854,193
855,163
856,89
857,247
858,166
859,144
860,234
861,200
862,203
863,228
864,149
865,181
866,218
867,240
868,176
869,220
870,181
871,236
872,206
873,218
874,245
875,245
876,203
877,219
878,195
879,183
880,237
881,160
882,0
883,217
884,174
885,209
886,134
887,226
888,207
889,54
890,252
891,220
892,202
893,206
894,177
895,252
896,239
897,230
898,156
899,172
900,124
901,209
902,206
903,144
904,80
905,183
906,131
907,10
908,202
909,217
910,230
911,205
912,102
913,182
914,245
915,226
916,133
917,185
918,154
919,219
920,206
921,175
922,184
923,244
924,251
925,161
926,234
927,168
928,244
929,224
930,220
931,235
932,166
933,239
934,174
935,235
936,238
937,140
938,39
939,252
940,243
941,200
942,83
943,205
944,201
945,240
946,219
947,170
948,162
949,256
950,185
951,243
952,153
953,233
954,243
955,147
956,236
957,242
958,207
959,215
960,223
961,249
962,250
963,184
964,184
965,209
966,248
967,253
968,225
969,183
970,215
971,116
972,194
973,142
974,196
975,154
976,229
977,154
978,227
979,233
980,119
981,255
982,157
983,231
984,240
985,78
986,0
987,239
988,144
989,179
990,143
991,158
992,134
993,226
994,197
995,174
996,192
997,215
998,177
999,251
1000,247
1001,198
1002,250
1003,109
1004,192
1005,192
1006,171
1007,198
1008,153
1009,104
1010,66
1011,178
1012,248
1013,215
1014,232
1015,201
1016,215
1017,229
1018,191
1019,226
1020,207
1021,115
1022,241
1023,184
1024,112
1025,254
1026,120
1027,219
1028,248
1029,191
1030,196
1031,139
1032,91
1033,247
1034,186
1035,248
1036,67
1037,32
1038,197
1039,69
1040,191
1041,177
1042,137
1043,203
1044,144
1045,223
1046,194
1047,204
1048,172
1049,118
1050,226
1051,251
1052,219
1053,107
1054,143
1055,141
1056,186
1057,247
1058,101
1059,191
1060,215
1061,159
1062,211
1063,225
1064,201
1065,231
1066,66
1067,205
1068,230
1069,246
1070,250
1071,191
1072,140
1073,217
1074,70
1075,254
1076,230
1077,249
1078,216
1079,248
1080,144
1081,210
1082,150
1083,185
1084,223
1085,188
1086,155
1087,170
1088,79
1089,192
1090,127
1091,193
1092,59
1093,115
1094,132
1095,207
1096,89
1097,131
1098,113
1099,198
1100,215
1101,240
1102,132
1103,187
1104,235
1105,163
1106,175
1107,250
1108,236
1109,224
1110,253
1111,232
1112,249
1113,240
1114,145
1115,219
1116,192
1117,141
1118,185
1119,199
1120,230
1121,167
1122,142
1123,133
1124,133
1125,243
1126,0
1127,179
1128,108
1129,212
1130,248
1131,256
1132,207
1133,237
1134,63
1135,213
1136,159
1137,168
1138,163
1139,130
1140,236
1141,237
1142,234
1143,128
1144,85
1145,170
1146,189
1147,173
1148,178
1149,155
1150,156
1151,246
1152,101
1153,207
1154,243
1155,164
1156,253
1157,228
1158,226
1159,242
1160,185
1161,228
1162,178
1163,225
1164,120
1165,142
1166,236
1167,192
1168,171
1169,164
1170,238
1171,203
1172,176
1173,214
1174,198
1175,237
1176,162
1177,228
1178,189
1179,236
1180,109
1181,182
1182,175
1183,219
1184,176
1185,246
1186,256
1187,106
1188,190
1189,235
1190,237
1191,223
1192,197
1193,250
1194,247
1195,228
1196,167
1197,172
1198,156
1199,42
1200,70
1201,255
1202,224
1203,241
1204,53
1205,236
1206,221
1207,227
1208,153
1209,232
1210,191
1211,195
1212,213
1213,0
1214,249
1215,0
1216,228
1217,0
1218,198
1219,239
1220,245
1221,164
1222,113
1223,229
1224,138
1225,109
1226,197
1227,164
1228,36
1229,126
1230,159
1231,173
1232,135
1233,240
1234,55
1235,87
1236,134
1237,135
1238,205
1239,245
1240,188
1241,214
1242,207
1243,223
1244,172
1245,60
1246,254
1247,242
1248,179
1249,214
1250,170
1251,171
1252,178
1253,246
1254,214
1255,174
1256,220
1257,133
1258,212
1259,244
1260,238
1261,239
1262,116
1263,252
1264,212
1265,187
1266,196
1267,198
1268,190
1269,245
1270,147
1271,220
1272,221
1273,242
1274,109
1275,182
1276,47
1277,214
1278,214
1279,176
1280,166
1281,198
1282,118
1283,188
1284,246
1285,4
1286,176
1287,74
1288,159
1289,200
1290,144
1291,106
1292,157
1293,91
1294,220
1295,176
1296,238
1297,238
1298,164
1299,252
1300,39
1301,237
1302,197
1303,167
1304,216
1305,91
1306,88
1307,197
1308,153
1309,181
1310,216
1311,190
1312,212
1313,154
1314,217
1315,256
1316,222
1317,198
1318,194
1319,98
1320,190
1321,106
1322,212
1323,245
1324,19
1325,152
1326,173
1327,251
1328,189
1329,222
1330,213
1331,181
1332,255
1333,216
1334,240
1335,175
1336,168
1337,114
1338,196
1339,155
1340,248
1341,254
1342,208
1343,220
1344,233
1345,219
1346,197
1347,253
1348,158
1349,189
1350,226
1351,239
1352,155
1353,228
1354,232
1355,66
1356,158
1357,150
1358,199
1359,42
1360,233
1361,240
1362,211
1363,171
1364,156
1365,173
1366,63
1367,230
1368,188
1369,235
1370,243
1371,181
1372,252
1373,198
1374,189
1375,192
1376,212
1377,200
1378,33
1379,176
1380,200
1381,192
1382,195
1383,238
1384,14
1385,138
1386,153
1387,205
1388,44
1389,247
1390,219
1391,211
1392,112
1393,244
1394,216
1395,224
1396,197
1397,236
1398,125
1399,180
1400,75
1401,218
1402,165
1403,173
1404,153
1405,171
1406,255
1407,0
1408,146
1409,116
1410,185
1411,225
1412,229
1413,222
1414,173
1415,224
1416,63
1417,234
1418,137
1419,34
1420,218
1421,224
1422,199
1423,256
1424,182
1425,177
1426,243
1427,145
1428,155
1429,189
1430,215
1431,71
1432,160
1433,229
1434,193
1435,162
1436,242
1437,229
1438,130
1439,221
1440,204
1441,247
1442,151
1443,251
1444,167
1445,249
1446,238
1447,222
1448,222
1449,182
1450,193
1451,169
1452,237
1453,153
1454,224
1455,226
1456,239
1457,198
1458,220
1459,199
1460,98
1461,202
1462,239
1463,200
1464,82
1465,223
1466,248
1467,239
1468,162
1469,194
1470,105
1471,236
1472,222
1473,219
1474,0
1475,193
1476,130
1477,217
1478,184
1479,219
1480,203
1481,0
1482,221
1483,52
1484,206
1485,207
1486,171
1487,251
1488,174
1489,214
1490,195
1491,250
1492,182
1493,250
1494,92
1495,239
1496,229
1497,198
1498,151
1499,196
1500,60
1501,195
1502,145
1503,165
1504,129
1505,121
1506,0
1507,218
1508,246
1509,160
1510,94
1511,242
1512,64
1513,170
1514,230
1515,186
1516,199
1517,194
1518,233
1519,208
1520,190
1521,214
1522,242
1523,249
1524,145
1525,218
1526,229
1527,177
1528,166
1529,182
1530,167
1531,220
1532,102
1533,0
1534,131
1535,204
1536,209
1537,164
1538,149
1539,234
1540,189
1541,249
1542,250
1543,223
1544,200
1545,169
1546,244
1547,150
1548,141
1549,140
1550,120
1551,134
1552,223
1553,221
1554,95
1555,230
1556,78
1557,195
1558,210
1559,172
1560,185
1561,170
1562,255
1563,189
1564,240
1565,129
1566,235
1567,237
1568,224
1569,167
1570,242
1571,237
1572,195
1573,224
1574,181
1575,206
1576,166
1577,237
1578,206
1579,241
1580,234
1581,229
1582,161
1583,191
1584,102
1585,163
1586,240
1587,236
1588,224
1589,212
1590,242
1591,187
1592,161
1593,167
1594,166
1595,230
1596,217
1597,127
1598,189
1599,158
1600,188
1601,171
1602,185
1603,217
1604,183
1605,241
1606,93
1607,228
1608,132
1609,189
1610,84
1611,202
1612,254
1613,214
1614,228
1615,220
1616,157
1617,173
1618,182
1619,225
1620,233
1621,121
1622,192
1623,197
1624,154
1625,169
1626,150
1627,207
1628,232
1629,120
1630,235
1631,239
1632,192
1633,214
1634,51
1635,206
1636,174
1637,200
1638,80
1639,166
1640,168
1641,210
1642,237
1643,75
1644,162
1645,250
1646,125
1647,233
1648,230
1649,196
1650,240
1651,205
1652,142
1653,190
1654,73
1655,242
1656,130
1657,234
1658,81
1659,147
1660,138
1661,249
1662,164
1663,138
1664,188
1665,240
1666,129
1667,160
1668,197
1669,128
1670,225
1671,137
1672,211
1673,56
1674,218
1675,197
1676,223
1677,217
1678,216
1679,9
1680,128
1681,219
1682,226
1683,153
1684,186
1685,197
1686,237
1687,224
1688,246
1689,211
1690,226
1691,122
1692,146
1693,158
1694,198
1695,41
1696,214
1697,126
1698,221
1699,207
1700,224
1701,250
1702,250
1703,243
1704,256
1705,202
1706,246
1707,256
1708,232
1709,234
1710,187
1711,214
1712,160
1713,172
1714,144
1715,178
1716,133
1717,182
1718,217
1719,191
1720,219
1721,179
1722,214
1723,26
1724,256
1725,224
1726,165
1727,220
1728,216
1729,230
1730,127
1731,204
1732,220
1733,100
1734,141
1735,56
1736,203
1737,251
1738,164
1739,246
1740,211
1741,105
1742,255
1743,188
1744,166
1745,151
1746,161
1747,216
1748,210
1749,152
1750,219
1751,166
1752,158
1753,223
1754,246
1755,193
1756,213
1757,161
1758,233
1759,206
1760,101
1761,37
1762,249
1763,204
1764,195
1765,62
1766,250
1767,186
1768,160
1769,225
1770,0
1771,216
1772,25
1773,150
1774,122
1775,168
1776,78
1777,238
1778,104
1779,157
1780,254
1781,107
1782,211
1783,212
1784,175
1785,195
1786,208
1787,240
1788,175
1789,248
1790,168
1791,41
1792,95
1793,189
1794,0
1795,112
1796,223
1797,4
1798,147
1799,184
1800,198
1801,203
1802,175
1803,105
1804,144
1805,151
1806,90
1807,180
1808,201
1809,97
1810,161
1811,216
1812,222
1813,207
1814,165
1815,185
1816,123
1817,76
1818,78
1819,241
1820,206
1821,125
1822,193
1823,245
1824,217
1825,214
1826,228
1827,178
1828,188
1829,54
1830,92
1831,190
1832,197
1833,248
1834,74
1835,151
1836,229
1837,154
1838,225
1839,109
1840,231
1841,171
1842,243
1843,153
1844,251
1845,38
1846,163
1847,216
1848,57
1849,180
1850,237
1851,91
1852,219
1853,191
1854,113
1855,187
1856,160
1857,218
1858,240
1859,191
1860,144
1861,189
1862,144
1863,175
1864,196
1865,192
1866,180
1867,253
1868,199
1869,235
1870,205
1871,147
1872,0
1873,192
1874,188
1875,234
1876,97
1877,213
1878,244
1879,168
1880,167
1881,80
1882,214
1883,170
1884,245
1885,50
1886,73
1887,243
1888,146
1889,166
1890,223
1891,123
1892,127
1893,220
1894,253
1895,216
1896,197
1897,201
1898,181
1899,158
1900,194
1901,245
1902,212
1903,162
1904,209
1905,200
1906,211
1907,210
1908,190
1909,118
1910,200
1911,216
1912,199
1913,20
1914,135
1915,152
1916,221
1917,199
1918,125
1919,147
1920,233
1921,219
1922,214
1923,193
1924,24
1925,201
1926,213
1927,157
1928,152
1929,184
1930,147
1931,255
1932,235
1933,216
1934,206
1935,242
1936,196
1937,199
1938,0
1939,115
1940,145
1941,224
1942,202
1943,169
1944,244
1945,210
1946,115
1947,211
1948,245
1949,114
1950,160
1951,124
1952,190
1953,20
1954,237
1955,102
1956,201
1957,233
1958,130
1959,130
1960,172
1961,85
1962,154
1963,116
1964,50
1965,165
1966,212
1967,205
1968,241
1969,255
1970,245
1971,253
1972,189
1973,107
1974,227
1975,31
1976,189
1977,231
1978,185
1979,242
1980,181
1981,231
1982,214
1983,231
1984,226
1985,140
1986,237
1987,203
1988,236
1989,209
1990,239
1991,186
1992,240
1993,174
1994,40
1995,216
1996,97
1997,189
1998,206
1999,194
2000,201
2001,227
2002,212
2003,198
2004,163
2005,180
2006,219
2007,229
2008,204
2009,225
2010,219
2011,238
2012,240
2013,223
2014,177
2015,156
2016,227
2017,209
2018,202
2019,234
2020,193
2021,239
2022,128
2023,221
2024,198
2025,241
2026,226
2027,126
2028,214
2029,106
2030,254
2031,226
2032,232
2033,223
2034,171
2035,226
2036,110
2037,139
2038,158
2039,196
2040,129
2041,231
2042,0
2043,177
2044,244
2045,127
2046,256
2047,246
2048,179
2049,165
2050,23
2051,157
2052,123
2053,201
2054,212
2055,228
2056,226
2057,229
2058,216
2059,213
2060,122
2061,222
2062,22
2063,0
2064,70
2065,244
2066,227
2067,75
2068,13
2069,92
2070,184
2071,214
2072,158
2073,226
2074,252
2075,243
2076,147
2077,133
2078,240
2079,121
2080,211
2081,235
2082,228
2083,186
2084,219
2085,131
2086,149
2087,167
2088,217
2089,236
2090,132
2091,254
2092,186
2093,234
2094,204
2095,190
2096,241
2097,175
2098,166
2099,126
2100,196
2101,248
2102,182
2103,156
2104,188
2105,148
2106,243
2107,221
2108,152
2109,244
2110,179
2111,202
2112,134
2113,172
2114,214
2115,235
2116,208
2117,240
2118,230
2119,246
2120,154
2121,17
2122,212
2123,160
2124,224
2125,226
2126,165
2127,144
2128,138
2129,162
2130,232
2131,148
2132,156
2133,137
2134,157
2135,193
2136,226
2137,87
2138,256
2139,210
2140,174
2141,234
2142,197
2143,230
2144,226
2145,233
2146,181
2147,189
2148,220
2149,208
2150,187
2151,254
2152,163
2153,240
2154,238
2155,246
2156,244
2157,214
2158,161
2159,148
2160,91
2161,183
2162,12
2163,218
2164,235
2165,169
2166,233
2167,161
2168,184
2169,252
2170,227
2171,192
2172,91
2173,133
2174,155
2175,128
2176,241
2177,250
2178,211
2179,213
2180,256
2181,154
2182,177
2183,155
2184,142
2185,205
2186,103
2187,0
2188,205
2189,218
2190,160
2191,217
2192,171
2193,74
2194,245
2195,119
2196,78
2197,219
2198,72
2199,142
2200,146
2201,190
2202,238
2203,0
2204,167
2205,175
2206,244
2207,150
2208,166
2209,166
2210,146
2211,243
2212,137
2213,152
2214,219
2215,256
2216,221
2217,228
2218,209
2219,163
2220,180
2221,242
2222,219
2223,173
2224,48
2225,216
2226,222
2227,111
2228,155
2229,144
2230,243
2231,228
2232,109
2233,172
2234,157
2235,235
2236,126
2237,243
2238,212
2239,155
2240,116
2241,188
2242,190
2243,216
2244,136
2245,177
2246,172
2247,221
2248,213
2249,144
2250,233
2251,255
2252,132
2253,208
2254,250
2255,216
2256,119
2257,218
2258,178
2259,0
2260,212
2261,210
2262,229
2263,85
2264,243
2265,38
2266,224
2267,222
2268,0
2269,156
2270,153
2271,20
2272,250
2273,157
2274,225
2275,81
2276,256
2277,240
2278,134
2279,162
2280,231
2281,116
2282,172
2283,113
2284,252
2285,239
2286,126
2287,185
2288,229
2289,216
2290,200
2291,194
2292,243
2293,117
2294,143
2295,159
2296,156
2297,166
2298,251
2299,237
2300,192
2301,199
2302,250
2303,243
2304,237
2305,234
2306,166
2307,148
2308,195
2309,214
2310,179
2311,135
2312,245
2313,214
2314,253
2315,256
2316,184
2317,0
2318,132
2319,215
2320,194
2321,188
2322,242
2323,249
2324,244
2325,201
2326,139
2327,211
2328,71
2329,224
2330,185
2331,166
2332,198
2333,182
2334,221
2335,147
2336,133
2337,222
2338,229
2339,144
2340,234
2341,187
2342,256
2343,199
2344,211
2345,207
2346,234
2347,199
2348,242
2349,214
2350,167
2351,241
2352,23
2353,80
2354,149
2355,244
2356,222
2357,206
2358,205
2359,72
2360,227
2361,76
2362,128
2363,223
2364,217
2365,189
2366,108
2367,245
2368,139
2369,105
2370,238
2371,208
2372,139
2373,245
2374,227
2375,192
2376,220
2377,0
2378,255
2379,252
2380,206
2381,184
2382,81
2383,235
2384,218
2385,218
2386,171
2387,203
2388,223
2389,148
2390,237
2391,95
2392,174
2393,209
2394,114
2395,140
2396,155
2397,247
2398,162
2399,228
