0,18
1,244
2,238
3,186
4,219
5,147
6,193
7,75
8,199
9,125
10,153
11,203
12,228
13,226
14,246
15,164
16,130
17,224
18,164
19,78
20,139
21,170
22,152
23,191
24,74
25,120
26,184
27,146
28,135
29,240
30,216
31,157
32,165
33,167
34,120
35,41
36,229
37,186
38,229
39,241
40,148
41,224
42,167
43,78
44,197
45,234
46,216
47,206
48,158
49,74
50,175
51,137
52,241
53,245
54,213
55,176
56,197
57,164
58,189
59,140
60,80
61,184
62,148
63,203
64,214
65,86
66,222
67,172
68,122
69,163
70,143
71,201
72,220
73,213
74,147
75,132
76,126
77,149
78,191
79,207
80,219
81,176
82,199
83,203
84,189
85,145
86,195
87,248
88,214
89,208
90,146
91,159
92,106
93,233
94,163
95,176
96,116
97,136
98,208
99,224
100,181
101,238
102,199
103,232
104,131
105,172
106,184
107,178
108,165
109,120
110,224
111,205
112,218
113,20
114,212
115,185
116,95
117,168
118,214
119,188
120,204
121,17
122,196
123,226
124,194
125,146
126,171
127,196
128,187
129,88
130,186
131,196
132,210
133,117
134,191
135,161
136,66
137,221
138,188
139,196
140,124
141,226
142,86
143,179
144,203
145,194
146,179
147,206
148,96
149,212
150,107
151,125
152,160
153,164
154,147
155,227
156,242
157,113
158,201
159,188
160,194
161,168
162,114
163,147
164,230
165,238
166,170
167,221
168,166
169,232
170,192
171,174
172,168
173,239
174,126
175,139
176,204
177,81
178,143
179,186
180,158
181,178
182,54
183,102
184,180
185,181
186,146
187,226
188,81
189,173
190,97
191,241
192,199
193,141
194,145
195,214
196,157
197,222
198,244
199,180
200,153
201,225
202,218
203,197
204,189
205,190
206,199
207,185
208,209
209,234
210,168
211,212
212,205
213,215
214,204
215,216
216,205
217,60
218,192
219,207
220,205
221,179
222,243
223,181
224,202
225,215
226,181
227,240
228,209
229,219
230,88
231,208
232,119
233,151
234,121
235,91
236,175
237,139
238,158
239,232
240,147
241,138
242,239
243,210
244,147
245,223
246,190
247,56
248,218
249,170
250,178
251,200
252,182
253,124
254,190
255,172
256,225
257,172
258,194
259,239
260,219
261,101
262,176
263,198
264,144
265,190
266,144
267,189
268,163
269,210
270,235
271,81
272,111
273,161
274,115
275,216
276,153
277,178
278,168
279,160
280,100
281,232
282,132
283,156
284,201
285,99
286,143
287,168
288,197
289,174
290,210
291,234
292,235
293,207
294,176
295,238
296,153
297,185
298,208
299,216
300,197
301,180
302,218
303,180
304,203
305,232
306,235
307,143
308,210
309,180
310,237
311,95
312,180
313,90
314,145
315,153
316,182
317,229
318,169
319,84
320,142
321,126
322,212
323,229
324,227
325,162
326,218
327,239
328,232
329,144
330,161
331,196
332,246
333,216
334,215
335,202
336,167
337,207
338,159
339,206
340,245
341,124
342,132
343,145
344,105
345,159
346,165
347,161
348,246
349,157
350,249
351,199
352,143
353,98
354,194
355,211
356,198
357,159
358,215
359,192
360,144
361,174
362,179
363,158
364,141
365,208
366,93
367,201
368,227
369,183
370,227
371,195
372,235
373,135
374,127
375,169
376,171
377,153
378,160
379,188
380,148
381,157
382,60
383,150
384,231
385,131
386,109
387,233
388,116
389,240
390,166
391,190
392,229
393,129
394,139
395,239
396,229
397,216
398,239
399,120
400,172
401,119
402,240
403,245
404,193
405,133
406,96
407,145
408,202
409,224
410,239
411,227
412,208
413,136
414,90
415,206
416,237
417,248
418,159
419,198
420,163
421,129
422,164
423,131
424,203
425,228
426,128
427,221
428,194
429,139
430,241
431,228
432,111
433,227
434,168
435,122
436,170
437,214
438,207
439,188
440,125
441,226
442,141
443,136
444,187
445,106
446,193
447,185
448,227
449,216
450,216
451,151
452,251
453,141
454,231
455,158
456,216
457,226
458,209
459,193
460,232
461,138
462,178
463,231
464,241
465,130
466,121
467,190
468,190
469,247
470,128
471,228
472,171
473,121
474,176
475,169
476,235
477,176
478,142
479,245
480,194
481,158
482,197
483,214
484,82
485,226
486,122
487,222
488,248
489,105
490,223
491,231
492,142
493,207
494,103
495,249
496,220
497,233
498,154
499,174
500,222
501,240
502,235
503,242
504,165
505,184
506,195
507,185
508,205
509,213
510,118
511,229
512,216
513,129
514,183
515,246
516,231
517,163
518,235
519,234
520,215
521,165
522,125
523,235
524,180
525,240
526,192
527,165
528,210
529,213
530,223
531,225
532,164
533,221
534,223
535,195
536,232
537,140
538,243
539,209
540,203
541,185
542,138
543,194
544,229
545,183
546,165
547,234
548,211
549,167
550,140
551,180
552,175
553,158
554,248
555,213
556,167
557,222
558,125
559,232
560,228
561,247
562,155
563,226
564,155
565,221
566,138
567,224
568,223
569,206
570,214
571,235
572,196
573,201
574,238
575,164
576,224
577,238
578,194
579,239
580,214
581,246
582,198
583,160
584,187
585,147
586,204
587,219
588,186
589,233
590,223
591,162
592,194
593,161
594,125
595,144
596,208
597,236
598,156
599,145
600,142
601,239
602,103
603,107
604,152
605,235
606,154
607,159
608,196
609,124
610,135
611,192
612,191
613,97
614,227
615,123
616,11
617,166
618,236
619,174
620,86
621,197
622,226
623,182
624,130
625,200
626,196
627,216
628,227
629,147
630,224
631,224
632,133
633,162
634,205
635,212
636,235
637,176
638,187
639,116
640,211
641,177
642,235
643,181
644,191
645,151
646,234
647,196
648,205
649,80
650,140
651,213
652,207
653,223
654,185
655,210
656,137
657,207
658,194
659,216
660,138
661,219
662,186
663,190
664,190
665,192
666,235
667,215
668,135
669,212
670,132
671,156
672,193
673,178
674,242
675,205
676,203
677,176
678,154
679,82
680,217
681,162
682,168
683,216
684,221
685,211
686,158
687,227
688,210
689,204
690,111
691,220
692,42
693,247
694,242
695,172
696,116
697,189
698,138
699,153
700,137
701,239
702,234
703,244
704,141
705,210
706,87
707,187
708,149
709,235
710,169
711,229
712,138
713,237
714,170
715,142
716,163
717,246
718,208
719,91
720,209
721,192
722,167
723,89
724,216
725,142
726,193
727,82
728,129
729,218
730,213
731,109
732,184
733,181
734,238
735,186
736,220
737,167
738,198
739,78
740,191
741,220
742,125
743,245
744,223
745,123
746,203
747,67
748,160
749,200
750,99
751,199
752,204
753,187
754,215
755,220
756,204
757,217
758,243
759,155
760,203
761,252
762,245
763,229
764,228
765,218
766,239
767,157
768,219
769,195
770,237
771,83
772,234
773,192
774,134
775,244
776,199
777,236
778,221
779,244
780,170
781,215
782,103
783,194
784,145
785,189
786,92
787,185
788,114
789,227
790,193
791,120
792,111
793,217
794,230
795,98
796,116
797,242
798,114
799,133
800,233
801,177
802,189
803,236
804,244
805,152
806,120
807,206
808,215
809,205
810,220
811,211
812,179
813,148
814,207
815,206
816,119
817,173
818,239
819,201
820,169
821,168
822,229
823,208
824,204
825,181
826,229
827,152
828,247
829,212
830,206
831,205
832,146
833,222
834,177
835,170
836,202
837,162
838,248
839,232
840,113
841,154
842,187
843,216
844,153
845,121
846,137
847,240
848,199
849,220
850,208
851,64
852,94
853,166
854,183
855,148
856,199
857,245
858,190
859,227
860,219
861,162
862,201
863,180
864,177
865,237
866,226
867,241
868,245
869,242
870,166
871,207
872,222
873,186
874,180
875,225
876,181
877,199
878,176
879,191
880,104
881,200
882,211
883,168
884,194
885,153
886,227
887,243
888,184
889,238
890,208
891,103
892,153
893,204
894,181
895,162
896,184
897,65
898,186
899,207
900,184
901,142
902,213
903,162
904,231
905,140
906,215
907,156
908,191
909,161
910,139
911,219
912,114
913,212
914,150
915,241
916,198
917,176
918,185
919,99
920,176
921,154
922,153
923,180
924,199
925,173
926,154
927,200
928,123
929,212
930,117
931,124
932,158
933,219
934,182
935,174
936,177
937,232
938,193
939,115
940,176
941,219
942,170
943,161
944,219
945,142
946,201
947,129
948,202
949,145
950,179
951,153
952,220
953,235
954,192
955,244
956,202
957,205
958,152
959,59
960,192
961,237
962,123
963,224
964,189
965,105
966,132
967,190
968,155
969,217
970,228
971,190
972,184
973,88
974,181
975,151
976,199
977,134
978,215
979,239
980,211
981,218
982,157
983,165
984,166
985,237
986,194
987,220
988,238
989,125
990,244
991,170
992,175
993,206
994,221
995,201
996,183
997,240
998,148
999,221
1000,217
1001,141
1002,171
1003,245
1004,219
1005,238
1006,158
1007,195
1008,199
1009,184
1010,230
1011,193
1012,179
1013,209
1014,213
1015,226
1016,147
1017,199
1018,219
1019,245
1020,223
1021,247
1022,144
1023,179
1024,132
1025,219
1026,206
1027,107
1028,202
1029,192
1030,229
1031,149
1032,131
1033,157
1034,207
1035,197
1036,228
1037,175
1038,229
1039,171
1040,194
1041,126
1042,201
1043,167
1044,167
1045,218
1046,207
1047,150
1048,233
1049,147
1050,203
1051,199
1052,198
1053,186
1054,189
1055,193
1056,239
1057,211
1058,162
1059,208
1060,232
1061,168
1062,206
1063,178
1064,212
1065,220
1066,171
1067,236
1068,244
1069,211
1070,225
1071,202
1072,123
1073,232
1074,239
1075,188
1076,221
1077,197
1078,155
1079,183
1080,234
1081,162
1082,177
1083,122
1084,209
1085,225
1086,216
1087,130
1088,209
1089,155
1090,226
1091,182
1092,208
1093,172
1094,211
1095,239
1096,117
1097,223
1098,217
1099,215
1100,205
1101,227
1102,237
1103,220
1104,168
1105,219
1106,212
1107,154
1108,225
1109,207
1110,194
1111,163
1112,120
1113,230
1114,227
1115,151
1116,225
1117,178
1118,192
1119,156
1120,222
1121,209
1122,162
1123,131
1124,168
1125,170
1126,245
1127,219
1128,176
1129,202
1130,167
1131,240
1132,166
1133,240
1134,169
1135,194
1136,227
1137,193
1138,248
1139,185
1140,247
1141,193
1142,205
1143,132
1144,112
1145,146
1146,66
1147,251
1148,159
1149,215
1150,72
1151,232
1152,186
1153,178
1154,164
1155,197
1156,196
1157,223
1158,210
1159,227
1160,168
1161,235
1162,94
1163,248
1164,158
1165,236
1166,183
1167,221
1168,236
1169,208
1170,186
1171,196
1172,213
1173,196
1174,241
1175,248
1176,219
1177,198
1178,247
1179,127
1180,148
1181,128
1182,144
1183,146
1184,223
1185,239
1186,224
1187,195
1188,114
1189,223
1190,223
1191,145
1192,246
1193,217
1194,230
1195,248
1196,212
1197,189
1198,154
1199,235
1200,182
1201,248
1202,136
1203,215
1204,214
1205,178
1206,135
1207,182
1208,118
1209,210
1210,179
1211,215
1212,213
1213,211
1214,78
1215,155
1216,139
1217,190
1218,134
1219,249
1220,201
1221,193
1222,84
1223,111
1224,169
1225,78
1226,248
1227,114
1228,152
1229,243
1230,122
1231,61
1232,162
1233,183
1234,150
1235,188
1236,186
1237,189
1238,160
1239,211
1240,186
1241,167
1242,125
1243,231
1244,233
1245,248
1246,227
1247,151
1248,241
1249,175
1250,233
1251,185
1252,185
1253,188
1254,129
1255,135
1256,186
1257,242
1258,170
1259,126
1260,161
1261,221
1262,123
1263,250
1264,188
1265,161
1266,60
1267,106
1268,237
1269,211
1270,239
1271,200
1272,182
1273,223
1274,247
1275,227
1276,153
1277,92
1278,217
1279,250
1280,220
1281,146
1282,233
1283,156
1284,155
1285,76
1286,180
1287,7
1288,158
1289,187
1290,235
1291,226
1292,103
1293,206
1294,137
1295,138
1296,244
1297,125
1298,190
1299,99
1300,247
1301,158
1302,240
1303,145
1304,198
1305,232
1306,217
1307,234
1308,106
1309,165
1310,150
1311,165
1312,97
1313,233
1314,229
1315,219
1316,121
1317,197
1318,141
1319,214
1320,133
1321,96
1322,170
1323,241
1324,78
1325,147
1326,161
1327,109
1328,148
1329,223
1330,188
1331,93
1332,148
1333,156
1334,163
1335,156
1336,122
1337,139
1338,69
1339,213
1340,106
1341,189
1342,221
1343,196
1344,136
1345,105
1346,247
1347,127
1348,216
1349,172
1350,230
1351,51
1352,184
1353,54
1354,222
1355,102
1356,218
1357,211
1358,158
1359,168
1360,232
1361,127
1362,187
1363,104
1364,243
1365,242
1366,161
1367,178
1368,165
1369,125
1370,214
1371,206
1372,86
1373,149
1374,240
1375,243
1376,135
1377,203
1378,157
1379,224
1380,214
1381,132
1382,215
1383,230
1384,227
1385,122
1386,241
1387,218
1388,27
1389,56
1390,85
1391,223
1392,174
1393,171
1394,190
1395,118
1396,141
1397,101
1398,194
1399,177
1400,197
1401,209
1402,152
1403,217
1404,227
1405,152
1406,202
1407,140
1408,135
1409,216
1410,179
1411,210
1412,219
1413,200
1414,234
1415,117
1416,167
1417,134
1418,247
1419,200
1420,167
1421,224
1422,246
1423,124
1424,147
1425,248
1426,53
1427,127
1428,208
1429,196
1430,70
1431,199
1432,206
1433,126
1434,142
1435,241
1436,170
1437,144
1438,236
1439,244
1440,237
1441,98
1442,158
1443,242
1444,220
1445,224
1446,157
1447,161
1448,183
1449,125
1450,79
1451,190
1452,201
1453,111
1454,237
1455,247
1456,187
1457,88
1458,168
1459,162
1460,202
1461,216
1462,96
1463,164
1464,118
1465,192
1466,214
1467,224
1468,231
1469,181
1470,116
1471,181
1472,140
1473,160
1474,224
1475,203
1476,200
1477,144
1478,218
1479,175
1480,172
1481,155
1482,237
1483,231
1484,222
1485,120
1486,246
1487,184
1488,244
1489,232
1490,196
1491,54
1492,231
1493,218
1494,250
1495,234
1496,249
1497,219
1498,231
1499,172
1500,156
1501,204
1502,199
1503,165
1504,161
1505,167
1506,139
1507,149
1508,186
1509,181
1510,147
1511,189
1512,163
1513,134
1514,153
1515,234
1516,203
1517,211
1518,226
1519,104
1520,199
1521,240
1522,185
1523,84
1524,164
1525,225
1526,209
1527,209
1528,195
1529,230
1530,171
1531,136
1532,174
1533,238
1534,155
1535,117
1536,150
1537,176
1538,131
1539,222
1540,187
1541,234
1542,112
1543,224
1544,142
1545,136
1546,187
1547,168
1548,89
1549,198
1550,57
1551,112
1552,170
1553,183
1554,201
1555,168
1556,145
1557,219
1558,196
1559,168
1560,230
1561,122
1562,245
1563,163
1564,144
1565,179
1566,119
1567,204
1568,242
1569,93
1570,190
1571,201
1572,242
1573,237
1574,197
1575,246
1576,140
1577,159
1578,104
1579,236
1580,215
1581,152
1582,88
1583,232
1584,188
1585,198
1586,200
1587,160
1588,202
1589,146
1590,235
1591,235
1592,209
1593,202
1594,182
1595,42
1596,159
1597,144
1598,134
1599,129
1600,225
1601,212
1602,168
1603,173
1604,239
1605,220
1606,218
1607,166
1608,240
1609,207
1610,252
1611,196
1612,209
1613,226
1614,188
1615,159
1616,235
1617,145
1618,180
1619,175
1620,148
1621,211
1622,242
1623,189
1624,208
1625,196
1626,145
1627,118
1628,234
1629,208
1630,173
1631,221
1632,205
1633,196
1634,190
1635,234
1636,195
1637,238
1638,113
1639,218
1640,220
1641,174
1642,198
1643,191
1644,225
1645,212
1646,222
1647,253
1648,254
1649,250
1650,244
1651,251
1652,182
1653,172
1654,149
1655,249
1656,207
1657,172
1658,248
1659,230
1660,234
1661,159
1662,199
1663,220
1664,164
1665,249
1666,158
1667,204
1668,149
1669,170
1670,206
1671,197
1672,249
1673,255
1674,202
1675,245
1676,220
1677,234
1678,183
1679,139
1680,230
1681,156
1682,218
1683,199
1684,173
1685,239
1686,169
1687,232
1688,241
1689,166
1690,124
1691,137
1692,218
1693,169
1694,110
1695,179
1696,189
1697,28
1698,221
1699,249
1700,154
1701,224
1702,154
1703,233
1704,230
1705,196
1706,232
1707,137
1708,162
1709,236
1710,197
1711,222
1712,133
1713,155
1714,88
1715,222
1716,229
1717,197
1718,122
1719,227
1720,188
1721,146
1722,217
1723,50
1724,86
1725,190
1726,241
1727,185
1728,183
1729,148
1730,126
1731,230
1732,161
1733,214
1734,158
1735,202
1736,141
1737,191
1738,205
1739,230
1740,108
1741,150
1742,160
1743,236
1744,250
1745,149
1746,155
1747,125
1748,185
1749,179
1750,102
1751,156
1752,142
1753,89
1754,192
1755,222
1756,230
1757,153
1758,237
1759,201
1760,110
1761,38
1762,224
1763,166
1764,218
1765,141
1766,134
1767,166
1768,232
1769,151
1770,204
1771,147
1772,147
1773,182
1774,119
1775,245
1776,243
1777,167
1778,114
1779,182
1780,222
1781,203
1782,109
1783,24
1784,202
1785,131
1786,99
1787,216
1788,212
1789,104
1790,241
1791,245
1792,220
1793,119
1794,210
1795,233
1796,160
1797,193
1798,219
1799,202
1800,178
1801,225
1802,234
1803,138
1804,224
1805,222
1806,210
1807,205
1808,218
1809,234
1810,190
1811,208
1812,158
1813,248
1814,155
1815,176
1816,202
1817,187
1818,164
1819,101
1820,179
1821,212
1822,194
1823,154
1824,212
1825,164
1826,145
1827,195
1828,196
1829,231
1830,213
1831,233
1832,217
1833,148
1834,80
1835,216
1836,163
1837,148
1838,240
1839,216
1840,236
1841,217
1842,215
1843,148
1844,163
1845,100
1846,71
1847,169
1848,217
1849,120
1850,184
1851,200
1852,211
1853,163
1854,182
1855,171
1856,195
1857,240
1858,189
1859,213
1860,227
1861,118
1862,158
1863,235
1864,246
1865,132
1866,232
1867,245
1868,115
1869,248
1870,236
1871,203
1872,184
1873,211
1874,220
1875,237
1876,162
1877,155
1878,205
1879,172
1880,244
1881,161
1882,249
1883,224
1884,160
1885,219
1886,196
1887,125
1888,179
1889,175
1890,237
1891,120
1892,252
1893,240
1894,201
1895,247
1896,124
1897,189
1898,200
1899,176
1900,126
1901,234
1902,160
1903,205
1904,172
1905,212
1906,66
1907,140
1908,239
1909,158
1910,168
1911,250
1912,193
1913,105
1914,109
1915,243
1916,254
1917,238
1918,232
1919,144
1920,217
1921,181
1922,248
1923,200
1924,94
1925,192
1926,207
1927,153
1928,136
1929,174
1930,110
1931,127
1932,249
1933,180
1934,150
1935,255
1936,209
1937,190
1938,192
1939,172
1940,127
1941,238
1942,249
1943,185
1944,124
1945,162
1946,215
1947,224
1948,235
1949,231
1950,198
1951,203
1952,223
1953,194
1954,136
1955,155
1956,216
1957,186
1958,208
1959,206
1960,222
1961,153
1962,100
1963,146
1964,87
1965,219
1966,231
1967,193
1968,196
1969,248
1970,125
1971,203
1972,225
1973,128
1974,205
1975,204
1976,184
1977,177
1978,179
1979,196
1980,150
1981,234
1982,237
1983,232
1984,175
1985,208
1986,208
1987,254
1988,225
1989,246
1990,171
1991,140
1992,244
1993,234
1994,145
1995,236
1996,87
1997,154
1998,233
1999,203
2000,150
2001,111
2002,115
2003,132
2004,194
2005,175
2006,211
2007,244
2008,113
2009,63
2010,246
2011,134
2012,230
2013,226
2014,150
2015,128
2016,177
2017,249
2018,202
2019,225
2020,248
2021,142
2022,211
2023,247
2024,189
2025,86
2026,214
2027,202
2028,165
2029,79
2030,227
2031,211
2032,37
2033,221
2034,143
2035,201
2036,232
2037,160
2038,243
2039,182
2040,209
2041,121
2042,178
2043,240
2044,144
2045,99
2046,234
2047,87
2048,83
2049,164
2050,216
2051,139
2052,115
2053,149
2054,232
2055,236
2056,0
2057,141
2058,204
2059,234
2060,167
2061,152
2062,171
2063,152
2064,205
2065,192
2066,230
2067,138
2068,134
2069,102
2070,203
2071,243
2072,117
2073,215
2074,206
2075,224
2076,231
2077,211
2078,165
2079,168
2080,206
2081,147
2082,139
2083,205
2084,221
2085,161
2086,185
2087,188
2088,226
2089,224
2090,185
2091,90
2092,239
2093,119
2094,180
2095,234
2096,184
2097,188
2098,165
2099,151
2100,81
2101,194
2102,166
2103,166
2104,212
2105,192
2106,203
2107,171
2108,182
2109,164
2110,231
2111,113
2112,179
2113,74
2114,89
2115,212
2116,82
2117,140
2118,154
2119,248
2120,205
2121,228
2122,157
2123,197
2124,246
2125,50
2126,176
2127,240
2128,223
2129,90
2130,183
2131,239
2132,64
2133,221
2134,155
2135,16
2136,208
2137,164
2138,178
2139,94
2140,138
2141,147
2142,188
2143,216
2144,141
2145,184
2146,77
2147,239
2148,99
2149,86
2150,155
2151,203
2152,130
2153,172
2154,217
2155,212
2156,184
2157,186
2158,215
2159,199
2160,146
2161,162
2162,150
2163,181
2164,185
2165,238
2166,156
2167,2
2168,62
2169,250
2170,242
2171,111
2172,217
2173,184
2174,216
2175,199
2176,184
2177,228
2178,134
2179,240
2180,136
2181,237
2182,46
2183,172
2184,136
2185,217
2186,118
2187,230
2188,232
2189,151
2190,201
2191,39
2192,207
2193,114
2194,203
2195,125
2196,218
2197,125
2198,214
2199,172
2200,208
2201,66
2202,232
2203,164
2204,106
2205,238
2206,121
2207,134
2208,168
2209,94
2210,106
2211,178
2212,167
2213,97
2214,176
2215,218
2216,212
2217,173
2218,78
2219,88
2220,197
2221,126
2222,202
2223,227
2224,163
2225,196
2226,219
2227,148
2228,174
2229,208
2230,249
2231,118
2232,160
2233,229
2234,228
2235,194
2236,173
2237,168
2238,176
2239,210
2240,155
2241,245
2242,190
2243,219
2244,245
2245,213
2246,201
2247,195
2248,37
2249,98
2250,166
2251,196
2252,222
2253,158
2254,161
2255,193
2256,171
2257,75
2258,194
2259,151
2260,190
2261,189
2262,203
2263,207
2264,242
2265,174
2266,157
2267,212
2268,228
2269,89
2270,109
2271,240
2272,141
2273,218
2274,177
2275,208
2276,173
2277,118
2278,0
2279,140
2280,173
2281,157
2282,151
2283,154
2284,93
2285,250
2286,108
2287,200
2288,244
2289,200
2290,155
2291,214
2292,93
2293,189
2294,136
2295,242
2296,186
2297,210
2298,228
2299,106
2300,214
2301,162
2302,208
2303,242
2304,166
2305,148
2306,0
2307,70
2308,220
2309,199
2310,211
2311,199
2312,218
2313,226
2314,174
2315,143
2316,85
2317,172
2318,251
2319,136
2320,235
2321,215
2322,128
2323,206
2324,207
2325,219
2326,137
2327,238
2328,138
2329,246
2330,125
2331,200
2332,205
2333,188
2334,204
2335,231
2336,124
2337,130
2338,222
2339,194
2340,216
2341,213
2342,174
2343,169
2344,214
2345,228
2346,179
2347,200
2348,216
2349,214
2350,178
2351,122
2352,202
2353,168
2354,215
2355,172
2356,161
2357,163
2358,225
2359,185
2360,179
2361,136
2362,184
2363,76
2364,212
2365,161
2366,244
2367,106
2368,217
2369,232
2370,193
2371,40
2372,238
2373,188
2374,114
2375,144
2376,215
2377,125
2378,95
2379,243
2380,155
2381,197
2382,158
2383,222
2384,59
2385,157
2386,218
2387,222
2388,142
2389,139
2390,205
2391,203
2392,170
2393,162
2394,90
2395,190
2396,224
2397,136
2398,208
2399,206
