0,193
1,162
2,175
3,219
4,173
5,161
6,196
7,230
8,226
9,168
10,137
11,223
12,205
13,182
14,227
15,173
16,212
17,212
18,243
19,240
20,245
21,135
22,167
23,192
24,241
25,224
26,92
27,123
28,222
29,166
30,62
31,181
32,175
33,232
34,222
35,230
36,233
37,221
38,206
39,228
40,168
41,250
42,193
43,108
44,223
45,212
46,163
47,237
48,142
49,168
50,182
51,220
52,73
53,217
54,220
55,183
56,192
57,181
58,181
59,253
60,231
61,177
62,185
63,212
64,206
65,223
66,250
67,240
68,163
69,114
70,205
71,200
72,169
73,227
74,233
75,161
76,225
77,80
78,213
79,203
80,236
81,230
82,165
83,187
84,225
85,215
86,160
87,191
88,122
89,196
90,192
91,239
92,187
93,167
94,150
95,203
96,225
97,204
98,242
99,193
100,256
101,250
102,177
103,89
104,249
105,209
106,209
107,186
108,171
109,47
110,150
111,185
112,200
113,219
114,246
115,228
116,225
117,228
118,226
119,232
120,164
121,208
122,112
123,29
124,188
125,204
126,236
127,66
128,190
129,150
130,163
131,222
132,230
133,231
134,178
135,185
136,184
137,204
138,119
139,160
140,254
141,230
142,214
143,131
144,179
145,175
146,202
147,198
148,199
149,197
150,127
151,210
152,221
153,189
154,183
155,240
156,249
157,168
158,52
159,156
160,224
161,199
162,213
163,140
164,234
165,76
166,117
167,176
168,161
169,251
170,207
171,177
172,203
173,121
174,245
175,178
176,207
177,219
178,241
179,0
180,147
181,54
182,176
183,211
184,201
185,193
186,222
187,140
188,164
189,217
190,246
191,210
192,95
193,251
194,183
195,236
196,166
197,212
198,172
199,200
200,174
201,214
202,179
203,205
204,252
205,173
206,150
207,213
208,214
209,166
210,202
211,173
212,239
213,230
214,81
215,137
216,194
217,194
218,238
219,195
220,138
221,235
222,185
223,118
224,215
225,248
226,235
227,186
228,218
229,216
230,171
231,160
232,231
233,216
234,186
235,187
236,153
237,215
238,127
239,227
240,226
241,164
242,243
243,171
244,239
245,234
246,229
247,249
248,204
249,218
250,160
251,116
252,195
253,186
254,227
255,248
256,254
257,231
258,177
259,187
260,126
261,188
262,229
263,98
264,222
265,225
266,185
267,156
268,230
269,210
270,108
271,208
272,173
273,248
274,191
275,207
276,231
277,116
278,250
279,173
280,161
281,202
282,221
283,208
284,113
285,228
286,193
287,214
288,216
289,195
290,144
291,237
292,172
293,114
294,200
295,185
296,110
297,110
298,137
299,227
300,191
301,193
302,238
303,154
304,225
305,226
306,154
307,203
308,216
309,229
310,233
311,171
312,172
313,233
314,251
315,154
316,92
317,172
318,243
319,154
320,185
321,102
322,152
323,205
324,202
325,231
326,154
327,244
328,216
329,160
330,232
331,250
332,182
333,209
334,229
335,222
336,185
337,221
338,215
339,138
340,123
341,249
342,233
343,199
344,157
345,162
346,135
347,112
348,12
349,141
350,104
351,162
352,139
353,156
354,195
355,193
356,218
357,227
358,214
359,129
360,208
361,184
362,206
363,135
364,231
365,182
366,211
367,239
368,238
369,149
370,174
371,200
372,163
373,152
374,251
375,100
376,180
377,230
378,115
379,229
380,192
381,122
382,160
383,200
384,185
385,251
386,195
387,96
388,193
389,228
390,236
391,190
392,240
393,188
394,172
395,0
396,218
397,213
398,157
399,242
400,139
401,175
402,217
403,167
404,161
405,215
406,221
407,101
408,218
409,220
410,188
411,113
412,214
413,251
414,194
415,138
416,188
417,126
418,194
419,90
420,223
421,208
422,221
423,245
424,209
425,238
426,224
427,68
428,144
429,172
430,232
431,237
432,220
433,249
434,189
435,165
436,179
437,226
438,204
439,226
440,197
441,132
442,182
443,221
444,172
445,178
446,39
447,179
448,103
449,220
450,85
451,209
452,202
453,220
454,237
455,216
456,200
457,245
458,201
459,254
460,232
461,243
462,247
463,173
464,222
465,190
466,160
467,168
468,171
469,155
470,131
471,177
472,198
473,157
474,181
475,246
476,223
477,172
478,215
479,150
480,177
481,249
482,229
483,248
484,95
485,147
486,234
487,160
488,151
489,228
490,186
491,158
492,190
493,59
494,169
495,142
496,227
497,236
498,230
499,227
500,195
501,208
502,225
503,248
504,161
505,246
506,131
507,200
508,110
509,70
510,226
511,226
512,214
513,251
514,171
515,231
516,183
517,190
518,119
519,225
520,79
521,217
522,179
523,113
524,190
525,219
526,213
527,227
528,227
529,222
530,179
531,204
532,114
533,184
534,251
535,127
536,226
537,226
538,93
539,68
540,183
541,243
542,213
543,206
544,219
545,125
546,179
547,63
548,130
549,256
550,171
551,118
552,219
553,160
554,88
555,189
556,23
557,235
558,128
559,216
560,131
561,215
562,198
563,105
564,220
565,187
566,253
567,254
568,216
569,241
570,203
571,119
572,230
573,230
574,191
575,189
576,235
577,161
578,224
579,255
580,207
581,80
582,141
583,251
584,242
585,119
586,191
587,208
588,203
589,91
590,219
591,221
592,252
593,114
594,168
595,233
596,230
597,248
598,177
599,238
600,164
601,211
602,100
603,226
604,173
605,129
606,172
607,187
608,198
609,100
610,214
611,247
612,188
613,249
614,100
615,251
616,147
617,169
618,145
619,152
620,177
621,210
622,134
623,229
624,178
625,204
626,218
627,198
628,215
629,146
630,189
631,182
632,229
633,214
634,209
635,192
636,169
637,78
638,92
639,220
640,45
641,173
642,190
643,126
644,235
645,228
646,236
647,236
648,192
649,208
650,184
651,250
652,123
653,139
654,38
655,207
656,134
657,250
658,238
659,201
660,220
661,203
662,185
663,194
664,232
665,137
666,233
667,118
668,226
669,128
670,186
671,205
672,57
673,233
674,188
675,222
676,138
677,113
678,177
679,227
680,244
681,136
682,246
683,126
684,200
685,221
686,155
687,169
688,185
689,126
690,247
691,226
692,201
693,203
694,147
695,226
696,157
697,236
698,0
699,137
700,203
701,225
702,156
703,254
704,177
705,221
706,98
707,248
708,84
709,164
710,247
711,249
712,252
713,225
714,112
715,185
716,177
717,217
718,163
719,86
720,134
721,222
722,58
723,220
724,227
725,186
726,130
727,253
728,12
729,181
730,215
731,120
732,231
733,111
734,235
735,134
736,164
737,195
738,213
739,189
740,230
741,217
742,160
743,129
744,195
745,187
746,97
747,255
748,192
749,240
750,195
751,44
752,199
753,125
754,249
755,110
756,233
757,194
758,185
759,230
760,191
761,115
762,213
763,221
764,176
765,230
766,150
767,191
768,106
769,209
770,160
771,220
772,165
773,232
774,209
775,157
776,183
777,225
778,205
779,114
780,223
781,157
782,122
783,236
784,208
785,248
786,237
787,98
788,90
789,220
790,251
791,88
792,198
793,238
794,188
795,225
796,135
797,155
798,224
799,256
800,151
801,233
802,218
803,118
804,166
805,226
806,248
807,193
808,245
809,215
810,215
811,149
812,196
813,231
814,200
815,205
816,213
817,166
818,138
819,190
820,251
821,217
822,0
823,218
824,220
825,178
826,186
827,233
828,192
829,236
830,187
831,208
832,220
833,166
834,187
835,157
836,166
837,107
838,133
839,141
840,228
841,231
842,242
843,229
844,192
845,231
846,120
847,182
848,222
849,160
850,210
851,204
852,180
853,248
854,97
855,153
856,55
857,241
858,175
859,146
860,231
861,192
862,156
863,212
864,157
865,177
866,215
867,237
868,160
869,224
870,168
871,236
872,221
873,218
874,238
875,239
876,193
877,222
878,195
879,214
880,246
881,157
882,11
883,210
884,182
885,231
886,126
887,216
888,223
889,52
890,248
891,207
892,189
893,191
894,170
895,254
896,236
897,223
898,162
899,162
900,142
901,181
902,192
903,133
904,110
905,210
906,91
907,25
908,182
909,229
910,238
911,195
912,62
913,211
914,244
915,224
916,123
917,184
918,158
919,213
920,208
921,182
922,194
923,234
924,251
925,153
926,230
927,119
928,237
929,222
930,232
931,234
932,180
933,238
934,172
935,240
936,231
937,142
938,44
939,249
940,233
941,208
942,139
943,203
944,199
945,231
946,227
947,171
948,155
949,256
950,217
951,237
952,187
953,230
954,241
955,155
956,232
957,242
958,211
959,225
960,206
961,250
962,250
963,158
964,179
965,182
966,249
967,252
968,224
969,169
970,222
971,146
972,192
973,118
974,152
975,144
976,223
977,159
978,224
979,230
980,217
981,255
982,170
983,228
984,239
985,101
986,0
987,233
988,148
989,146
990,141
991,153
992,168
993,198
994,199
995,163
996,184
997,222
998,177
999,247
1000,241
1001,187
1002,245
1003,117
1004,186
1005,188
1006,169
1007,186
1008,129
1009,87
1010,129
1011,180
1012,246
1013,207
1014,225
1015,202
1016,212
1017,222
1018,180
1019,227
1020,203
1021,56
1022,234
1023,169
1024,171
1025,254
1026,208
1027,219
1028,246
1029,199
1030,224
1031,128
1032,106
1033,243
1034,218
1035,248
1036,73
1037,65
1038,190
1039,146
1040,189
1041,168
1042,178
1043,195
1044,123
1045,215
1046,177
1047,184
1048,172
1049,166
1050,216
1051,253
1052,214
1053,178
1054,152
1055,142
1056,176
1057,247
1058,137
1059,195
1060,220
1061,163
1062,212
1063,214
1064,197
1065,228
1066,105
1067,212
1068,215
1069,249
1070,249
1071,174
1072,154
1073,191
1074,157
1075,254
1076,220
1077,240
1078,209
1079,237
1080,169
1081,213
1082,133
1083,197
1084,216
1085,194
1086,160
1087,168
1088,208
1089,184
1090,126
1091,210
1092,130
1093,185
1094,99
1095,222
1096,157
1097,127
1098,138
1099,186
1100,206
1101,233
1102,126
1103,172
1104,239
1105,164
1106,188
1107,250
1108,220
1109,230
1110,254
1111,220
1112,242
1113,238
1114,148
1115,211
1116,220
1117,155
1118,181
1119,187
1120,231
1121,159
1122,164
1123,159
1124,128
1125,237
1126,166
1127,177
1128,67
1129,212
1130,250
1131,256
1132,218
1133,229
1134,115
1135,211
1136,172
1137,154
1138,226
1139,93
1140,242
1141,238
1142,236
1143,120
1144,128
1145,192
1146,201
1147,211
1148,165
1149,155
1150,80
1151,243
1152,137
1153,207
1154,240
1155,128
1156,253
1157,224
1158,211
1159,245
1160,181
1161,223
1162,208
1163,236
1164,105
1165,171
1166,240
1167,193
1168,143
1169,139
1170,236
1171,197
1172,196
1173,203
1174,199
1175,231
1176,117
1177,218
1178,183
1179,237
1180,93
1181,209
1182,164
1183,212
1184,171
1185,235
1186,256
1187,114
1188,182
1189,229
1190,232
1191,229
1192,191
1193,251
1194,245
1195,228
1196,183
1197,164
1198,167
1199,124
1200,80
1201,255
1202,230
1203,230
1204,58
1205,232
1206,208
1207,218
1208,120
1209,228
1210,210
1211,188
1212,199
1213,78
1214,245
1215,0
1216,216
1217,0
1218,191
1219,244
1220,240
1221,180
1222,117
1223,226
1224,128
1225,34
1226,191
1227,200
1228,65
1229,146
1230,167
1231,152
1232,164
1233,244
1234,89
1235,90
1236,175
1237,133
1238,203
1239,246
1240,184
1241,200
1242,198
1243,221
1244,164
1245,100
1246,254
1247,238
1248,182
1249,212
1250,172
1251,188
1252,167
1253,241
1254,210
1255,201
1256,210
1257,185
1258,202
1259,246
1260,231
1261,232
1262,173
1263,252
1264,204
1265,187
1266,182
1267,211
1268,185
1269,238
1270,204
1271,218
1272,214
1273,224
1274,90
1275,182
1276,112
1277,215
1278,211
1279,192
1280,140
1281,199
1282,114
1283,199
1284,236
1285,124
1286,160
1287,76
1288,171
1289,194
1290,130
1291,138
1292,206
1293,126
1294,220
1295,184
1296,235
1297,231
1298,142
1299,247
1300,81
1301,238
1302,224
1303,195
1304,197
1305,139
1306,124
1307,193
1308,163
1309,172
1310,174
1311,207
1312,219
1313,189
1314,213
1315,256
1316,217
1317,173
1318,174
1319,118
1320,177
1321,97
1322,202
1323,245
1324,38
1325,176
1326,164
1327,251
1328,184
1329,224
1330,199
1331,177
1332,255
1333,213
1334,242
1335,169
1336,192
1337,161
1338,180
1339,196
1340,247
1341,254
1342,194
1343,200
1344,219
1345,220
1346,206
1347,254
1348,164
1349,181
1350,227
1351,242
1352,150
1353,217
1354,230
1355,76
1356,160
1357,124
1358,184
1359,93
1360,235
1361,240
1362,229
1363,184
1364,165
1365,175
1366,56
1367,227
1368,178
1369,231
1370,237
1371,207
1372,248
1373,193
1374,185
1375,213
1376,203
1377,209
1378,18
1379,171
1380,201
1381,179
1382,197
1383,230
1384,78
1385,154
1386,168
1387,201
1388,100
1389,247
1390,204
1391,189
1392,121
1393,248
1394,217
1395,215
1396,177
1397,243
1398,126
1399,209
1400,145
1401,207
1402,218
1403,166
1404,235
1405,161
1406,255
1407,39
1408,132
1409,136
1410,188
1411,227
1412,225
1413,247
1414,197
1415,221
1416,99
1417,231
1418,154
1419,74
1420,231
1421,228
1422,196
1423,256
1424,182
1425,201
1426,240
1427,149
1428,185
1429,164
1430,234
1431,149
1432,174
1433,234
1434,206
1435,149
1436,241
1437,227
1438,130
1439,211
1440,214
1441,247
1442,173
1443,252
1444,154
1445,236
1446,223
1447,225
1448,224
1449,178
1450,201
1451,149
1452,235
1453,129
1454,230
1455,229
1456,238
1457,165
1458,201
1459,181
1460,126
1461,205
1462,222
1463,200
1464,44
1465,221
1466,248
1467,235
1468,167
1469,180
1470,105
1471,241
1472,224
1473,217
1474,0
1475,192
1476,124
1477,225
1478,154
1479,218
1480,192
1481,34
1482,229
1483,52
1484,195
1485,197
1486,175
1487,251
1488,163
1489,213
1490,209
1491,251
1492,169
1493,251
1494,164
1495,235
1496,217
1497,192
1498,138
1499,205
1500,70
1501,197
1502,147
1503,153
1504,125
1505,109
1506,112
1507,223
1508,247
1509,147
1510,65
1511,235
1512,91
1513,152
1514,222
1515,180
1516,174
1517,190
1518,233
1519,199
1520,199
1521,206
1522,237
1523,248
1524,136
1525,213
1526,228
1527,162
1528,166
1529,184
1530,162
1531,221
1532,119
1533,19
1534,140
1535,195
1536,229
1537,183
1538,170
1539,233
1540,184
1541,246
1542,248
1543,220
1544,200
1545,161
1546,236
1547,152
1548,129
1549,149
1550,153
1551,173
1552,212
1553,224
1554,92
1555,223
1556,84
1557,223
1558,213
1559,176
1560,176
1561,170
1562,254
1563,173
1564,243
1565,149
1566,233
1567,233
1568,220
1569,163
1570,245
1571,246
1572,190
1573,233
1574,189
1575,193
1576,174
1577,237
1578,182
1579,227
1580,230
1581,241
1582,175
1583,193
1584,110
1585,194
1586,240
1587,228
1588,225
1589,191
1590,231
1591,185
1592,189
1593,133
1594,177
1595,236
1596,214
1597,140
1598,193
1599,181
1600,173
1601,85
1602,198
1603,221
1604,185
1605,245
1606,102
1607,226
1608,139
1609,187
1610,134
1611,212
1612,253
1613,210
1614,222
1615,176
1616,161
1617,126
1618,186
1619,225
1620,210
1621,92
1622,194
1623,198
1624,150
1625,177
1626,175
1627,197
1628,215
1629,174
1630,235
1631,231
1632,203
1633,214
1634,145
1635,192
1636,144
1637,203
1638,129
1639,165
1640,172
1641,203
1642,244
1643,158
1644,160
1645,250
1646,108
1647,236
1648,224
1649,193
1650,238
1651,212
1652,132
1653,170
1654,108
1655,242
1656,127
1657,224
1658,73
1659,164
1660,160
1661,248
1662,185
1663,133
1664,186
1665,241
1666,72
1667,156
1668,201
1669,135
1670,213
1671,146
1672,214
1673,72
1674,209
1675,189
1676,208
1677,229
1678,199
1679,99
1680,107
1681,219
1682,218
1683,149
1684,173
1685,190
1686,231
1687,220
1688,244
1689,204
1690,232
1691,107
1692,149
1693,141
1694,164
1695,77
1696,228
1697,155
1698,215
1699,198
1700,194
1701,248
1702,251
1703,243
1704,256
1705,204
1706,237
1707,256
1708,230
1709,235
1710,198
1711,209
1712,178
1713,150
1714,133
1715,172
1716,137
1717,192
1718,217
1719,180
1720,219
1721,173
1722,214
1723,102
1724,256
1725,231
1726,192
1727,218
1728,203
1729,227
1730,137
1731,214
1732,214
1733,106
1734,158
1735,52
1736,203
1737,250
1738,162
1739,244
1740,220
1741,57
1742,252
1743,176
1744,170
1745,157
1746,164
1747,166
1748,222
1749,142
1750,221
1751,169
1752,167
1753,216
1754,242
1755,202
1756,200
1757,204
1758,241
1759,205
1760,86
1761,73
1762,250
1763,220
1764,156
1765,81
1766,244
1767,182
1768,145
1769,220
1770,0
1771,202
1772,17
1773,171
1774,116
1775,157
1776,90
1777,224
1778,106
1779,176
1780,254
1781,156
1782,206
1783,191
1784,80
1785,176
1786,195
1787,232
1788,180
1789,249
1790,200
1791,76
1792,99
1793,192
1794,117
1795,56
1796,222
1797,94
1798,166
1799,189
1800,214
1801,203
1802,180
1803,124
1804,148
1805,168
1806,54
1807,166
1808,205
1809,133
1810,144
1811,213
1812,223
1813,221
1814,180
1815,188
1816,129
1817,107
1818,92
1819,236
1820,216
1821,212
1822,208
1823,234
1824,225
1825,211
1826,221
1827,176
1828,171
1829,64
1830,117
1831,189
1832,210
1833,248
1834,138
1835,208
1836,213
1837,187
1838,208
1839,159
1840,231
1841,157
1842,242
1843,131
1844,252
1845,32
1846,132
1847,221
1848,123
1849,173
1850,233
1851,126
1852,215
1853,192
1854,144
1855,193
1856,163
1857,213
1858,236
1859,198
1860,163
1861,176
1862,132
1863,176
1864,159
1865,199
1866,176
1867,253
1868,218
1869,224
1870,197
1871,166
1872,24
1873,196
1874,205
1875,231
1876,137
1877,218
1878,238
1879,165
1880,146
1881,85
1882,208
1883,176
1884,245
1885,133
1886,103
1887,247
1888,159
1889,166
1890,223
1891,156
1892,117
1893,212
1894,252
1895,202
1896,204
1897,229
1898,190
1899,192
1900,184
1901,243
1902,199
1903,156
1904,205
1905,185
1906,224
1907,211
1908,202
1909,140
1910,202
1911,198
1912,218
1913,108
1914,138
1915,158
1916,218
1917,194
1918,106
1919,178
1920,231
1921,220
1922,227
1923,181
1924,111
1925,227
1926,223
1927,162
1928,158
1929,207
1930,147
1931,255
1932,235
1933,218
1934,191
1935,246
1936,200
1937,199
1938,102
1939,158
1940,161
1941,219
1942,209
1943,164
1944,244
1945,145
1946,125
1947,201
1948,243
1949,87
1950,143
1951,165
1952,215
1953,116
1954,240
1955,123
1956,185
1957,212
1958,164
1959,150
1960,169
1961,126
1962,172
1963,131
1964,54
1965,139
1966,207
1967,206
1968,248
1969,255
1970,241
1971,252
1972,185
1973,115
1974,224
1975,190
1976,193
1977,230
1978,197
1979,243
1980,175
1981,229
1982,234
1983,237
1984,214
1985,147
1986,240
1987,190
1988,235
1989,199
1990,243
1991,194
1992,240
1993,160
1994,64
1995,190
1996,102
1997,179
1998,151
1999,195
2000,190
2001,219
2002,210
2003,237
2004,161
2005,180
2006,204
2007,222
2008,199
2009,223
2010,226
2011,227
2012,236
2013,230
2014,154
2015,165
2016,223
2017,207
2018,206
2019,215
2020,193
2021,225
2022,76
2023,224
2024,184
2025,238
2026,220
2027,122
2028,200
2029,114
2030,254
2031,220
2032,224
2033,243
2034,185
2035,221
2036,130
2037,158
2038,174
2039,197
2040,127
2041,223
2042,42
2043,187
2044,240
2045,103
2046,256
2047,244
2048,186
2049,170
2050,63
2051,174
2052,155
2053,219
2054,229
2055,226
2056,222
2057,209
2058,202
2059,204
2060,86
2061,221
2062,90
2063,24
2064,83
2065,224
2066,235
2067,111
2068,116
2069,110
2070,192
2071,210
2072,200
2073,223
2074,252
2075,243
2076,156
2077,150
2078,232
2079,135
2080,208
2081,222
2082,212
2083,188
2084,217
2085,164
2086,127
2087,178
2088,206
2089,232
2090,149
2091,254
2092,185
2093,227
2094,209
2095,192
2096,240
2097,178
2098,218
2099,138
2100,181
2101,244
2102,188
2103,153
2104,192
2105,98
2106,241
2107,211
2108,192
2109,240
2110,175
2111,211
2112,135
2113,162
2114,212
2115,229
2116,197
2117,245
2118,221
2119,246
2120,169
2121,78
2122,212
2123,146
2124,224
2125,236
2126,185
2127,184
2128,180
2129,159
2130,230
2131,184
2132,147
2133,168
2134,138
2135,181
2136,216
2137,175
2138,256
2139,206
2140,205
2141,219
2142,197
2143,228
2144,227
2145,217
2146,177
2147,179
2148,214
2149,202
2150,184
2151,252
2152,144
2153,225
2154,239
2155,246
2156,234
2157,190
2158,142
2159,207
2160,106
2161,188
2162,54
2163,241
2164,242
2165,176
2166,233
2167,179
2168,183
2169,252
2170,227
2171,184
2172,130
2173,137
2174,164
2175,198
2176,234
2177,250
2178,204
2179,208
2180,256
2181,173
2182,175
2183,141
2184,175
2185,193
2186,118
2187,35
2188,202
2189,211
2190,184
2191,214
2192,164
2193,57
2194,248
2195,129
2196,139
2197,225
2198,152
2199,138
2200,148
2201,190
2202,235
2203,0
2204,177
2205,165
2206,244
2207,147
2208,170
2209,136
2210,124
2211,226
2212,134
2213,143
2214,220
2215,256
2216,227
2217,236
2218,214
2219,185
2220,165
2221,232
2222,212
2223,183
2224,70
2225,225
2226,211
2227,104
2228,157
2229,167
2230,237
2231,233
2232,138
2233,183
2234,151
2235,225
2236,99
2237,246
2238,217
2239,143
2240,154
2241,204
2242,183
2243,206
2244,156
2245,180
2246,175
2247,223
2248,210
2249,175
2250,230
2251,255
2252,129
2253,200
2254,250
2255,224
2256,121
2257,223
2258,177
2259,61
2260,201
2261,206
2262,232
2263,76
2264,243
2265,112
2266,234
2267,202
2268,0
2269,136
2270,142
2271,51
2272,249
2273,155
2274,235
2275,152
2276,256
2277,231
2278,166
2279,158
2280,233
2281,164
2282,165
2283,48
2284,252
2285,241
2286,121
2287,229
2288,234
2289,236
2290,222
2291,197
2292,238
2293,125
2294,177
2295,141
2296,156
2297,165
2298,251
2299,232
2300,198
2301,202
2302,249
2303,239
2304,239
2305,236
2306,189
2307,151
2308,207
2309,200
2310,183
2311,140
2312,250
2313,216
2314,248
2315,256
2316,177
2317,3
2318,112
2319,205
2320,219
2321,211
2322,232
2323,245
2324,242
2325,210
2326,154
2327,232
2328,158
2329,164
2330,198
2331,183
2332,176
2333,174
2334,238
2335,188
2336,155
2337,229
2338,227
2339,162
2340,234
2341,186
2342,256
2343,194
2344,205
2345,209
2346,229
2347,215
2348,238
2349,225
2350,139
2351,238
2352,101
2353,129
2354,149
2355,248
2356,219
2357,202
2358,211
2359,69
2360,219
2361,87
2362,117
2363,231
2364,207
2365,170
2366,148
2367,245
2368,141
2369,128
2370,245
2371,210
2372,122
2373,244
2374,221
2375,225
2376,211
2377,70
2378,255
2379,249
2380,217
2381,184
2382,96
2383,233
2384,235
2385,218
2386,158
2387,222
2388,223
2389,136
2390,218
2391,147
2392,146
2393,209
2394,128
2395,145
2396,168
2397,244
2398,158
2399,224
