0,10
1,241
2,233
3,197
4,212
5,156
6,185
7,73
8,195
9,132
10,133
11,202
12,231
13,233
14,251
15,140
16,141
17,221
18,155
19,106
20,128
21,179
22,170
23,195
24,2
25,102
26,184
27,154
28,117
29,232
30,218
31,149
32,174
33,172
34,141
35,53
36,233
37,177
38,223
39,242
40,152
41,226
42,169
43,31
44,164
45,239
46,217
47,209
48,127
49,88
50,163
51,165
52,242
53,245
54,207
55,183
56,197
57,156
58,159
59,146
60,57
61,178
62,118
63,208
64,208
65,73
66,225
67,152
68,130
69,133
70,120
71,197
72,209
73,217
74,116
75,144
76,130
77,125
78,158
79,210
80,213
81,142
82,201
83,198
84,189
85,147
86,188
87,247
88,214
89,201
90,144
91,133
92,119
93,230
94,137
95,173
96,107
97,140
98,207
99,224
100,178
101,238
102,201
103,229
104,103
105,136
106,196
107,179
108,144
109,124
110,224
111,201
112,218
113,0
114,211
115,171
116,63
117,145
118,215
119,196
120,204
121,0
122,193
123,227
124,194
125,136
126,178
127,196
128,175
129,113
130,180
131,202
132,209
133,63
134,198
135,113
136,86
137,221
138,194
139,197
140,131
141,213
142,89
143,190
144,207
145,184
146,180
147,206
148,100
149,216
150,100
151,125
152,152
153,164
154,151
155,230
156,240
157,166
158,208
159,195
160,199
161,156
162,109
163,141
164,229
165,238
166,142
167,225
168,166
169,232
170,194
171,174
172,152
173,239
174,137
175,132
176,204
177,89
178,140
179,192
180,155
181,159
182,83
183,58
184,186
185,153
186,137
187,226
188,75
189,169
190,112
191,240
192,181
193,141
194,138
195,210
196,145
197,220
198,244
199,178
200,152
201,219
202,220
203,199
204,168
205,190
206,180
207,183
208,200
209,234
210,155
211,210
212,207
213,215
214,202
215,216
216,203
217,37
218,173
219,211
220,211
221,181
222,243
223,167
224,193
225,217
226,164
227,240
228,210
229,219
230,88
231,201
232,138
233,151
234,115
235,104
236,179
237,110
238,155
239,231
240,156
241,132
242,239
243,211
244,162
245,228
246,200
247,45
248,211
249,169
250,180
251,200
252,178
253,131
254,190
255,172
256,220
257,152
258,198
259,239
260,226
261,110
262,178
263,206
264,136
265,187
266,99
267,185
268,175
269,211
270,236
271,88
272,117
273,161
274,91
275,217
276,157
277,178
278,155
279,156
280,101
281,236
282,119
283,163
284,201
285,52
286,132
287,146
288,193
289,175
290,211
291,234
292,231
293,207
294,193
295,236
296,150
297,188
298,206
299,216
300,198
301,160
302,218
303,187
304,203
305,234
306,243
307,128
308,210
309,180
310,227
311,99
312,169
313,119
314,158
315,117
316,188
317,229
318,175
319,54
320,142
321,125
322,201
323,230
324,228
325,166
326,210
327,238
328,234
329,144
330,161
331,180
332,246
333,217
334,217
335,199
336,163
337,212
338,167
339,206
340,244
341,129
342,58
343,148
344,119
345,149
346,163
347,161
348,247
349,157
350,249
351,204
352,129
353,84
354,196
355,211
356,192
357,156
358,215
359,166
360,135
361,158
362,188
363,141
364,143
365,214
366,97
367,208
368,227
369,181
370,227
371,201
372,237
373,117
374,101
375,145
376,170
377,156
378,167
379,183
380,127
381,157
382,102
383,144
384,231
385,120
386,104
387,233
388,113
389,240
390,160
391,192
392,230
393,111
394,139
395,240
396,233
397,220
398,239
399,94
400,182
401,118
402,237
403,245
404,194
405,120
406,115
407,154
408,203
409,224
410,242
411,228
412,208
413,140
414,92
415,197
416,238
417,248
418,176
419,187
420,170
421,111
422,146
423,127
424,204
425,228
426,113
427,224
428,198
429,137
430,242
431,221
432,85
433,215
434,164
435,90
436,163
437,205
438,208
439,184
440,132
441,226
442,135
443,96
444,183
445,107
446,195
447,187
448,220
449,212
450,210
451,136
452,242
453,141
454,224
455,163
456,217
457,221
458,209
459,212
460,232
461,128
462,172
463,231
464,244
465,131
466,97
467,192
468,209
469,247
470,162
471,230
472,171
473,115
474,182
475,144
476,235
477,178
478,142
479,245
480,191
481,144
482,198
483,218
484,91
485,225
486,141
487,224
488,248
489,114
490,218
491,238
492,138
493,209
494,112
495,251
496,221
497,233
498,141
499,171
500,217
501,241
502,234
503,243
504,134
505,196
506,178
507,195
508,206
509,210
510,132
511,222
512,215
513,123
514,162
515,247
516,231
517,156
518,229
519,226
520,219
521,169
522,119
523,238
524,181
525,238
526,191
527,165
528,209
529,214
530,223
531,225
532,156
533,219
534,223
535,187
536,232
537,160
538,240
539,216
540,203
541,168
542,138
543,198
544,223
545,180
546,144
547,236
548,211
549,183
550,147
551,179
552,173
553,176
554,246
555,192
556,167
557,222
558,134
559,234
560,220
561,247
562,145
563,227
564,145
565,219
566,126
567,225
568,223
569,193
570,206
571,235
572,203
573,196
574,237
575,164
576,221
577,238
578,186
579,242
580,214
581,244
582,204
583,164
584,200
585,165
586,191
587,219
588,188
589,235
590,223
591,157
592,186
593,148
594,139
595,135
596,210
597,235
598,161
599,151
600,146
601,240
602,90
603,138
604,153
605,231
606,157
607,151
608,201
609,119
610,143
611,205
612,205
613,63
614,228
615,120
616,36
617,156
618,237
619,188
620,50
621,200
622,228
623,183
624,152
625,207
626,181
627,218
628,226
629,137
630,220
631,224
632,132
633,164
634,206
635,218
636,239
637,178
638,187
639,109
640,211
641,184
642,235
643,177
644,190
645,148
646,239
647,202
648,215
649,89
650,148
651,211
652,208
653,224
654,186
655,210
656,152
657,210
658,194
659,221
660,146
661,222
662,176
663,183
664,180
665,191
666,235
667,215
668,132
669,215
670,109
671,149
672,199
673,165
674,241
675,207
676,203
677,154
678,154
679,114
680,220
681,140
682,159
683,221
684,222
685,211
686,144
687,225
688,210
689,185
690,112
691,214
692,32
693,244
694,242
695,180
696,135
697,180
698,143
699,169
700,137
701,235
702,238
703,244
704,160
705,210
706,59
707,180
708,147
709,237
710,171
711,229
712,110
713,237
714,176
715,154
716,177
717,245
718,208
719,96
720,209
721,194
722,165
723,118
724,216
725,142
726,194
727,62
728,120
729,219
730,220
731,106
732,183
733,181
734,238
735,186
736,220
737,165
738,188
739,87
740,187
741,219
742,90
743,245
744,227
745,122
746,204
747,120
748,163
749,206
750,78
751,201
752,204
753,194
754,209
755,222
756,204
757,217
758,240
759,126
760,194
761,251
762,246
763,218
764,229
765,224
766,241
767,157
768,219
769,189
770,237
771,90
772,234
773,197
774,141
775,244
776,190
777,242
778,214
779,244
780,170
781,230
782,89
783,202
784,129
785,195
786,83
787,185
788,115
789,227
790,196
791,124
792,120
793,217
794,231
795,101
796,95
797,240
798,113
799,132
800,231
801,178
802,190
803,240
804,246
805,128
806,113
807,201
808,209
809,205
810,220
811,210
812,165
813,142
814,205
815,202
816,127
817,173
818,230
819,192
820,185
821,177
822,228
823,209
824,197
825,176
826,229
827,142
828,247
829,211
830,196
831,204
832,136
833,224
834,180
835,179
836,197
837,169
838,248
839,232
840,82
841,154
842,183
843,211
844,146
845,135
846,150
847,240
848,194
849,222
850,207
851,0
852,97
853,153
854,182
855,120
856,214
857,245
858,171
859,227
860,222
861,152
862,201
863,180
864,172
865,229
866,229
867,240
868,241
869,245
870,170
871,219
872,220
873,185
874,162
875,226
876,177
877,191
878,179
879,190
880,125
881,196
882,205
883,160
884,194
885,153
886,226
887,243
888,175
889,239
890,199
891,82
892,134
893,204
894,160
895,178
896,179
897,73
898,193
899,207
900,163
901,144
902,213
903,147
904,231
905,143
906,209
907,156
908,191
909,175
910,138
911,219
912,112
913,213
914,150
915,241
916,203
917,176
918,185
919,54
920,178
921,160
922,141
923,180
924,195
925,181
926,148
927,200
928,140
929,212
930,126
931,118
932,157
933,218
934,202
935,157
936,203
937,227
938,196
939,104
940,165
941,219
942,163
943,155
944,219
945,142
946,201
947,133
948,208
949,138
950,150
951,143
952,215
953,240
954,197
955,242
956,194
957,211
958,174
959,105
960,193
961,233
962,65
963,220
964,193
965,97
966,98
967,190
968,145
969,224
970,228
971,160
972,182
973,88
974,174
975,136
976,204
977,122
978,215
979,241
980,211
981,209
982,145
983,154
984,154
985,237
986,196
987,219
988,237
989,140
990,242
991,142
992,175
993,210
994,221
995,203
996,176
997,244
998,145
999,216
1000,220
1001,141
1002,171
1003,245
1004,220
1005,238
1006,185
1007,186
1008,189
1009,184
1010,232
1011,196
1012,169
1013,209
1014,215
1015,226
1016,160
1017,206
1018,219
1019,246
1020,223
1021,247
1022,133
1023,174
1024,121
1025,224
1026,204
1027,84
1028,194
1029,197
1030,230
1031,156
1032,131
1033,149
1034,217
1035,192
1036,226
1037,171
1038,229
1039,173
1040,205
1041,130
1042,208
1043,167
1044,156
1045,224
1046,187
1047,159
1048,233
1049,180
1050,203
1051,203
1052,214
1053,184
1054,176
1055,203
1056,241
1057,211
1058,158
1059,211
1060,232
1061,158
1062,197
1063,178
1064,232
1065,220
1066,174
1067,237
1068,245
1069,211
1070,226
1071,214
1072,147
1073,221
1074,241
1075,178
1076,220
1077,197
1078,166
1079,175
1080,234
1081,160
1082,182
1083,147
1084,212
1085,225
1086,216
1087,128
1088,209
1089,152
1090,222
1091,179
1092,209
1093,167
1094,209
1095,234
1096,117
1097,224
1098,215
1099,215
1100,205
1101,228
1102,236
1103,224
1104,172
1105,218
1106,213
1107,114
1108,225
1109,217
1110,174
1111,129
1112,136
1113,228
1114,227
1115,173
1116,228
1117,178
1118,192
1119,149
1120,222
1121,212
1122,168
1123,142
1124,163
1125,149
1126,249
1127,221
1128,181
1129,206
1130,171
1131,241
1132,172
1133,240
1134,162
1135,186
1136,230
1137,192
1138,249
1139,189
1140,247
1141,193
1142,205
1143,132
1144,98
1145,147
1146,66
1147,251
1148,169
1149,215
1150,113
1151,233
1152,186
1153,200
1154,153
1155,202
1156,196
1157,222
1158,202
1159,227
1160,157
1161,235
1162,105
1163,249
1164,173
1165,243
1166,199
1167,222
1168,236
1169,219
1170,186
1171,192
1172,215
1173,174
1174,244
1175,248
1176,220
1177,198
1178,247
1179,127
1180,169
1181,122
1182,144
1183,146
1184,222
1185,239
1186,224
1187,195
1188,114
1189,223
1190,221
1191,136
1192,247
1193,219
1194,229
1195,248
1196,205
1197,188
1198,162
1199,235
1200,162
1201,247
1202,159
1203,224
1204,178
1205,172
1206,126
1207,187
1208,84
1209,217
1210,180
1211,218
1212,213
1213,214
1214,83
1215,156
1216,98
1217,198
1218,135
1219,248
1220,202
1221,227
1222,45
1223,111
1224,179
1225,57
1226,244
1227,100
1228,160
1229,236
1230,115
1231,24
1232,144
1233,192
1234,141
1235,182
1236,183
1237,169
1238,150
1239,211
1240,172
1241,149
1242,116
1243,226
1244,232
1245,249
1246,231
1247,139
1248,239
1249,175
1250,232
1251,167
1252,191
1253,185
1254,119
1255,106
1256,182
1257,242
1258,143
1259,137
1260,157
1261,220
1262,103
1263,247
1264,187
1265,186
1266,69
1267,109
1268,240
1269,207
1270,245
1271,201
1272,193
1273,222
1274,247
1275,223
1276,162
1277,76
1278,205
1279,250
1280,230
1281,108
1282,235
1283,148
1284,161
1285,60
1286,192
1287,7
1288,159
1289,164
1290,236
1291,223
1292,109
1293,200
1294,125
1295,136
1296,240
1297,82
1298,188
1299,84
1300,246
1301,152
1302,240
1303,145
1304,208
1305,232
1306,229
1307,234
1308,60
1309,171
1310,127
1311,168
1312,91
1313,233
1314,230
1315,222
1316,121
1317,193
1318,117
1319,211
1320,81
1321,116
1322,180
1323,239
1324,61
1325,153
1326,156
1327,113
1328,129
1329,225
1330,194
1331,126
1332,128
1333,141
1334,163
1335,140
1336,79
1337,133
1338,20
1339,207
1340,82
1341,197
1342,226
1343,206
1344,102
1345,89
1346,247
1347,119
1348,216
1349,174
1350,230
1351,29
1352,188
1353,50
1354,224
1355,96
1356,223
1357,211
1358,161
1359,163
1360,232
1361,121
1362,164
1363,66
1364,243
1365,240
1366,156
1367,194
1368,143
1369,127
1370,226
1371,206
1372,77
1373,126
1374,240
1375,247
1376,161
1377,203
1378,168
1379,224
1380,212
1381,126
1382,212
1383,233
1384,221
1385,71
1386,237
1387,219
1388,20
1389,56
1390,60
1391,223
1392,175
1393,171
1394,193
1395,122
1396,142
1397,105
1398,187
1399,182
1400,182
1401,211
1402,141
1403,210
1404,230
1405,149
1406,207
1407,100
1408,149
1409,220
1410,177
1411,206
1412,223
1413,204
1414,234
1415,129
1416,171
1417,125
1418,240
1419,196
1420,173
1421,223
1422,248
1423,101
1424,147
1425,243
1426,22
1427,117
1428,208
1429,211
1430,48
1431,191
1432,212
1433,104
1434,157
1435,241
1436,149
1437,117
1438,234
1439,244
1440,237
1441,109
1442,150
1443,241
1444,220
1445,226
1446,141
1447,151
1448,192
1449,113
1450,122
1451,182
1452,196
1453,85
1454,237
1455,247
1456,185
1457,64
1458,178
1459,160
1460,203
1461,226
1462,40
1463,165
1464,113
1465,193
1466,215
1467,224
1468,227
1469,173
1470,125
1471,186
1472,145
1473,160
1474,224
1475,210
1476,213
1477,100
1478,216
1479,181
1480,174
1481,161
1482,232
1483,226
1484,224
1485,120
1486,246
1487,167
1488,244
1489,227
1490,210
1491,82
1492,231
1493,218
1494,251
1495,232
1496,249
1497,220
1498,236
1499,180
1500,142
1501,202
1502,201
1503,166
1504,146
1505,160
1506,141
1507,126
1508,190
1509,190
1510,132
1511,195
1512,180
1513,90
1514,138
1515,234
1516,212
1517,224
1518,226
1519,146
1520,189
1521,240
1522,186
1523,82
1524,128
1525,225
1526,208
1527,210
1528,195
1529,228
1530,170
1531,119
1532,155
1533,238
1534,125
1535,93
1536,139
1537,169
1538,139
1539,228
1540,188
1541,240
1542,83
1543,213
1544,138
1545,116
1546,180
1547,169
1548,47
1549,179
1550,50
1551,113
1552,170
1553,187
1554,170
1555,168
1556,132
1557,223
1558,181
1559,135
1560,232
1561,120
1562,245
1563,184
1564,150
1565,159
1566,135
1567,168
1568,239
1569,61
1570,192
1571,193
1572,242
1573,237
1574,220
1575,246
1576,129
1577,166
1578,95
1579,229
1580,215
1581,144
1582,104
1583,232
1584,180
1585,199
1586,207
1587,156
1588,191
1589,135
1590,235
1591,235
1592,214
1593,205
1594,197
1595,74
1596,149
1597,140
1598,139
1599,134
1600,227
1601,204
1602,144
1603,180
1604,240
1605,220
1606,204
1607,177
1608,240
1609,204
1610,253
1611,156
1612,205
1613,224
1614,179
1615,161
1616,237
1617,178
1618,185
1619,180
1620,157
1621,220
1622,239
1623,177
1624,211
1625,200
1626,103
1627,102
1628,229
1629,186
1630,168
1631,221
1632,205
1633,196
1634,188
1635,236
1636,197
1637,236
1638,98
1639,214
1640,216
1641,174
1642,206
1643,194
1644,225
1645,212
1646,225
1647,253
1648,253
1649,250
1650,230
1651,241
1652,170
1653,160
1654,185
1655,248
1656,195
1657,180
1658,248
1659,221
1660,232
1661,173
1662,197
1663,219
1664,174
1665,249
1666,155
1667,193
1668,149
1669,170
1670,212
1671,204
1672,249
1673,255
1674,202
1675,244
1676,220
1677,234
1678,177
1679,172
1680,226
1681,160
1682,228
1683,214
1684,184
1685,240
1686,174
1687,225
1688,239
1689,148
1690,128
1691,138
1692,226
1693,182
1694,114
1695,187
1696,200
1697,30
1698,221
1699,249
1700,154
1701,224
1702,150
1703,236
1704,235
1705,196
1706,228
1707,149
1708,172
1709,229
1710,205
1711,222
1712,133
1713,141
1714,103
1715,221
1716,233
1717,198
1718,87
1719,221
1720,142
1721,126
1722,211
1723,41
1724,75
1725,188
1726,239
1727,180
1728,183
1729,146
1730,136
1731,230
1732,140
1733,227
1734,158
1735,202
1736,141
1737,196
1738,205
1739,231
1740,103
1741,159
1742,157
1743,235
1744,252
1745,157
1746,154
1747,125
1748,174
1749,182
1750,77
1751,154
1752,135
1753,116
1754,190
1755,222
1756,231
1757,154
1758,233
1759,202
1760,128
1761,55
1762,227
1763,166
1764,218
1765,156
1766,155
1767,166
1768,233
1769,146
1770,215
1771,147
1772,140
1773,160
1774,119
1775,245
1776,243
1777,181
1778,114
1779,184
1780,223
1781,201
1782,75
1783,84
1784,208
1785,152
1786,101
1787,224
1788,208
1789,91
1790,239
1791,245
1792,220
1793,92
1794,195
1795,233
1796,159
1797,198
1798,229
1799,230
1800,181
1801,228
1802,234
1803,110
1804,224
1805,215
1806,210
1807,205
1808,218
1809,234
1810,190
1811,203
1812,150
1813,251
1814,170
1815,172
1816,203
1817,184
1818,168
1819,71
1820,146
1821,218
1822,194
1823,149
1824,206
1825,164
1826,145
1827,195
1828,195
1829,231
1830,213
1831,232
1832,217
1833,148
1834,70
1835,205
1836,171
1837,146
1838,242
1839,214
1840,242
1841,229
1842,216
1843,135
1844,141
1845,128
1846,114
1847,169
1848,221
1849,128
1850,182
1851,200
1852,211
1853,137
1854,178
1855,147
1856,206
1857,239
1858,190
1859,215
1860,230
1861,119
1862,160
1863,237
1864,245
1865,128
1866,232
1867,246
1868,90
1869,248
1870,235
1871,205
1872,179
1873,211
1874,224
1875,226
1876,154
1877,137
1878,205
1879,171
1880,244
1881,185
1882,249
1883,224
1884,168
1885,219
1886,193
1887,150
1888,179
1889,166
1890,235
1891,128
1892,252
1893,239
1894,202
1895,243
1896,64
1897,192
1898,200
1899,151
1900,88
1901,236
1902,160
1903,204
1904,169
1905,202
1906,43
1907,125
1908,239
1909,123
1910,170
1911,248
1912,200
1913,84
1914,113
1915,240
1916,239
1917,239
1918,233
1919,131
1920,203
1921,177
1922,249
1923,204
1924,93
1925,182
1926,205
1927,149
1928,130
1929,173
1930,46
1931,133
1932,249
1933,168
1934,152
1935,255
1936,210
1937,190
1938,192
1939,156
1940,112
1941,239
1942,248
1943,191
1944,115
1945,147
1946,219
1947,221
1948,229
1949,230
1950,198
1951,199
1952,204
1953,192
1954,146
1955,129
1956,219
1957,180
1958,207
1959,206
1960,222
1961,127
1962,78
1963,145
1964,76
1965,219
1966,236
1967,193
1968,208
1969,249
1970,120
1971,178
1972,226
1973,90
1974,206
1975,198
1976,167
1977,166
1978,170
1979,197
1980,163
1981,234
1982,238
1983,222
1984,181
1985,210
1986,205
1987,254
1988,226
1989,241
1990,177
1991,132
1992,242
1993,226
1994,161
1995,232
1996,84
1997,145
1998,232
1999,211
2000,149
2001,120
2002,92
2003,131
2004,193
2005,166
2006,208
2007,243
2008,107
2009,15
2010,247
2011,124
2012,238
2013,219
2014,160
2015,100
2016,204
2017,249
2018,193
2019,227
2020,245
2021,136
2022,199
2023,248
2024,189
2025,101
2026,206
2027,200
2028,151
2029,65
2030,226
2031,211
2032,38
2033,230
2034,138
2035,209
2036,232
2037,163
2038,242
2039,179
2040,201
2041,127
2042,159
2043,238
2044,137
2045,25
2046,234
2047,87
2048,61
2049,169
2050,207
2051,103
2052,101
2053,165
2054,235
2055,236
2056,6
2057,136
2058,202
2059,231
2060,170
2061,163
2062,172
2063,152
2064,201
2065,188
2066,230
2067,93
2068,123
2069,106
2070,206
2071,243
2072,119
2073,215
2074,208
2075,236
2076,224
2077,206
2078,165
2079,177
2080,211
2081,144
2082,119
2083,205
2084,218
2085,169
2086,171
2087,185
2088,237
2089,233
2090,180
2091,71
2092,241
2093,121
2094,172
2095,232
2096,188
2097,190
2098,156
2099,148
2100,82
2101,191
2102,185
2103,166
2104,214
2105,194
2106,182
2107,105
2108,186
2109,144
2110,229
2111,85
2112,179
2113,39
2114,71
2115,216
2116,18
2117,145
2118,154
2119,245
2120,203
2121,228
2122,133
2123,170
2124,246
2125,29
2126,176
2127,241
2128,223
2129,60
2130,144
2131,237
2132,93
2133,212
2134,157
2135,0
2136,208
2137,140
2138,178
2139,53
2140,105
2141,118
2142,176
2143,222
2144,142
2145,179
2146,41
2147,239
2148,99
2149,96
2150,131
2151,204
2152,77
2153,176
2154,221
2155,212
2156,184
2157,184
2158,214
2159,201
2160,106
2161,157
2162,177
2163,187
2164,193
2165,235
2166,180
2167,0
2168,93
2169,249
2170,238
2171,93
2172,218
2173,174
2174,213
2175,199
2176,181
2177,225
2178,131
2179,240
2180,136
2181,238
2182,0
2183,163
2184,136
2185,217
2186,50
2187,228
2188,233
2189,141
2190,187
2191,23
2192,207
2193,119
2194,207
2195,103
2196,217
2197,132
2198,227
2199,161
2200,211
2201,81
2202,230
2203,161
2204,97
2205,238
2206,107
2207,124
2208,170
2209,72
2210,108
2211,172
2212,193
2213,106
2214,160
2215,219
2216,210
2217,156
2218,72
2219,90
2220,187
2221,127
2222,197
2223,218
2224,147
2225,201
2226,219
2227,96
2228,178
2229,210
2230,249
2231,82
2232,154
2233,229
2234,228
2235,184
2236,137
2237,184
2238,168
2239,207
2240,148
2241,244
2242,185
2243,215
2244,245
2245,209
2246,192
2247,177
2248,1
2249,108
2250,170
2251,198
2252,229
2253,153
2254,141
2255,192
2256,173
2257,22
2258,193
2259,146
2260,190
2261,181
2262,201
2263,209
2264,234
2265,172
2266,139
2267,210
2268,228
2269,95
2270,105
2271,234
2272,156
2273,214
2274,198
2275,209
2276,152
2277,89
2278,4
2279,120
2280,197
2281,147
2282,157
2283,152
2284,60
2285,246
2286,80
2287,202
2288,244
2289,196
2290,156
2291,217
2292,74
2293,171
2294,118
2295,242
2296,161
2297,205
2298,230
2299,107
2300,203
2301,148
2302,205
2303,241
2304,170
2305,131
2306,0
2307,42
2308,224
2309,192
2310,212
2311,158
2312,222
2313,228
2314,117
2315,132
2316,56
2317,142
2318,251
2319,146
2320,235
2321,201
2322,130
2323,202
2324,202
2325,219
2326,128
2327,239
2328,160
2329,246
2330,93
2331,191
2332,205
2333,201
2334,193
2335,230
2336,109
2337,128
2338,190
2339,183
2340,216
2341,197
2342,189
2343,169
2344,242
2345,227
2346,169
2347,170
2348,216
2349,220
2350,174
2351,99
2352,202
2353,171
2354,198
2355,176
2356,165
2357,152
2358,221
2359,193
2360,180
2361,146
2362,186
2363,77
2364,242
2365,161
2366,244
2367,133
2368,218
2369,234
2370,193
2371,83
2372,236
2373,174
2374,89
2375,144
2376,216
2377,115
2378,72
2379,243
2380,162
2381,195
2382,152
2383,222
2384,22
2385,162
2386,213
2387,222
2388,142
2389,137
2390,211
2391,211
2392,173
2393,127
2394,90
2395,202
2396,218
2397,137
2398,209
2399,208
