0,78
1,243
2,230
3,179
4,203
5,137
6,181
7,80
8,207
9,103
10,171
11,203
12,232
13,236
14,226
15,171
16,149
17,228
18,165
19,127
20,150
21,166
22,166
23,208
24,67
25,158
26,187
27,155
28,138
29,223
30,228
31,164
32,170
33,172
34,137
35,66
36,235
37,186
38,224
39,245
40,164
41,226
42,168
43,140
44,149
45,242
46,221
47,198
48,157
49,72
50,205
51,178
52,242
53,244
54,210
55,183
56,199
57,165
58,186
59,147
60,149
61,193
62,163
63,203
64,206
65,132
66,213
67,133
68,155
69,132
70,159
71,190
72,212
73,214
74,169
75,140
76,149
77,163
78,209
79,199
80,216
81,177
82,196
83,197
84,190
85,129
86,191
87,248
88,217
89,204
90,169
91,145
92,183
93,237
94,187
95,194
96,145
97,136
98,209
99,226
100,203
101,238
102,200
103,224
104,149
105,148
106,207
107,190
108,156
109,140
110,216
111,198
112,219
113,50
114,213
115,203
116,121
117,136
118,226
119,209
120,204
121,81
122,192
123,230
124,191
125,164
126,179
127,212
128,186
129,129
130,160
131,197
132,212
133,91
134,195
135,181
136,114
137,221
138,208
139,200
140,140
141,201
142,92
143,198
144,203
145,174
146,202
147,207
148,103
149,213
150,120
151,135
152,172
153,173
154,150
155,230
156,246
157,149
158,215
159,193
160,202
161,183
162,126
163,160
164,225
165,234
166,193
167,213
168,187
169,225
170,219
171,157
172,165
173,239
174,160
175,177
176,173
177,90
178,153
179,189
180,191
181,171
182,162
183,175
184,184
185,190
186,154
187,213
188,121
189,183
190,139
191,241
192,186
193,127
194,155
195,216
196,195
197,227
198,243
199,169
200,127
201,220
202,226
203,187
204,189
205,194
206,214
207,182
208,207
209,226
210,146
211,208
212,213
213,214
214,210
215,214
216,212
217,119
218,175
219,215
220,211
221,181
222,246
223,170
224,205
225,226
226,195
227,244
228,216
229,211
230,106
231,199
232,137
233,141
234,158
235,104
236,189
237,157
238,161
239,230
240,160
241,140
242,239
243,211
244,162
245,217
246,204
247,75
248,224
249,177
250,167
251,168
252,188
253,118
254,199
255,168
256,222
257,155
258,201
259,237
260,232
261,149
262,203
263,201
264,151
265,189
266,94
267,185
268,165
269,211
270,236
271,98
272,135
273,181
274,129
275,219
276,177
277,176
278,176
279,152
280,106
281,225
282,143
283,157
284,183
285,97
286,148
287,149
288,197
289,197
290,211
291,230
292,228
293,203
294,180
295,237
296,162
297,192
298,198
299,226
300,255
301,242
302,217
303,182
304,207
305,231
306,243
307,165
308,214
309,198
310,225
311,175
312,234
313,133
314,163
315,172
316,256
317,227
318,179
319,123
320,160
321,170
322,221
323,234
324,229
325,194
326,220
327,238
328,234
329,152
330,154
331,200
332,246
333,212
334,231
335,202
336,165
337,208
338,175
339,210
340,244
341,179
342,255
343,183
344,212
345,156
346,180
347,171
348,247
349,256
350,249
351,203
352,127
353,159
354,207
355,209
356,203
357,157
358,215
359,213
360,164
361,164
362,207
363,174
364,169
365,206
366,113
367,203
368,224
369,194
370,227
371,206
372,238
373,148
374,178
375,150
376,170
377,199
378,163
379,196
380,193
381,168
382,181
383,247
384,236
385,170
386,137
387,236
388,144
389,243
390,189
391,194
392,229
393,174
394,175
395,241
396,232
397,218
398,243
399,120
400,173
401,114
402,244
403,244
404,197
405,143
406,109
407,141
408,195
409,229
410,241
411,230
412,214
413,132
414,99
415,205
416,241
417,250
418,180
419,187
420,164
421,105
422,160
423,134
424,215
425,232
426,112
427,229
428,198
429,139
430,240
431,231
432,74
433,223
434,171
435,140
436,193
437,216
438,203
439,189
440,127
441,225
442,153
443,108
444,195
445,114
446,188
447,192
448,224
449,216
450,213
451,158
452,241
453,143
454,229
455,163
456,217
457,232
458,212
459,203
460,231
461,112
462,175
463,229
464,245
465,138
466,141
467,190
468,208
469,246
470,72
471,234
472,160
473,114
474,177
475,157
476,241
477,186
478,172
479,245
480,190
481,183
482,205
483,214
484,70
485,231
486,108
487,227
488,249
489,126
490,226
491,241
492,138
493,230
494,112
495,251
496,225
497,236
498,163
499,165
500,203
501,240
502,233
503,241
504,180
505,191
506,219
507,184
508,205
509,202
510,133
511,221
512,219
513,132
514,162
515,245
516,230
517,159
518,237
519,229
520,224
521,171
522,155
523,238
524,184
525,242
526,192
527,157
528,219
529,214
530,235
531,229
532,180
533,215
534,218
535,214
536,231
537,116
538,246
539,207
540,157
541,191
542,124
543,211
544,233
545,185
546,163
547,232
548,214
549,184
550,132
551,188
552,199
553,163
554,248
555,199
556,117
557,219
558,135
559,232
560,221
561,247
562,177
563,227
564,155
565,210
566,193
567,219
568,216
569,204
570,205
571,223
572,208
573,201
574,239
575,140
576,222
577,244
578,196
579,243
580,218
581,245
582,209
583,161
584,196
585,146
586,199
587,200
588,185
589,234
590,225
591,159
592,205
593,166
594,154
595,155
596,208
597,239
598,153
599,149
600,133
601,242
602,130
603,96
604,183
605,228
606,148
607,167
608,191
609,114
610,138
611,190
612,212
613,96
614,224
615,139
616,43
617,175
618,236
619,190
620,134
621,193
622,230
623,178
624,164
625,204
626,172
627,215
628,230
629,130
630,220
631,228
632,125
633,158
634,212
635,214
636,238
637,175
638,167
639,131
640,212
641,177
642,241
643,183
644,198
645,154
646,241
647,184
648,213
649,76
650,130
651,226
652,208
653,230
654,199
655,207
656,162
657,221
658,191
659,223
660,143
661,218
662,178
663,190
664,191
665,202
666,237
667,216
668,143
669,215
670,141
671,171
672,190
673,179
674,242
675,203
676,214
677,171
678,154
679,136
680,223
681,152
682,165
683,212
684,222
685,215
686,142
687,231
688,216
689,190
690,105
691,216
692,52
693,248
694,238
695,178
696,127
697,196
698,142
699,142
700,143
701,235
702,235
703,244
704,136
705,212
706,95
707,172
708,153
709,243
710,256
711,229
712,132
713,236
714,170
715,149
716,184
717,250
718,195
719,84
720,208
721,198
722,168
723,115
724,216
725,136
726,199
727,111
728,121
729,223
730,217
731,134
732,182
733,194
734,239
735,189
736,216
737,171
738,182
739,111
740,182
741,224
742,130
743,245
744,235
745,110
746,204
747,107
748,162
749,198
750,87
751,203
752,205
753,191
754,210
755,211
756,200
757,218
758,243
759,121
760,170
761,252
762,246
763,229
764,227
765,225
766,240
767,159
768,217
769,196
770,236
771,76
772,239
773,188
774,143
775,245
776,193
777,240
778,205
779,245
780,256
781,222
782,101
783,211
784,165
785,205
786,75
787,167
788,143
789,228
790,256
791,150
792,133
793,216
794,233
795,117
796,66
797,243
798,89
799,132
800,228
801,153
802,194
803,243
804,246
805,145
806,171
807,208
808,216
809,178
810,213
811,217
812,180
813,152
814,208
815,203
816,138
817,165
818,230
819,201
820,171
821,175
822,232
823,197
824,198
825,191
826,229
827,157
828,244
829,216
830,200
831,222
832,170
833,223
834,172
835,180
836,186
837,164
838,248
839,232
840,106
841,108
842,177
843,217
844,147
845,119
846,173
847,241
848,202
849,220
850,205
851,63
852,143
853,156
854,186
855,153
856,203
857,245
858,171
859,228
860,219
861,158
862,201
863,161
864,182
865,218
866,228
867,242
868,244
869,246
870,179
871,226
872,221
873,194
874,189
875,224
876,174
877,193
878,186
879,181
880,91
881,215
882,208
883,176
884,193
885,161
886,228
887,245
888,167
889,243
890,197
891,82
892,113
893,208
894,189
895,171
896,178
897,103
898,196
899,212
900,191
901,157
902,217
903,192
904,230
905,144
906,205
907,141
908,171
909,164
910,136
911,227
912,138
913,216
914,133
915,241
916,195
917,154
918,186
919,68
920,176
921,171
922,185
923,129
924,205
925,178
926,181
927,205
928,174
929,218
930,122
931,125
932,174
933,211
934,188
935,200
936,175
937,232
938,203
939,143
940,158
941,220
942,181
943,179
944,218
945,139
946,147
947,131
948,211
949,187
950,170
951,159
952,214
953,241
954,190
955,245
956,199
957,212
958,170
959,88
960,203
961,231
962,143
963,211
964,190
965,172
966,137
967,194
968,161
969,212
970,230
971,183
972,197
973,91
974,202
975,176
976,201
977,123
978,215
979,242
980,212
981,212
982,181
983,206
984,195
985,238
986,204
987,232
988,238
989,148
990,242
991,150
992,172
993,223
994,223
995,210
996,208
997,237
998,172
999,221
1000,214
1001,133
1002,183
1003,245
1004,221
1005,233
1006,149
1007,201
1008,197
1009,172
1010,232
1011,192
1012,189
1013,202
1014,211
1015,226
1016,182
1017,199
1018,218
1019,246
1020,234
1021,248
1022,115
1023,178
1024,169
1025,224
1026,208
1027,100
1028,200
1029,195
1030,239
1031,154
1032,110
1033,164
1034,201
1035,205
1036,234
1037,176
1038,230
1039,183
1040,204
1041,131
1042,207
1043,170
1044,155
1045,225
1046,183
1047,183
1048,238
1049,136
1050,181
1051,209
1052,224
1053,177
1054,193
1055,199
1056,241
1057,210
1058,159
1059,207
1060,229
1061,188
1062,194
1063,173
1064,233
1065,214
1066,186
1067,237
1068,244
1069,210
1070,231
1071,195
1072,140
1073,215
1074,242
1075,204
1076,221
1077,196
1078,167
1079,188
1080,225
1081,170
1082,173
1083,128
1084,220
1085,225
1086,220
1087,138
1088,199
1089,167
1090,222
1091,172
1092,226
1093,176
1094,214
1095,242
1096,88
1097,216
1098,209
1099,220
1100,212
1101,229
1102,237
1103,225
1104,156
1105,221
1106,211
1107,127
1108,226
1109,218
1110,201
1111,164
1112,170
1113,217
1114,234
1115,190
1116,229
1117,243
1118,192
1119,166
1120,234
1121,201
1122,155
1123,174
1124,172
1125,169
1126,245
1127,222
1128,181
1129,220
1130,185
1131,241
1132,167
1133,238
1134,182
1135,188
1136,234
1137,197
1138,249
1139,185
1140,248
1141,217
1142,193
1143,134
1144,132
1145,166
1146,256
1147,251
1148,152
1149,219
1150,218
1151,230
1152,192
1153,197
1154,178
1155,191
1156,196
1157,216
1158,216
1159,237
1160,175
1161,236
1162,127
1163,249
1164,164
1165,242
1166,184
1167,228
1168,241
1169,224
1170,174
1171,184
1172,223
1173,187
1174,242
1175,248
1176,221
1177,209
1178,247
1179,126
1180,170
1181,171
1182,140
1183,162
1184,222
1185,256
1186,224
1187,168
1188,256
1189,223
1190,218
1191,130
1192,248
1193,211
1194,230
1195,248
1196,180
1197,193
1198,175
1199,236
1200,167
1201,247
1202,142
1203,220
1204,184
1205,172
1206,134
1207,175
1208,144
1209,212
1210,172
1211,223
1212,213
1213,203
1214,83
1215,164
1216,100
1217,184
1218,124
1219,251
1220,205
1221,197
1222,69
1223,124
1224,181
1225,80
1226,236
1227,102
1228,134
1229,239
1230,114
1231,47
1232,153
1233,173
1234,156
1235,189
1236,194
1237,173
1238,156
1239,206
1240,188
1241,175
1242,127
1243,222
1244,232
1245,249
1246,188
1247,145
1248,239
1249,168
1250,226
1251,165
1252,179
1253,181
1254,85
1255,83
1256,182
1257,240
1258,145
1259,148
1260,158
1261,220
1262,56
1263,247
1264,181
1265,151
1266,70
1267,109
1268,237
1269,201
1270,236
1271,191
1272,174
1273,223
1274,241
1275,221
1276,161
1277,120
1278,215
1279,251
1280,162
1281,120
1282,230
1283,113
1284,129
1285,94
1286,183
1287,0
1288,155
1289,174
1290,233
1291,223
1292,94
1293,201
1294,102
1295,149
1296,242
1297,59
1298,180
1299,63
1300,246
1301,190
1302,240
1303,105
1304,186
1305,230
1306,227
1307,234
1308,97
1309,184
1310,130
1311,176
1312,120
1313,233
1314,232
1315,223
1316,118
1317,193
1318,142
1319,207
1320,84
1321,79
1322,167
1323,239
1324,66
1325,155
1326,135
1327,99
1328,136
1329,218
1330,186
1331,112
1332,113
1333,157
1334,149
1335,155
1336,127
1337,145
1338,0
1339,210
1340,102
1341,194
1342,216
1343,200
1344,146
1345,125
1346,248
1347,149
1348,211
1349,162
1350,226
1351,0
1352,188
1353,35
1354,221
1355,116
1356,233
1357,211
1358,139
1359,163
1360,230
1361,101
1362,189
1363,59
1364,245
1365,240
1366,168
1367,181
1368,141
1369,167
1370,212
1371,190
1372,121
1373,171
1374,243
1375,248
1376,147
1377,203
1378,157
1379,215
1380,202
1381,110
1382,217
1383,232
1384,219
1385,116
1386,237
1387,217
1388,42
1389,25
1390,67
1391,213
1392,155
1393,175
1394,203
1395,64
1396,142
1397,116
1398,176
1399,178
1400,188
1401,198
1402,157
1403,204
1404,232
1405,147
1406,210
1407,76
1408,136
1409,209
1410,193
1411,207
1412,221
1413,203
1414,232
1415,105
1416,167
1417,122
1418,241
1419,195
1420,149
1421,223
1422,245
1423,108
1424,103
1425,240
1426,30
1427,126
1428,224
1429,221
1430,53
1431,201
1432,207
1433,106
1434,163
1435,240
1436,154
1437,140
1438,238
1439,243
1440,239
1441,92
1442,144
1443,237
1444,174
1445,226
1446,137
1447,149
1448,181
1449,108
1450,35
1451,182
1452,194
1453,113
1454,235
1455,247
1456,185
1457,67
1458,178
1459,178
1460,209
1461,236
1462,36
1463,175
1464,108
1465,197
1466,210
1467,219
1468,227
1469,178
1470,126
1471,196
1472,141
1473,168
1474,215
1475,206
1476,202
1477,99
1478,222
1479,164
1480,156
1481,156
1482,237
1483,223
1484,227
1485,162
1486,246
1487,172
1488,243
1489,220
1490,190
1491,90
1492,238
1493,217
1494,251
1495,231
1496,248
1497,226
1498,213
1499,150
1500,141
1501,184
1502,202
1503,179
1504,151
1505,176
1506,133
1507,70
1508,253
1509,196
1510,129
1511,191
1512,160
1513,84
1514,133
1515,233
1516,193
1517,222
1518,230
1519,99
1520,191
1521,239
1522,191
1523,92
1524,128
1525,224
1526,195
1527,209
1528,189
1529,218
1530,148
1531,95
1532,177
1533,243
1534,156
1535,124
1536,142
1537,174
1538,129
1539,222
1540,186
1541,241
1542,70
1543,210
1544,160
1545,114
1546,187
1547,168
1548,49
1549,184
1550,36
1551,93
1552,151
1553,199
1554,178
1555,164
1556,131
1557,212
1558,169
1559,136
1560,228
1561,128
1562,243
1563,152
1564,153
1565,145
1566,93
1567,166
1568,241
1569,91
1570,189
1571,189
1572,245
1573,238
1574,171
1575,246
1576,137
1577,79
1578,163
1579,230
1580,201
1581,150
1582,159
1583,232
1584,182
1585,213
1586,221
1587,129
1588,187
1589,144
1590,236
1591,231
1592,214
1593,205
1594,194
1595,0
1596,165
1597,144
1598,113
1599,136
1600,222
1601,210
1602,150
1603,158
1604,239
1605,225
1606,196
1607,174
1608,245
1609,181
1610,252
1611,141
1612,192
1613,224
1614,172
1615,181
1616,231
1617,186
1618,186
1619,195
1620,129
1621,210
1622,236
1623,176
1624,204
1625,194
1626,68
1627,137
1628,230
1629,125
1630,168
1631,223
1632,204
1633,189
1634,190
1635,237
1636,189
1637,238
1638,119
1639,216
1640,223
1641,182
1642,185
1643,181
1644,221
1645,216
1646,223
1647,255
1648,254
1649,251
1650,236
1651,242
1652,162
1653,154
1654,130
1655,248
1656,191
1657,184
1658,249
1659,218
1660,229
1661,167
1662,204
1663,218
1664,164
1665,249
1666,181
1667,194
1668,82
1669,170
1670,208
1671,205
1672,251
1673,255
1674,191
1675,245
1676,226
1677,236
1678,158
1679,107
1680,225
1681,164
1682,221
1683,219
1684,174
1685,241
1686,167
1687,227
1688,239
1689,138
1690,103
1691,152
1692,228
1693,192
1694,107
1695,169
1696,208
1697,2
1698,217
1699,249
1700,158
1701,231
1702,134
1703,227
1704,218
1705,195
1706,218
1707,124
1708,191
1709,236
1710,208
1711,226
1712,149
1713,131
1714,40
1715,221
1716,233
1717,192
1718,117
1719,226
1720,161
1721,142
1722,189
1723,63
1724,74
1725,189
1726,237
1727,194
1728,175
1729,134
1730,129
1731,227
1732,167
1733,218
1734,173
1735,220
1736,124
1737,138
1738,208
1739,232
1740,93
1741,136
1742,152
1743,233
1744,247
1745,157
1746,158
1747,139
1748,183
1749,191
1750,98
1751,133
1752,133
1753,108
1754,192
1755,215
1756,229
1757,160
1758,229
1759,194
1760,95
1761,85
1762,219
1763,138
1764,225
1765,186
1766,148
1767,158
1768,233
1769,150
1770,206
1771,126
1772,130
1773,142
1774,95
1775,245
1776,243
1777,168
1778,123
1779,184
1780,226
1781,194
1782,63
1783,40
1784,203
1785,153
1786,103
1787,234
1788,206
1789,130
1790,238
1791,249
1792,200
1793,92
1794,201
1795,234
1796,148
1797,192
1798,228
1799,214
1800,174
1801,229
1802,234
1803,133
1804,224
1805,211
1806,184
1807,202
1808,194
1809,225
1810,208
1811,213
1812,175
1813,245
1814,153
1815,168
1816,199
1817,173
1818,162
1819,98
1820,149
1821,195
1822,202
1823,150
1824,207
1825,162
1826,169
1827,196
1828,188
1829,231
1830,210
1831,235
1832,217
1833,155
1834,99
1835,197
1836,172
1837,148
1838,240
1839,210
1840,222
1841,229
1842,213
1843,138
1844,153
1845,80
1846,86
1847,164
1848,233
1849,117
1850,192
1851,204
1852,212
1853,141
1854,186
1855,137
1856,200
1857,243
1858,195
1859,212
1860,225
1861,190
1862,131
1863,238
1864,244
1865,118
1866,219
1867,247
1868,83
1869,249
1870,232
1871,212
1872,184
1873,215
1874,224
1875,226
1876,175
1877,153
1878,188
1879,178
1880,239
1881,162
1882,249
1883,226
1884,164
1885,219
1886,188
1887,124
1888,166
1889,167
1890,237
1891,133
1892,252
1893,238
1894,206
1895,244
1896,102
1897,165
1898,193
1899,171
1900,134
1901,233
1902,256
1903,197
1904,176
1905,202
1906,27
1907,154
1908,227
1909,139
1910,177
1911,249
1912,220
1913,96
1914,94
1915,241
1916,241
1917,242
1918,233
1919,70
1920,199
1921,184
1922,249
1923,202
1924,98
1925,186
1926,207
1927,122
1928,87
1929,161
1930,80
1931,60
1932,247
1933,165
1934,64
1935,254
1936,200
1937,169
1938,208
1939,149
1940,104
1941,233
1942,248
1943,187
1944,97
1945,135
1946,218
1947,221
1948,229
1949,227
1950,200
1951,203
1952,210
1953,179
1954,132
1955,137
1956,215
1957,188
1958,206
1959,256
1960,222
1961,153
1962,71
1963,141
1964,73
1965,210
1966,233
1967,196
1968,210
1969,243
1970,101
1971,183
1972,237
1973,129
1974,193
1975,196
1976,171
1977,176
1978,197
1979,187
1980,143
1981,256
1982,233
1983,222
1984,187
1985,211
1986,207
1987,254
1988,229
1989,240
1990,171
1991,104
1992,240
1993,223
1994,154
1995,237
1996,48
1997,159
1998,226
1999,194
2000,168
2001,63
2002,147
2003,108
2004,207
2005,167
2006,214
2007,243
2008,63
2009,52
2010,247
2011,124
2012,230
2013,225
2014,152
2015,133
2016,173
2017,249
2018,186
2019,226
2020,245
2021,156
2022,213
2023,248
2024,191
2025,77
2026,210
2027,201
2028,136
2029,43
2030,223
2031,204
2032,66
2033,230
2034,99
2035,202
2036,229
2037,154
2038,242
2039,171
2040,207
2041,121
2042,148
2043,239
2044,147
2045,61
2046,239
2047,93
2048,45
2049,161
2050,215
2051,141
2052,119
2053,170
2054,238
2055,233
2056,29
2057,124
2058,195
2059,218
2060,192
2061,164
2062,131
2063,129
2064,199
2065,171
2066,234
2067,95
2068,138
2069,97
2070,197
2071,245
2072,117
2073,225
2074,206
2075,230
2076,225
2077,203
2078,166
2079,131
2080,217
2081,159
2082,145
2083,204
2084,222
2085,150
2086,165
2087,199
2088,237
2089,231
2090,179
2091,62
2092,236
2093,130
2094,174
2095,237
2096,158
2097,174
2098,172
2099,167
2100,138
2101,179
2102,155
2103,151
2104,221
2105,203
2106,193
2107,171
2108,187
2109,148
2110,232
2111,41
2112,148
2113,0
2114,91
2115,212
2116,42
2117,155
2118,145
2119,240
2120,194
2121,213
2122,151
2123,190
2124,245
2125,62
2126,189
2127,238
2128,226
2129,148
2130,157
2131,238
2132,78
2133,224
2134,154
2135,0
2136,210
2137,133
2138,155
2139,111
2140,114
2141,147
2142,176
2143,217
2144,144
2145,196
2146,75
2147,239
2148,107
2149,117
2150,180
2151,200
2152,124
2153,168
2154,211
2155,204
2156,180
2157,190
2158,210
2159,201
2160,168
2161,171
2162,163
2163,155
2164,197
2165,230
2166,146
2167,45
2168,25
2169,245
2170,239
2171,73
2172,217
2173,186
2174,211
2175,186
2176,155
2177,225
2178,158
2179,239
2180,118
2181,238
2182,0
2183,170
2184,33
2185,214
2186,143
2187,225
2188,233
2189,125
2190,200
2191,76
2192,220
2193,99
2194,207
2195,84
2196,208
2197,112
2198,218
2199,158
2200,188
2201,94
2202,212
2203,159
2204,83
2205,236
2206,97
2207,148
2208,168
2209,111
2210,106
2211,166
2212,132
2213,104
2214,164
2215,213
2216,211
2217,141
2218,42
2219,98
2220,176
2221,130
2222,215
2223,217
2224,143
2225,196
2226,208
2227,83
2228,169
2229,210
2230,250
2231,68
2232,153
2233,230
2234,225
2235,188
2236,144
2237,165
2238,171
2239,197
2240,151
2241,246
2242,178
2243,207
2244,243
2245,200
2246,185
2247,173
2248,0
2249,117
2250,151
2251,193
2252,228
2253,160
2254,139
2255,172
2256,162
2257,37
2258,186
2259,131
2260,201
2261,175
2262,202
2263,195
2264,240
2265,176
2266,146
2267,199
2268,231
2269,97
2270,98
2271,233
2272,160
2273,221
2274,170
2275,215
2276,163
2277,130
2278,22
2279,117
2280,177
2281,151
2282,141
2283,159
2284,45
2285,248
2286,114
2287,201
2288,244
2289,193
2290,155
2291,211
2292,32
2293,170
2294,127
2295,243
2296,166
2297,182
2298,228
2299,112
2300,190
2301,137
2302,188
2303,243
2304,161
2305,149
2306,0
2307,41
2308,223
2309,193
2310,210
2311,148
2312,217
2313,236
2314,127
2315,127
2316,76
2317,144
2318,248
2319,138
2320,240
2321,194
2322,142
2323,200
2324,191
2325,205
2326,115
2327,238
2328,149
2329,243
2330,113
2331,170
2332,204
2333,201
2334,204
2335,224
2336,87
2337,114
2338,180
2339,154
2340,218
2341,191
2342,131
2343,167
2344,242
2345,221
2346,137
2347,176
2348,214
2349,218
2350,174
2351,140
2352,194
2353,188
2354,198
2355,249
2356,175
2357,158
2358,208
2359,182
2360,179
2361,95
2362,201
2363,78
2364,256
2365,145
2366,243
2367,100
2368,218
2369,217
2370,202
2371,45
2372,238
2373,197
2374,93
2375,126
2376,217
2377,101
2378,90
2379,245
2380,165
2381,160
2382,174
2383,217
2384,0
2385,132
2386,206
2387,223
2388,138
2389,93
2390,210
2391,203
2392,130
2393,128
2394,83
2395,161
2396,217
2397,150
2398,211
2399,214
