0,56
1,231
2,227
3,177
4,215
5,138
6,171
7,60
8,190
9,131
10,138
11,176
12,228
13,224
14,251
15,137
16,134
17,218
18,149
19,71
20,110
21,165
22,146
23,194
24,4
25,160
26,181
27,137
28,110
29,216
30,217
31,151
32,163
33,152
34,137
35,25
36,224
37,175
38,223
39,243
40,123
41,220
42,157
43,62
44,194
45,231
46,224
47,194
48,141
49,95
50,156
51,142
52,241
53,242
54,213
55,168
56,185
57,160
58,179
59,138
60,64
61,165
62,123
63,197
64,211
65,83
66,190
67,150
68,128
69,136
70,110
71,179
72,211
73,205
74,137
75,134
76,139
77,104
78,150
79,206
80,208
81,178
82,197
83,193
84,189
85,128
86,188
87,248
88,217
89,206
90,152
91,131
92,84
93,233
94,150
95,173
96,115
97,152
98,195
99,222
100,171
101,238
102,177
103,225
104,93
105,144
106,188
107,165
108,136
109,120
110,207
111,164
112,214
113,0
114,203
115,160
116,101
117,136
118,215
119,186
120,198
121,0
122,188
123,226
124,201
125,120
126,174
127,192
128,154
129,81
130,168
131,196
132,204
133,79
134,197
135,132
136,57
137,219
138,185
139,197
140,131
141,210
142,87
143,173
144,198
145,181
146,157
147,207
148,110
149,209
150,121
151,142
152,130
153,150
154,155
155,217
156,236
157,109
158,198
159,186
160,199
161,170
162,86
163,145
164,231
165,232
166,155
167,217
168,166
169,218
170,191
171,167
172,142
173,237
174,110
175,114
176,188
177,83
178,132
179,182
180,138
181,155
182,70
183,129
184,170
185,164
186,122
187,192
188,63
189,159
190,83
191,240
192,176
193,151
194,132
195,203
196,143
197,210
198,239
199,165
200,130
201,216
202,223
203,191
204,151
205,171
206,189
207,165
208,198
209,230
210,146
211,202
212,199
213,216
214,198
215,207
216,200
217,54
218,173
219,205
220,203
221,179
222,243
223,145
224,183
225,213
226,166
227,240
228,210
229,206
230,80
231,185
232,107
233,145
234,99
235,94
236,177
237,130
238,158
239,230
240,145
241,130
242,233
243,209
244,116
245,223
246,181
247,41
248,211
249,165
250,160
251,173
252,161
253,99
254,202
255,143
256,211
257,145
258,183
259,237
260,213
261,112
262,182
263,197
264,130
265,182
266,93
267,186
268,139
269,199
270,240
271,69
272,111
273,157
274,66
275,215
276,150
277,160
278,137
279,149
280,90
281,222
282,101
283,151
284,181
285,67
286,117
287,130
288,193
289,166
290,198
291,229
292,229
293,200
294,139
295,236
296,150
297,181
298,204
299,213
300,181
301,167
302,218
303,173
304,194
305,225
306,241
307,142
308,201
309,162
310,224
311,63
312,169
313,105
314,148
315,116
316,167
317,214
318,167
319,40
320,143
321,121
322,195
323,219
324,224
325,160
326,204
327,238
328,236
329,126
330,147
331,171
332,246
333,208
334,217
335,182
336,160
337,210
338,158
339,198
340,244
341,149
342,67
343,140
344,125
345,142
346,161
347,156
348,247
349,116
350,248
351,185
352,123
353,106
354,189
355,207
356,196
357,169
358,197
359,135
360,117
361,184
362,175
363,140
364,135
365,198
366,80
367,210
368,216
369,170
370,215
371,192
372,233
373,109
374,96
375,171
376,161
377,169
378,149
379,190
380,147
381,155
382,40
383,145
384,219
385,122
386,121
387,222
388,106
389,244
390,155
391,189
392,232
393,27
394,135
395,239
396,223
397,206
398,238
399,140
400,167
401,117
402,237
403,244
404,190
405,110
406,101
407,145
408,191
409,224
410,239
411,224
412,208
413,102
414,101
415,189
416,236
417,248
418,152
419,177
420,127
421,107
422,157
423,101
424,208
425,226
426,111
427,221
428,172
429,158
430,230
431,217
432,89
433,227
434,175
435,98
436,133
437,202
438,202
439,176
440,137
441,224
442,128
443,98
444,173
445,88
446,180
447,186
448,210
449,209
450,201
451,135
452,237
453,131
454,218
455,141
456,214
457,220
458,207
459,185
460,231
461,136
462,170
463,229
464,239
465,115
466,94
467,179
468,183
469,246
470,114
471,224
472,161
473,117
474,165
475,155
476,232
477,170
478,82
479,245
480,183
481,119
482,187
483,205
484,85
485,223
486,107
487,228
488,248
489,111
490,210
491,240
492,128
493,205
494,94
495,249
496,219
497,233
498,154
499,163
500,209
501,240
502,228
503,243
504,134
505,191
506,196
507,186
508,200
509,196
510,111
511,189
512,214
513,126
514,162
515,243
516,224
517,149
518,220
519,229
520,208
521,157
522,112
523,238
524,172
525,236
526,193
527,168
528,193
529,201
530,221
531,223
532,154
533,198
534,213
535,171
536,231
537,108
538,238
539,194
540,240
541,161
542,122
543,194
544,221
545,173
546,154
547,234
548,208
549,160
550,128
551,167
552,145
553,165
554,243
555,170
556,162
557,202
558,134
559,234
560,206
561,246
562,140
563,227
564,132
565,189
566,76
567,215
568,193
569,159
570,188
571,229
572,197
573,173
574,237
575,137
576,216
577,239
578,168
579,240
580,209
581,244
582,206
583,131
584,187
585,136
586,173
587,201
588,173
589,219
590,218
591,150
592,177
593,142
594,124
595,142
596,208
597,236
598,147
599,166
600,147
601,243
602,91
603,100
604,152
605,229
606,160
607,173
608,182
609,110
610,120
611,183
612,196
613,70
614,226
615,117
616,28
617,161
618,235
619,188
620,58
621,184
622,227
623,186
624,117
625,196
626,174
627,210
628,224
629,132
630,214
631,222
632,111
633,150
634,196
635,208
636,234
637,168
638,168
639,105
640,203
641,177
642,239
643,185
644,184
645,141
646,240
647,175
648,199
649,69
650,133
651,203
652,201
653,222
654,179
655,208
656,132
657,197
658,188
659,208
660,134
661,207
662,168
663,173
664,187
665,192
666,234
667,214
668,131
669,213
670,125
671,140
672,168
673,151
674,241
675,199
676,214
677,161
678,138
679,94
680,213
681,135
682,142
683,199
684,218
685,213
686,151
687,221
688,203
689,174
690,95
691,216
692,13
693,244
694,240
695,170
696,113
697,179
698,137
699,129
700,124
701,226
702,234
703,244
704,73
705,209
706,65
707,167
708,135
709,245
710,134
711,225
712,109
713,229
714,155
715,111
716,160
717,249
718,185
719,82
720,206
721,189
722,155
723,56
724,209
725,145
726,186
727,2
728,114
729,209
730,225
731,84
732,164
733,186
734,237
735,162
736,215
737,142
738,179
739,69
740,182
741,216
742,84
743,243
744,224
745,91
746,198
747,94
748,158
749,200
750,73
751,193
752,195
753,183
754,198
755,224
756,195
757,217
758,238
759,125
760,158
761,252
762,246
763,213
764,228
765,214
766,239
767,160
768,222
769,182
770,229
771,69
772,234
773,174
774,127
775,246
776,189
777,234
778,192
779,244
780,152
781,210
782,116
783,194
784,103
785,200
786,76
787,159
788,91
789,224
790,173
791,122
792,90
793,203
794,227
795,126
796,129
797,239
798,84
799,118
800,224
801,147
802,182
803,238
804,244
805,129
806,116
807,199
808,204
809,175
810,215
811,212
812,178
813,137
814,211
815,197
816,126
817,167
818,226
819,181
820,155
821,160
822,217
823,205
824,192
825,165
826,224
827,150
828,243
829,204
830,201
831,207
832,125
833,217
834,158
835,150
836,184
837,155
838,248
839,230
840,8
841,94
842,173
843,213
844,137
845,122
846,141
847,238
848,184
849,219
850,204
851,14
852,71
853,159
854,187
855,141
856,196
857,245
858,159
859,224
860,218
861,151
862,196
863,156
864,164
865,222
866,226
867,237
868,242
869,240
870,155
871,210
872,216
873,188
874,164
875,220
876,169
877,187
878,173
879,173
880,56
881,180
882,200
883,170
884,183
885,131
886,223
887,243
888,179
889,240
890,176
891,86
892,102
893,192
894,165
895,162
896,177
897,56
898,186
899,208
900,169
901,149
902,202
903,152
904,228
905,131
906,199
907,136
908,165
909,157
910,113
911,223
912,101
913,214
914,140
915,240
916,191
917,165
918,189
919,55
920,159
921,146
922,137
923,179
924,193
925,171
926,150
927,195
928,114
929,213
930,108
931,102
932,156
933,210
934,177
935,152
936,195
937,219
938,193
939,133
940,171
941,220
942,164
943,147
944,202
945,156
946,170
947,118
948,197
949,128
950,130
951,124
952,212
953,232
954,160
955,239
956,187
957,206
958,148
959,45
960,180
961,227
962,60
963,196
964,179
965,81
966,135
967,196
968,129
969,219
970,227
971,156
972,164
973,59
974,162
975,119
976,196
977,130
978,212
979,239
980,200
981,174
982,149
983,153
984,156
985,237
986,195
987,220
988,237
989,136
990,240
991,138
992,185
993,205
994,215
995,200
996,163
997,238
998,106
999,217
1000,205
1001,160
1002,178
1003,245
1004,218
1005,227
1006,177
1007,181
1008,180
1009,186
1010,232
1011,190
1012,163
1013,186
1014,205
1015,226
1016,152
1017,186
1018,221
1019,245
1020,184
1021,247
1022,102
1023,144
1024,143
1025,213
1026,205
1027,93
1028,194
1029,185
1030,228
1031,137
1032,98
1033,155
1034,207
1035,189
1036,224
1037,162
1038,226
1039,162
1040,182
1041,92
1042,197
1043,159
1044,153
1045,221
1046,185
1047,154
1048,226
1049,109
1050,183
1051,192
1052,224
1053,170
1054,159
1055,149
1056,239
1057,207
1058,145
1059,205
1060,228
1061,156
1062,204
1063,168
1064,230
1065,220
1066,189
1067,235
1068,244
1069,204
1070,223
1071,188
1072,132
1073,215
1074,242
1075,170
1076,213
1077,192
1078,151
1079,171
1080,223
1081,162
1082,150
1083,133
1084,206
1085,216
1086,211
1087,157
1088,201
1089,164
1090,222
1091,183
1092,203
1093,169
1094,209
1095,228
1096,82
1097,195
1098,207
1099,210
1100,198
1101,224
1102,236
1103,219
1104,164
1105,210
1106,205
1107,115
1108,223
1109,203
1110,162
1111,136
1112,174
1113,219
1114,226
1115,152
1116,230
1117,156
1118,200
1119,129
1120,228
1121,205
1122,174
1123,117
1124,163
1125,148
1126,246
1127,224
1128,163
1129,207
1130,165
1131,233
1132,152
1133,236
1134,172
1135,193
1136,221
1137,197
1138,249
1139,191
1140,248
1141,172
1142,196
1143,124
1144,122
1145,133
1146,58
1147,251
1148,143
1149,208
1150,82
1151,228
1152,181
1153,190
1154,169
1155,188
1156,170
1157,206
1158,209
1159,224
1160,138
1161,234
1162,77
1163,248
1164,179
1165,239
1166,155
1167,218
1168,237
1169,205
1170,181
1171,182
1172,207
1173,174
1174,234
1175,248
1176,216
1177,201
1178,247
1179,128
1180,148
1181,124
1182,155
1183,117
1184,218
1185,235
1186,212
1187,206
1188,113
1189,203
1190,215
1191,124
1192,245
1193,199
1194,226
1195,246
1196,185
1197,184
1198,151
1199,236
1200,162
1201,246
1202,127
1203,202
1204,196
1205,184
1206,122
1207,188
1208,106
1209,210
1210,181
1211,215
1212,210
1213,200
1214,68
1215,192
1216,88
1217,201
1218,155
1219,249
1220,200
1221,204
1222,46
1223,122
1224,184
1225,29
1226,236
1227,138
1228,139
1229,238
1230,118
1231,102
1232,150
1233,165
1234,115
1235,191
1236,184
1237,178
1238,154
1239,217
1240,167
1241,140
1242,115
1243,228
1244,230
1245,248
1246,231
1247,133
1248,239
1249,168
1250,235
1251,171
1252,177
1253,182
1254,129
1255,141
1256,161
1257,240
1258,139
1259,116
1260,156
1261,218
1262,60
1263,246
1264,191
1265,173
1266,59
1267,82
1268,239
1269,202
1270,224
1271,193
1272,189
1273,220
1274,245
1275,214
1276,139
1277,107
1278,196
1279,251
1280,228
1281,92
1282,231
1283,151
1284,192
1285,82
1286,193
1287,0
1288,153
1289,188
1290,237
1291,222
1292,92
1293,200
1294,120
1295,149
1296,229
1297,90
1298,140
1299,97
1300,240
1301,161
1302,236
1303,157
1304,198
1305,229
1306,221
1307,232
1308,76
1309,173
1310,100
1311,165
1312,134
1313,217
1314,229
1315,221
1316,79
1317,186
1318,130
1319,204
1320,141
1321,136
1322,178
1323,239
1324,113
1325,141
1326,163
1327,85
1328,133
1329,215
1330,183
1331,88
1332,128
1333,155
1334,186
1335,143
1336,107
1337,117
1338,47
1339,211
1340,97
1341,198
1342,217
1343,188
1344,94
1345,93
1346,247
1347,70
1348,204
1349,165
1350,232
1351,0
1352,196
1353,10
1354,221
1355,102
1356,226
1357,203
1358,157
1359,157
1360,226
1361,121
1362,189
1363,65
1364,243
1365,242
1366,153
1367,172
1368,115
1369,127
1370,211
1371,196
1372,94
1373,125
1374,238
1375,244
1376,123
1377,198
1378,152
1379,214
1380,213
1381,114
1382,208
1383,232
1384,224
1385,59
1386,238
1387,208
1388,28
1389,40
1390,0
1391,221
1392,165
1393,200
1394,214
1395,85
1396,130
1397,81
1398,192
1399,178
1400,193
1401,194
1402,157
1403,209
1404,230
1405,147
1406,213
1407,105
1408,138
1409,221
1410,167
1411,213
1412,222
1413,213
1414,231
1415,114
1416,151
1417,135
1418,248
1419,194
1420,146
1421,225
1422,245
1423,143
1424,135
1425,233
1426,37
1427,142
1428,222
1429,220
1430,78
1431,174
1432,220
1433,125
1434,124
1435,243
1436,187
1437,126
1438,232
1439,243
1440,227
1441,98
1442,138
1443,229
1444,199
1445,225
1446,154
1447,155
1448,185
1449,100
1450,111
1451,184
1452,197
1453,96
1454,233
1455,246
1456,175
1457,35
1458,160
1459,158
1460,193
1461,213
1462,96
1463,155
1464,126
1465,194
1466,215
1467,217
1468,231
1469,164
1470,106
1471,198
1472,135
1473,161
1474,191
1475,198
1476,192
1477,108
1478,218
1479,170
1480,197
1481,138
1482,234
1483,227
1484,217
1485,92
1486,246
1487,178
1488,239
1489,225
1490,194
1491,34
1492,223
1493,220
1494,250
1495,236
1496,248
1497,225
1498,213
1499,173
1500,174
1501,198
1502,188
1503,153
1504,100
1505,166
1506,148
1507,87
1508,174
1509,183
1510,128
1511,182
1512,145
1513,110
1514,146
1515,236
1516,192
1517,203
1518,218
1519,102
1520,193
1521,238
1522,180
1523,68
1524,128
1525,222
1526,197
1527,209
1528,183
1529,218
1530,141
1531,103
1532,175
1533,234
1534,125
1535,100
1536,142
1537,166
1538,152
1539,221
1540,174
1541,234
1542,66
1543,208
1544,146
1545,128
1546,179
1547,166
1548,66
1549,181
1550,51
1551,91
1552,128
1553,191
1554,184
1555,166
1556,146
1557,232
1558,176
1559,159
1560,228
1561,117
1562,241
1563,170
1564,130
1565,163
1566,114
1567,165
1568,238
1569,10
1570,185
1571,170
1572,243
1573,236
1574,176
1575,237
1576,131
1577,128
1578,0
1579,230
1580,210
1581,128
1582,84
1583,232
1584,180
1585,187
1586,199
1587,140
1588,186
1589,132
1590,235
1591,221
1592,206
1593,199
1594,183
1595,70
1596,167
1597,135
1598,89
1599,120
1600,218
1601,204
1602,156
1603,182
1604,239
1605,224
1606,198
1607,162
1608,228
1609,213
1610,252
1611,164
1612,199
1613,222
1614,159
1615,163
1616,235
1617,158
1618,190
1619,172
1620,178
1621,205
1622,238
1623,177
1624,204
1625,192
1626,111
1627,106
1628,226
1629,167
1630,177
1631,218
1632,209
1633,196
1634,186
1635,233
1636,189
1637,227
1638,81
1639,210
1640,224
1641,161
1642,198
1643,183
1644,217
1645,202
1646,206
1647,253
1648,254
1649,248
1650,238
1651,243
1652,170
1653,128
1654,173
1655,248
1656,199
1657,179
1658,247
1659,218
1660,234
1661,153
1662,198
1663,215
1664,154
1665,249
1666,146
1667,194
1668,46
1669,127
1670,204
1671,181
1672,250
1673,255
1674,201
1675,244
1676,221
1677,235
1678,184
1679,171
1680,228
1681,142
1682,214
1683,176
1684,183
1685,242
1686,176
1687,232
1688,240
1689,175
1690,115
1691,119
1692,221
1693,162
1694,111
1695,194
1696,182
1697,41
1698,223
1699,248
1700,146
1701,213
1702,160
1703,226
1704,231
1705,198
1706,236
1707,152
1708,156
1709,231
1710,199
1711,226
1712,157
1713,138
1714,50
1715,223
1716,231
1717,178
1718,156
1719,223
1720,180
1721,137
1722,207
1723,49
1724,157
1725,191
1726,237
1727,200
1728,176
1729,148
1730,172
1731,225
1732,149
1733,206
1734,136
1735,205
1736,134
1737,172
1738,179
1739,214
1740,105
1741,151
1742,137
1743,232
1744,252
1745,147
1746,144
1747,118
1748,184
1749,179
1750,89
1751,154
1752,147
1753,85
1754,192
1755,214
1756,219
1757,151
1758,234
1759,195
1760,144
1761,36
1762,225
1763,174
1764,212
1765,126
1766,148
1767,149
1768,233
1769,153
1770,206
1771,112
1772,139
1773,159
1774,118
1775,245
1776,242
1777,152
1778,124
1779,186
1780,208
1781,197
1782,113
1783,59
1784,204
1785,124
1786,93
1787,201
1788,204
1789,78
1790,238
1791,244
1792,193
1793,94
1794,194
1795,232
1796,136
1797,191
1798,218
1799,223
1800,176
1801,224
1802,232
1803,104
1804,223
1805,213
1806,173
1807,194
1808,208
1809,215
1810,173
1811,199
1812,176
1813,243
1814,150
1815,178
1816,203
1817,180
1818,159
1819,83
1820,159
1821,175
1822,180
1823,146
1824,188
1825,152
1826,124
1827,188
1828,184
1829,225
1830,206
1831,233
1832,211
1833,146
1834,94
1835,207
1836,162
1837,152
1838,241
1839,211
1840,220
1841,206
1842,213
1843,137
1844,150
1845,86
1846,62
1847,167
1848,219
1849,135
1850,177
1851,187
1852,207
1853,173
1854,165
1855,148
1856,168
1857,239
1858,196
1859,213
1860,228
1861,113
1862,166
1863,234
1864,245
1865,151
1866,200
1867,243
1868,147
1869,247
1870,238
1871,210
1872,189
1873,181
1874,219
1875,218
1876,152
1877,165
1878,199
1879,187
1880,232
1881,144
1882,246
1883,220
1884,167
1885,215
1886,195
1887,127
1888,159
1889,159
1890,236
1891,103
1892,252
1893,240
1894,198
1895,244
1896,172
1897,173
1898,188
1899,154
1900,63
1901,233
1902,120
1903,201
1904,170
1905,202
1906,73
1907,151
1908,228
1909,130
1910,169
1911,247
1912,192
1913,141
1914,108
1915,243
1916,238
1917,240
1918,231
1919,169
1920,187
1921,189
1922,247
1923,194
1924,84
1925,178
1926,214
1927,170
1928,111
1929,158
1930,90
1931,131
1932,248
1933,164
1934,95
1935,254
1936,208
1937,172
1938,177
1939,167
1940,125
1941,235
1942,244
1943,203
1944,127
1945,163
1946,210
1947,224
1948,231
1949,231
1950,171
1951,175
1952,196
1953,186
1954,153
1955,158
1956,214
1957,176
1958,194
1959,196
1960,220
1961,121
1962,100
1963,158
1964,72
1965,219
1966,227
1967,193
1968,197
1969,241
1970,146
1971,177
1972,230
1973,131
1974,183
1975,193
1976,183
1977,170
1978,179
1979,193
1980,148
1981,233
1982,234
1983,218
1984,172
1985,207
1986,200
1987,254
1988,225
1989,228
1990,159
1991,108
1992,240
1993,221
1994,148
1995,236
1996,88
1997,139
1998,224
1999,191
2000,150
2001,102
2002,94
2003,86
2004,187
2005,186
2006,209
2007,241
2008,77
2009,88
2010,246
2011,81
2012,231
2013,197
2014,122
2015,100
2016,157
2017,248
2018,184
2019,226
2020,241
2021,131
2022,185
2023,245
2024,186
2025,80
2026,201
2027,198
2028,149
2029,65
2030,223
2031,202
2032,32
2033,225
2034,175
2035,205
2036,232
2037,149
2038,239
2039,162
2040,198
2041,125
2042,160
2043,242
2044,137
2045,41
2046,232
2047,85
2048,63
2049,163
2050,211
2051,109
2052,124
2053,146
2054,241
2055,233
2056,34
2057,130
2058,201
2059,247
2060,174
2061,154
2062,156
2063,123
2064,204
2065,185
2066,222
2067,83
2068,119
2069,103
2070,192
2071,242
2072,120
2073,216
2074,206
2075,223
2076,224
2077,208
2078,150
2079,162
2080,212
2081,126
2082,133
2083,189
2084,222
2085,158
2086,169
2087,176
2088,230
2089,225
2090,171
2091,62
2092,236
2093,114
2094,168
2095,231
2096,180
2097,194
2098,154
2099,171
2100,0
2101,175
2102,179
2103,157
2104,217
2105,188
2106,187
2107,125
2108,186
2109,152
2110,228
2111,60
2112,198
2113,94
2114,91
2115,220
2116,67
2117,165
2118,175
2119,248
2120,204
2121,215
2122,142
2123,181
2124,245
2125,70
2126,160
2127,235
2128,217
2129,25
2130,149
2131,236
2132,51
2133,226
2134,142
2135,0
2136,204
2137,119
2138,159
2139,23
2140,127
2141,126
2142,182
2143,218
2144,124
2145,188
2146,45
2147,238
2148,65
2149,109
2150,130
2151,203
2152,89
2153,176
2154,215
2155,203
2156,175
2157,183
2158,220
2159,197
2160,101
2161,140
2162,175
2163,175
2164,183
2165,231
2166,165
2167,0
2168,81
2169,242
2170,237
2171,96
2172,217
2173,180
2174,216
2175,215
2176,156
2177,224
2178,138
2179,233
2180,141
2181,237
2182,0
2183,164
2184,15
2185,200
2186,98
2187,226
2188,231
2189,153
2190,183
2191,6
2192,192
2193,109
2194,203
2195,78
2196,205
2197,144
2198,227
2199,168
2200,178
2201,73
2202,203
2203,163
2204,117
2205,234
2206,111
2207,126
2208,172
2209,64
2210,118
2211,179
2212,159
2213,121
2214,166
2215,215
2216,208
2217,131
2218,63
2219,76
2220,184
2221,95
2222,199
2223,208
2224,142
2225,186
2226,207
2227,107
2228,172
2229,203
2230,248
2231,53
2232,139
2233,221
2234,225
2235,215
2236,123
2237,158
2238,157
2239,203
2240,146
2241,247
2242,202
2243,188
2244,244
2245,200
2246,187
2247,168
2248,0
2249,73
2250,161
2251,201
2252,220
2253,151
2254,143
2255,183
2256,185
2257,51
2258,188
2259,147
2260,182
2261,185
2262,193
2263,206
2264,231
2265,170
2266,127
2267,198
2268,224
2269,93
2270,101
2271,234
2272,124
2273,218
2274,187
2275,217
2276,162
2277,99
2278,28
2279,141
2280,177
2281,143
2282,152
2283,151
2284,87
2285,248
2286,80
2287,198
2288,244
2289,194
2290,146
2291,220
2292,64
2293,188
2294,132
2295,241
2296,189
2297,202
2298,228
2299,117
2300,214
2301,145
2302,190
2303,240
2304,159
2305,130
2306,0
2307,43
2308,221
2309,180
2310,211
2311,136
2312,219
2313,228
2314,106
2315,148
2316,80
2317,139
2318,244
2319,122
2320,237
2321,205
2322,138
2323,199
2324,204
2325,228
2326,126
2327,236
2328,161
2329,241
2330,119
2331,175
2332,202
2333,181
2334,175
2335,224
2336,130
2337,129
2338,184
2339,184
2340,209
2341,193
2342,179
2343,140
2344,220
2345,227
2346,157
2347,164
2348,208
2349,214
2350,168
2351,118
2352,184
2353,196
2354,203
2355,166
2356,157
2357,145
2358,201
2359,196
2360,172
2361,76
2362,182
2363,109
2364,222
2365,148
2366,243
2367,90
2368,205
2369,201
2370,178
2371,97
2372,238
2373,175
2374,52
2375,75
2376,213
2377,113
2378,57
2379,240
2380,150
2381,181
2382,178
2383,214
2384,8
2385,161
2386,208
2387,215
2388,170
2389,126
2390,199
2391,188
2392,145
2393,136
2394,107
2395,203
2396,219
2397,123
2398,211
2399,206
