0,62
1,245
2,231
3,178
4,207
5,157
6,187
7,100
8,200
9,122
10,161
11,204
12,234
13,236
14,234
15,163
16,148
17,229
18,153
19,119
20,131
21,165
22,172
23,203
24,120
25,140
26,181
27,143
28,131
29,226
30,223
31,151
32,175
33,175
34,159
35,93
36,236
37,191
38,228
39,243
40,154
41,230
42,167
43,83
44,197
45,239
46,222
47,204
48,162
49,84
50,187
51,165
52,241
53,243
54,224
55,178
56,191
57,148
58,156
59,145
60,69
61,207
62,137
63,205
64,204
65,142
66,215
67,151
68,147
69,152
70,126
71,193
72,213
73,214
74,153
75,123
76,154
77,152
78,193
79,208
80,218
81,164
82,195
83,197
84,188
85,125
86,198
87,248
88,221
89,202
90,178
91,130
92,180
93,239
94,183
95,199
96,136
97,135
98,209
99,225
100,179
101,240
102,212
103,226
104,102
105,140
106,195
107,184
108,166
109,132
110,223
111,208
112,209
113,51
114,214
115,207
116,130
117,166
118,225
119,201
120,196
121,25
122,182
123,222
124,188
125,169
126,175
127,203
128,174
129,128
130,189
131,191
132,216
133,71
134,187
135,142
136,100
137,220
138,200
139,208
140,140
141,213
142,83
143,197
144,208
145,173
146,196
147,204
148,170
149,212
150,118
151,109
152,166
153,165
154,152
155,233
156,245
157,115
158,221
159,193
160,202
161,192
162,103
163,151
164,223
165,226
166,178
167,224
168,166
169,236
170,207
171,164
172,147
173,239
174,154
175,159
176,169
177,93
178,161
179,193
180,182
181,178
182,119
183,147
184,178
185,203
186,178
187,216
188,114
189,183
190,117
191,239
192,173
193,148
194,139
195,214
196,174
197,224
198,242
199,172
200,256
201,225
202,225
203,195
204,200
205,201
206,216
207,198
208,217
209,232
210,144
211,210
212,213
213,213
214,256
215,191
216,220
217,117
218,256
219,216
220,209
221,182
222,245
223,186
224,222
225,225
226,198
227,243
228,216
229,214
230,105
231,210
232,143
233,143
234,157
235,108
236,192
237,154
238,176
239,232
240,256
241,166
242,236
243,214
244,193
245,228
246,205
247,90
248,223
249,197
250,206
251,176
252,206
253,133
254,200
255,157
256,223
257,244
258,204
259,239
260,233
261,160
262,256
263,201
264,165
265,187
266,256
267,186
268,176
269,214
270,242
271,101
272,126
273,165
274,113
275,214
276,192
277,173
278,162
279,169
280,122
281,229
282,150
283,180
284,201
285,143
286,136
287,169
288,208
289,194
290,212
291,234
292,230
293,208
294,248
295,238
296,256
297,236
298,202
299,230
300,197
301,156
302,212
303,179
304,211
305,233
306,241
307,152
308,209
309,186
310,212
311,143
312,187
313,108
314,152
315,149
316,187
317,223
318,175
319,142
320,179
321,135
322,222
323,232
324,226
325,188
326,223
327,238
328,232
329,154
330,164
331,191
332,247
333,209
334,223
335,201
336,148
337,207
338,171
339,186
340,243
341,157
342,116
343,155
344,129
345,153
346,180
347,145
348,247
349,129
350,249
351,196
352,123
353,118
354,210
355,204
356,193
357,150
358,221
359,207
360,134
361,160
362,201
363,164
364,153
365,202
366,104
367,194
368,234
369,189
370,217
371,205
372,227
373,133
374,157
375,147
376,171
377,168
378,173
379,194
380,169
381,163
382,116
383,165
384,224
385,139
386,122
387,226
388,122
389,243
390,168
391,182
392,224
393,148
394,154
395,241
396,230
397,227
398,237
399,129
400,180
401,109
402,244
403,243
404,178
405,120
406,83
407,167
408,204
409,230
410,240
411,233
412,217
413,172
414,97
415,209
416,239
417,249
418,166
419,172
420,165
421,79
422,164
423,126
424,206
425,233
426,105
427,227
428,202
429,140
430,247
431,236
432,113
433,234
434,172
435,112
436,180
437,210
438,212
439,189
440,140
441,223
442,142
443,109
444,203
445,116
446,190
447,198
448,228
449,216
450,216
451,167
452,246
453,153
454,232
455,179
456,221
457,229
458,215
459,201
460,237
461,126
462,165
463,231
464,244
465,151
466,129
467,184
468,205
469,246
470,172
471,237
472,166
473,112
474,182
475,147
476,240
477,174
478,201
479,247
480,193
481,162
482,206
483,213
484,64
485,231
486,111
487,231
488,249
489,111
490,226
491,242
492,155
493,214
494,105
495,252
496,231
497,230
498,164
499,158
500,223
501,239
502,234
503,244
504,174
505,184
506,202
507,197
508,214
509,207
510,150
511,225
512,216
513,147
514,178
515,245
516,229
517,165
518,235
519,227
520,223
521,153
522,151
523,244
524,190
525,244
526,206
527,140
528,209
529,208
530,225
531,219
532,163
533,230
534,221
535,207
536,236
537,130
538,242
539,197
540,154
541,202
542,133
543,213
544,224
545,189
546,161
547,234
548,213
549,200
550,136
551,194
552,197
553,170
554,248
555,213
556,151
557,213
558,152
559,234
560,225
561,247
562,137
563,230
564,152
565,212
566,138
567,226
568,226
569,206
570,222
571,230
572,196
573,209
574,243
575,138
576,219
577,235
578,212
579,242
580,217
581,242
582,215
583,172
584,201
585,158
586,195
587,178
588,201
589,237
590,218
591,166
592,198
593,155
594,128
595,164
596,206
597,234
598,157
599,125
600,144
601,243
602,90
603,89
604,149
605,232
606,150
607,166
608,190
609,124
610,148
611,198
612,203
613,71
614,226
615,140
616,40
617,187
618,237
619,191
620,98
621,183
622,231
623,165
624,146
625,212
626,179
627,230
628,234
629,126
630,214
631,225
632,152
633,163
634,209
635,213
636,238
637,175
638,255
639,151
640,203
641,182
642,241
643,193
644,213
645,158
646,240
647,191
648,215
649,91
650,146
651,221
652,206
653,227
654,204
655,210
656,168
657,207
658,190
659,226
660,140
661,219
662,192
663,190
664,201
665,199
666,233
667,217
668,125
669,215
670,153
671,151
672,185
673,187
674,242
675,209
676,212
677,166
678,147
679,146
680,225
681,146
682,159
683,214
684,228
685,211
686,157
687,233
688,224
689,198
690,100
691,211
692,78
693,248
694,238
695,187
696,135
697,193
698,150
699,146
700,150
701,241
702,236
703,246
704,159
705,217
706,91
707,198
708,160
709,244
710,162
711,232
712,153
713,233
714,179
715,129
716,173
717,249
718,196
719,126
720,211
721,198
722,169
723,86
724,184
725,107
726,202
727,100
728,119
729,215
730,215
731,137
732,175
733,173
734,239
735,189
736,220
737,169
738,188
739,76
740,186
741,223
742,133
743,244
744,226
745,124
746,202
747,107
748,160
749,197
750,83
751,206
752,207
753,187
754,200
755,219
756,200
757,220
758,242
759,121
760,190
761,252
762,246
763,230
764,227
765,216
766,240
767,143
768,207
769,195
770,239
771,93
772,205
773,197
774,135
775,244
776,203
777,234
778,202
779,244
780,172
781,224
782,94
783,215
784,143
785,198
786,84
787,181
788,131
789,225
790,186
791,126
792,106
793,208
794,233
795,101
796,85
797,242
798,109
799,142
800,226
801,162
802,187
803,249
804,246
805,151
806,134
807,204
808,208
809,198
810,214
811,209
812,165
813,148
814,206
815,207
816,140
817,152
818,235
819,196
820,151
821,166
822,232
823,193
824,200
825,189
826,227
827,153
828,246
829,212
830,201
831,207
832,148
833,227
834,158
835,172
836,188
837,172
838,248
839,232
840,146
841,94
842,184
843,209
844,147
845,137
846,146
847,240
848,206
849,222
850,219
851,64
852,113
853,170
854,183
855,135
856,209
857,245
858,187
859,232
860,214
861,158
862,196
863,164
864,193
865,228
866,227
867,242
868,245
869,244
870,190
871,226
872,221
873,196
874,164
875,221
876,167
877,201
878,202
879,172
880,98
881,199
882,208
883,178
884,199
885,154
886,225
887,245
888,184
889,242
890,205
891,71
892,121
893,206
894,201
895,170
896,177
897,98
898,205
899,209
900,166
901,161
902,209
903,206
904,229
905,150
906,203
907,160
908,166
909,165
910,137
911,224
912,149
913,210
914,144
915,241
916,210
917,174
918,185
919,70
920,186
921,183
922,174
923,141
924,203
925,183
926,159
927,202
928,166
929,209
930,138
931,133
932,177
933,221
934,202
935,195
936,179
937,230
938,191
939,152
940,173
941,222
942,174
943,182
944,214
945,131
946,178
947,157
948,215
949,169
950,178
951,135
952,216
953,237
954,216
955,245
956,208
957,210
958,185
959,95
960,204
961,236
962,67
963,218
964,182
965,127
966,129
967,189
968,133
969,212
970,226
971,178
972,196
973,39
974,198
975,135
976,213
977,111
978,217
979,243
980,207
981,221
982,192
983,194
984,170
985,238
986,203
987,232
988,237
989,157
990,244
991,141
992,195
993,217
994,218
995,207
996,184
997,242
998,182
999,224
1000,212
1001,147
1002,182
1003,244
1004,220
1005,233
1006,256
1007,207
1008,197
1009,256
1010,235
1011,194
1012,189
1013,200
1014,220
1015,226
1016,256
1017,197
1018,219
1019,245
1020,256
1021,248
1022,134
1023,186
1024,166
1025,227
1026,208
1027,104
1028,196
1029,203
1030,237
1031,161
1032,140
1033,166
1034,205
1035,209
1036,231
1037,203
1038,235
1039,190
1040,196
1041,142
1042,201
1043,166
1044,141
1045,224
1046,185
1047,173
1048,237
1049,124
1050,192
1051,199
1052,220
1053,186
1054,141
1055,177
1056,242
1057,205
1058,174
1059,214
1060,228
1061,187
1062,202
1063,177
1064,227
1065,212
1066,256
1067,238
1068,245
1069,206
1070,232
1071,193
1072,154
1073,226
1074,242
1075,195
1076,222
1077,206
1078,180
1079,184
1080,227
1081,168
1082,194
1083,175
1084,212
1085,227
1086,211
1087,134
1088,208
1089,142
1090,222
1091,180
1092,219
1093,176
1094,218
1095,241
1096,114
1097,215
1098,213
1099,225
1100,199
1101,227
1102,234
1103,227
1104,176
1105,219
1106,222
1107,177
1108,227
1109,221
1110,200
1111,155
1112,173
1113,226
1114,235
1115,175
1116,231
1117,169
1118,182
1119,160
1120,228
1121,204
1122,171
1123,148
1124,165
1125,173
1126,245
1127,228
1128,192
1129,214
1130,192
1131,241
1132,174
1133,239
1134,176
1135,200
1136,209
1137,197
1138,248
1139,183
1140,248
1141,200
1142,200
1143,96
1144,140
1145,165
1146,98
1147,252
1148,160
1149,207
1150,69
1151,229
1152,194
1153,178
1154,176
1155,186
1156,189
1157,216
1158,211
1159,219
1160,192
1161,236
1162,112
1163,249
1164,162
1165,243
1166,163
1167,226
1168,239
1169,218
1170,180
1171,180
1172,226
1173,180
1174,241
1175,249
1176,218
1177,172
1178,248
1179,122
1180,195
1181,137
1182,143
1183,144
1184,218
1185,235
1186,213
1187,185
1188,106
1189,194
1190,219
1191,121
1192,246
1193,221
1194,232
1195,249
1196,188
1197,192
1198,166
1199,234
1200,167
1201,248
1202,115
1203,219
1204,162
1205,184
1206,122
1207,167
1208,121
1209,196
1210,174
1211,219
1212,215
1213,210
1214,80
1215,105
1216,114
1217,187
1218,135
1219,251
1220,202
1221,192
1222,30
1223,110
1224,157
1225,43
1226,243
1227,110
1228,166
1229,242
1230,120
1231,43
1232,149
1233,165
1234,128
1235,171
1236,192
1237,161
1238,150
1239,207
1240,205
1241,157
1242,127
1243,211
1244,232
1245,249
1246,206
1247,155
1248,239
1249,168
1250,223
1251,181
1252,181
1253,179
1254,83
1255,105
1256,188
1257,239
1258,149
1259,150
1260,166
1261,219
1262,57
1263,248
1264,166
1265,166
1266,66
1267,109
1268,236
1269,187
1270,235
1271,196
1272,177
1273,223
1274,247
1275,228
1276,152
1277,76
1278,213
1279,252
1280,136
1281,104
1282,231
1283,147
1284,133
1285,90
1286,170
1287,16
1288,150
1289,147
1290,233
1291,224
1292,125
1293,194
1294,108
1295,144
1296,245
1297,84
1298,190
1299,52
1300,247
1301,167
1302,238
1303,151
1304,198
1305,234
1306,217
1307,230
1308,59
1309,176
1310,115
1311,161
1312,103
1313,218
1314,216
1315,223
1316,97
1317,179
1318,114
1319,195
1320,124
1321,100
1322,160
1323,236
1324,60
1325,140
1326,127
1327,62
1328,155
1329,218
1330,193
1331,101
1332,119
1333,150
1334,147
1335,112
1336,111
1337,164
1338,9
1339,210
1340,80
1341,190
1342,208
1343,203
1344,99
1345,130
1346,248
1347,130
1348,213
1349,162
1350,238
1351,0
1352,191
1353,9
1354,220
1355,90
1356,222
1357,207
1358,160
1359,142
1360,220
1361,103
1362,166
1363,64
1364,245
1365,240
1366,164
1367,183
1368,132
1369,147
1370,221
1371,198
1372,75
1373,147
1374,242
1375,249
1376,169
1377,198
1378,179
1379,225
1380,186
1381,115
1382,211
1383,231
1384,220
1385,67
1386,239
1387,222
1388,61
1389,45
1390,74
1391,225
1392,172
1393,155
1394,189
1395,66
1396,154
1397,107
1398,168
1399,181
1400,186
1401,202
1402,134
1403,204
1404,232
1405,140
1406,205
1407,104
1408,135
1409,219
1410,183
1411,200
1412,219
1413,203
1414,230
1415,114
1416,180
1417,116
1418,234
1419,200
1420,155
1421,221
1422,245
1423,123
1424,144
1425,238
1426,64
1427,118
1428,228
1429,256
1430,34
1431,186
1432,204
1433,114
1434,143
1435,243
1436,141
1437,143
1438,236
1439,243
1440,233
1441,105
1442,156
1443,244
1444,194
1445,221
1446,134
1447,155
1448,185
1449,94
1450,86
1451,178
1452,207
1453,112
1454,237
1455,247
1456,188
1457,105
1458,177
1459,168
1460,196
1461,256
1462,38
1463,172
1464,87
1465,199
1466,212
1467,226
1468,225
1469,172
1470,121
1471,201
1472,132
1473,155
1474,217
1475,217
1476,199
1477,106
1478,219
1479,158
1480,149
1481,157
1482,236
1483,225
1484,223
1485,256
1486,248
1487,152
1488,245
1489,228
1490,190
1491,56
1492,231
1493,226
1494,251
1495,231
1496,249
1497,230
1498,214
1499,172
1500,132
1501,196
1502,211
1503,172
1504,142
1505,163
1506,102
1507,74
1508,200
1509,195
1510,137
1511,190
1512,153
1513,60
1514,134
1515,234
1516,196
1517,203
1518,220
1519,99
1520,181
1521,239
1522,172
1523,88
1524,123
1525,224
1526,191
1527,208
1528,195
1529,223
1530,124
1531,111
1532,161
1533,238
1534,149
1535,92
1536,118
1537,162
1538,144
1539,225
1540,183
1541,238
1542,64
1543,206
1544,151
1545,113
1546,187
1547,161
1548,85
1549,178
1550,36
1551,100
1552,158
1553,180
1554,178
1555,157
1556,117
1557,210
1558,181
1559,151
1560,225
1561,117
1562,243
1563,184
1564,147
1565,162
1566,108
1567,168
1568,240
1569,53
1570,171
1571,174
1572,246
1573,238
1574,210
1575,237
1576,142
1577,127
1578,98
1579,232
1580,213
1581,162
1582,106
1583,230
1584,189
1585,196
1586,208
1587,135
1588,203
1589,171
1590,233
1591,220
1592,212
1593,203
1594,174
1595,6
1596,157
1597,126
1598,110
1599,143
1600,219
1601,196
1602,148
1603,172
1604,239
1605,218
1606,194
1607,170
1608,229
1609,177
1610,252
1611,143
1612,183
1613,224
1614,171
1615,103
1616,235
1617,173
1618,185
1619,176
1620,152
1621,215
1622,238
1623,167
1624,200
1625,194
1626,97
1627,111
1628,233
1629,164
1630,159
1631,224
1632,206
1633,194
1634,195
1635,235
1636,200
1637,236
1638,95
1639,215
1640,226
1641,191
1642,168
1643,202
1644,228
1645,214
1646,231
1647,254
1648,254
1649,250
1650,233
1651,243
1652,170
1653,139
1654,144
1655,248
1656,195
1657,179
1658,248
1659,220
1660,228
1661,185
1662,198
1663,215
1664,155
1665,250
1666,175
1667,184
1668,110
1669,178
1670,201
1671,214
1672,251
1673,255
1674,206
1675,245
1676,221
1677,233
1678,164
1679,138
1680,230
1681,175
1682,228
1683,192
1684,151
1685,234
1686,170
1687,220
1688,239
1689,145
1690,132
1691,133
1692,223
1693,170
1694,122
1695,169
1696,206
1697,17
1698,214
1699,247
1700,150
1701,215
1702,151
1703,229
1704,204
1705,187
1706,240
1707,140
1708,190
1709,231
1710,201
1711,214
1712,140
1713,133
1714,28
1715,221
1716,229
1717,188
1718,105
1719,223
1720,144
1721,117
1722,190
1723,62
1724,63
1725,185
1726,239
1727,178
1728,173
1729,152
1730,134
1731,228
1732,141
1733,200
1734,164
1735,215
1736,128
1737,119
1738,188
1739,224
1740,80
1741,145
1742,152
1743,229
1744,251
1745,147
1746,146
1747,121
1748,188
1749,163
1750,97
1751,125
1752,139
1753,99
1754,190
1755,213
1756,223
1757,143
1758,225
1759,186
1760,78
1761,53
1762,226
1763,136
1764,218
1765,154
1766,166
1767,166
1768,233
1769,140
1770,200
1771,127
1772,125
1773,170
1774,101
1775,247
1776,242
1777,179
1778,115
1779,173
1780,219
1781,195
1782,32
1783,42
1784,197
1785,160
1786,116
1787,228
1788,203
1789,121
1790,239
1791,249
1792,198
1793,88
1794,199
1795,226
1796,152
1797,187
1798,221
1799,208
1800,175
1801,226
1802,233
1803,93
1804,222
1805,212
1806,160
1807,201
1808,199
1809,226
1810,198
1811,203
1812,186
1813,247
1814,162
1815,169
1816,187
1817,175
1818,166
1819,73
1820,148
1821,207
1822,208
1823,141
1824,212
1825,169
1826,138
1827,207
1828,194
1829,236
1830,212
1831,235
1832,217
1833,256
1834,99
1835,200
1836,185
1837,147
1838,240
1839,205
1840,214
1841,256
1842,210
1843,135
1844,150
1845,104
1846,44
1847,158
1848,225
1849,132
1850,177
1851,192
1852,216
1853,140
1854,182
1855,111
1856,201
1857,241
1858,202
1859,207
1860,227
1861,176
1862,130
1863,234
1864,246
1865,117
1866,220
1867,246
1868,87
1869,249
1870,232
1871,256
1872,195
1873,214
1874,228
1875,234
1876,143
1877,146
1878,206
1879,136
1880,238
1881,181
1882,249
1883,221
1884,168
1885,221
1886,197
1887,140
1888,174
1889,166
1890,235
1891,110
1892,252
1893,240
1894,207
1895,250
1896,136
1897,198
1898,251
1899,172
1900,106
1901,234
1902,193
1903,207
1904,178
1905,208
1906,82
1907,184
1908,234
1909,143
1910,171
1911,250
1912,184
1913,103
1914,82
1915,238
1916,238
1917,240
1918,233
1919,114
1920,201
1921,169
1922,247
1923,199
1924,91
1925,169
1926,209
1927,119
1928,92
1929,175
1930,79
1931,84
1932,248
1933,158
1934,130
1935,254
1936,212
1937,161
1938,190
1939,139
1940,109
1941,234
1942,247
1943,187
1944,128
1945,128
1946,214
1947,218
1948,229
1949,228
1950,194
1951,205
1952,227
1953,174
1954,135
1955,97
1956,211
1957,193
1958,207
1959,210
1960,222
1961,159
1962,75
1963,143
1964,55
1965,211
1966,242
1967,188
1968,207
1969,247
1970,116
1971,179
1972,236
1973,101
1974,194
1975,204
1976,151
1977,164
1978,191
1979,185
1980,174
1981,234
1982,232
1983,223
1984,192
1985,206
1986,212
1987,253
1988,228
1989,249
1990,115
1991,126
1992,234
1993,221
1994,151
1995,231
1996,70
1997,150
1998,230
1999,205
2000,154
2001,51
2002,114
2003,87
2004,196
2005,170
2006,214
2007,244
2008,108
2009,39
2010,248
2011,110
2012,227
2013,223
2014,158
2015,113
2016,190
2017,249
2018,190
2019,225
2020,245
2021,131
2022,202
2023,246
2024,185
2025,86
2026,208
2027,200
2028,142
2029,42
2030,229
2031,209
2032,29
2033,221
2034,91
2035,189
2036,226
2037,160
2038,243
2039,165
2040,195
2041,127
2042,158
2043,240
2044,158
2045,21
2046,232
2047,61
2048,85
2049,164
2050,198
2051,149
2052,109
2053,153
2054,239
2055,235
2056,20
2057,87
2058,190
2059,244
2060,176
2061,141
2062,144
2063,131
2064,195
2065,175
2066,228
2067,123
2068,128
2069,98
2070,197
2071,243
2072,125
2073,221
2074,211
2075,226
2076,224
2077,198
2078,164
2079,117
2080,209
2081,156
2082,143
2083,215
2084,226
2085,152
2086,167
2087,198
2088,246
2089,225
2090,189
2091,56
2092,237
2093,115
2094,168
2095,239
2096,188
2097,194
2098,158
2099,136
2100,37
2101,184
2102,176
2103,154
2104,207
2105,194
2106,192
2107,136
2108,174
2109,155
2110,228
2111,26
2112,151
2113,18
2114,49
2115,216
2116,26
2117,132
2118,127
2119,236
2120,176
2121,191
2122,137
2123,136
2124,245
2125,45
2126,182
2127,237
2128,210
2129,130
2130,145
2131,237
2132,54
2133,220
2134,146
2135,0
2136,217
2137,68
2138,159
2139,70
2140,95
2141,139
2142,170
2143,222
2144,152
2145,190
2146,87
2147,240
2148,43
2149,106
2150,132
2151,195
2152,123
2153,151
2154,207
2155,206
2156,180
2157,188
2158,213
2159,198
2160,141
2161,150
2162,160
2163,149
2164,167
2165,233
2166,149
2167,17
2168,72
2169,243
2170,239
2171,91
2172,218
2173,197
2174,205
2175,187
2176,154
2177,225
2178,168
2179,235
2180,117
2181,237
2182,0
2183,158
2184,40
2185,218
2186,130
2187,229
2188,233
2189,124
2190,194
2191,23
2192,220
2193,94
2194,211
2195,91
2196,227
2197,73
2198,219
2199,181
2200,189
2201,85
2202,220
2203,159
2204,96
2205,236
2206,117
2207,157
2208,159
2209,77
2210,98
2211,174
2212,146
2213,55
2214,163
2215,222
2216,210
2217,142
2218,74
2219,133
2220,164
2221,133
2222,208
2223,219
2224,142
2225,197
2226,216
2227,117
2228,161
2229,207
2230,250
2231,59
2232,137
2233,229
2234,224
2235,197
2236,144
2237,166
2238,162
2239,195
2240,157
2241,247
2242,196
2243,204
2244,243
2245,202
2246,188
2247,169
2248,0
2249,132
2250,148
2251,189
2252,221
2253,141
2254,131
2255,172
2256,165
2257,107
2258,185
2259,122
2260,184
2261,187
2262,191
2263,206
2264,239
2265,184
2266,163
2267,216
2268,226
2269,73
2270,133
2271,234
2272,148
2273,209
2274,186
2275,220
2276,154
2277,127
2278,0
2279,107
2280,170
2281,160
2282,155
2283,151
2284,57
2285,247
2286,129
2287,195
2288,243
2289,187
2290,148
2291,208
2292,50
2293,175
2294,121
2295,242
2296,179
2297,186
2298,226
2299,109
2300,205
2301,155
2302,189
2303,245
2304,167
2305,136
2306,0
2307,18
2308,226
2309,186
2310,213
2311,157
2312,205
2313,231
2314,89
2315,136
2316,79
2317,127
2318,251
2319,123
2320,229
2321,183
2322,133
2323,187
2324,188
2325,200
2326,126
2327,238
2328,150
2329,243
2330,128
2331,182
2332,204
2333,187
2334,201
2335,224
2336,91
2337,110
2338,172
2339,172
2340,204
2341,205
2342,151
2343,170
2344,240
2345,221
2346,154
2347,187
2348,215
2349,221
2350,166
2351,140
2352,200
2353,171
2354,201
2355,184
2356,178
2357,141
2358,203
2359,189
2360,185
2361,75
2362,214
2363,85
2364,242
2365,119
2366,243
2367,93
2368,199
2369,229
2370,190
2371,73
2372,238
2373,195
2374,53
2375,138
2376,217
2377,105
2378,82
2379,245
2380,165
2381,158
2382,143
2383,221
2384,0
2385,145
2386,208
2387,224
2388,150
2389,111
2390,213
2391,190
2392,166
2393,155
2394,96
2395,133
2396,220
2397,137
2398,209
2399,207
