0,40
1,236
2,233
3,175
4,213
5,156
6,182
7,77
8,198
9,128
10,123
11,184
12,228
13,230
14,246
15,140
16,131
17,208
18,149
19,89
20,124
21,167
22,120
23,191
24,6
25,127
26,184
27,160
28,134
29,222
30,217
31,147
32,162
33,150
34,120
35,45
36,225
37,172
38,224
39,242
40,117
41,214
42,178
43,48
44,173
45,229
46,210
47,205
48,126
49,108
50,156
51,126
52,240
53,242
54,204
55,167
56,191
57,169
58,171
59,142
60,70
61,166
62,143
63,192
64,209
65,90
66,223
67,135
68,133
69,134
70,135
71,181
72,210
73,210
74,99
75,115
76,123
77,127
78,192
79,194
80,218
81,172
82,198
83,197
84,185
85,120
86,197
87,247
88,216
89,205
90,96
91,147
92,76
93,237
94,158
95,181
96,87
97,134
98,200
99,223
100,182
101,238
102,192
103,221
104,87
105,144
106,185
107,165
108,140
109,102
110,229
111,204
112,219
113,0
114,210
115,173
116,54
117,126
118,217
119,179
120,194
121,0
122,200
123,228
124,206
125,118
126,180
127,190
128,152
129,89
130,201
131,193
132,206
133,71
134,196
135,117
136,71
137,219
138,188
139,197
140,124
141,208
142,77
143,184
144,206
145,171
146,158
147,205
148,90
149,221
150,111
151,136
152,138
153,170
154,148
155,218
156,237
157,155
158,195
159,184
160,209
161,158
162,95
163,138
164,231
165,229
166,154
167,217
168,174
169,224
170,188
171,165
172,136
173,238
174,106
175,138
176,186
177,86
178,142
179,186
180,145
181,148
182,16
183,125
184,177
185,158
186,127
187,222
188,60
189,163
190,87
191,241
192,167
193,145
194,133
195,208
196,147
197,220
198,240
199,156
200,152
201,220
202,217
203,190
204,151
205,188
206,179
207,169
208,205
209,231
210,152
211,207
212,209
213,214
214,204
215,196
216,192
217,38
218,162
219,204
220,208
221,175
222,245
223,164
224,200
225,216
226,175
227,242
228,210
229,218
230,74
231,196
232,113
233,142
234,113
235,104
236,179
237,137
238,149
239,231
240,132
241,127
242,236
243,214
244,131
245,217
246,190
247,80
248,214
249,177
250,166
251,167
252,156
253,113
254,202
255,151
256,218
257,156
258,184
259,238
260,212
261,113
262,168
263,196
264,131
265,191
266,108
267,177
268,153
269,205
270,238
271,91
272,109
273,159
274,70
275,215
276,160
277,169
278,158
279,135
280,94
281,231
282,117
283,149
284,186
285,77
286,117
287,134
288,193
289,170
290,201
291,231
292,228
293,204
294,188
295,236
296,154
297,191
298,192
299,212
300,196
301,170
302,219
303,181
304,216
305,232
306,236
307,117
308,213
309,162
310,230
311,116
312,181
313,120
314,139
315,101
316,200
317,213
318,154
319,49
320,147
321,99
322,205
323,221
324,223
325,159
326,205
327,239
328,233
329,140
330,159
331,168
332,245
333,203
334,207
335,176
336,146
337,200
338,160
339,208
340,241
341,118
342,53
343,138
344,97
345,133
346,143
347,165
348,247
349,97
350,250
351,188
352,124
353,110
354,189
355,202
356,179
357,159
358,209
359,157
360,129
361,144
362,179
363,170
364,142
365,210
366,102
367,201
368,232
369,178
370,213
371,198
372,234
373,109
374,84
375,163
376,170
377,161
378,145
379,198
380,123
381,158
382,114
383,150
384,229
385,121
386,115
387,228
388,119
389,240
390,135
391,187
392,227
393,72
394,155
395,240
396,231
397,220
398,239
399,128
400,164
401,110
402,238
403,245
404,183
405,106
406,93
407,142
408,200
409,224
410,240
411,224
412,208
413,112
414,106
415,191
416,235
417,249
418,154
419,185
420,129
421,136
422,173
423,123
424,208
425,225
426,101
427,224
428,177
429,149
430,244
431,218
432,69
433,234
434,152
435,110
436,155
437,206
438,194
439,179
440,149
441,226
442,120
443,66
444,177
445,100
446,187
447,187
448,222
449,207
450,204
451,139
452,240
453,126
454,227
455,126
456,214
457,216
458,214
459,203
460,231
461,132
462,160
463,230
464,243
465,120
466,90
467,184
468,195
469,245
470,133
471,226
472,157
473,126
474,162
475,169
476,224
477,174
478,86
479,243
480,190
481,125
482,185
483,208
484,83
485,226
486,109
487,226
488,249
489,120
490,214
491,238
492,120
493,205
494,114
495,250
496,219
497,235
498,163
499,169
500,217
501,239
502,228
503,240
504,126
505,189
506,171
507,186
508,200
509,206
510,110
511,234
512,215
513,119
514,135
515,244
516,226
517,152
518,223
519,229
520,210
521,168
522,112
523,240
524,169
525,238
526,169
527,171
528,208
529,209
530,215
531,225
532,149
533,204
534,217
535,191
536,230
537,144
538,239
539,205
540,206
541,189
542,134
543,183
544,224
545,179
546,155
547,234
548,217
549,174
550,118
551,161
552,140
553,160
554,246
555,153
556,150
557,214
558,138
559,234
560,220
561,246
562,118
563,226
564,130
565,190
566,96
567,223
568,228
569,175
570,212
571,230
572,181
573,202
574,240
575,152
576,222
577,239
578,162
579,241
580,210
581,242
582,190
583,162
584,183
585,167
586,181
587,209
588,181
589,223
590,224
591,162
592,180
593,145
594,132
595,155
596,212
597,238
598,155
599,136
600,155
601,241
602,97
603,106
604,141
605,228
606,152
607,142
608,200
609,116
610,117
611,186
612,215
613,100
614,218
615,124
616,22
617,152
618,235
619,182
620,46
621,187
622,224
623,172
624,116
625,191
626,168
627,210
628,222
629,130
630,217
631,224
632,116
633,159
634,203
635,208
636,237
637,175
638,156
639,121
640,208
641,182
642,239
643,184
644,189
645,138
646,239
647,180
648,206
649,69
650,125
651,206
652,208
653,222
654,191
655,206
656,128
657,197
658,200
659,212
660,142
661,204
662,176
663,178
664,193
665,188
666,235
667,213
668,124
669,218
670,102
671,138
672,171
673,158
674,241
675,201
676,209
677,146
678,140
679,92
680,217
681,142
682,152
683,204
684,218
685,207
686,180
687,220
688,207
689,178
690,91
691,215
692,35
693,246
694,238
695,163
696,121
697,183
698,129
699,135
700,125
701,236
702,234
703,244
704,114
705,226
706,58
707,167
708,152
709,243
710,162
711,228
712,109
713,228
714,169
715,117
716,169
717,248
718,192
719,95
720,204
721,188
722,166
723,69
724,192
725,133
726,197
727,17
728,113
729,212
730,212
731,108
732,173
733,196
734,238
735,186
736,219
737,165
738,186
739,74
740,180
741,214
742,114
743,242
744,226
745,110
746,209
747,82
748,162
749,208
750,95
751,192
752,208
753,189
754,198
755,216
756,201
757,218
758,240
759,139
760,175
761,252
762,246
763,212
764,224
765,219
766,238
767,167
768,224
769,180
770,227
771,94
772,237
773,183
774,137
775,244
776,190
777,240
778,195
779,243
780,168
781,228
782,101
783,190
784,103
785,201
786,87
787,155
788,89
789,224
790,202
791,107
792,118
793,194
794,227
795,118
796,106
797,245
798,97
799,107
800,226
801,149
802,190
803,241
804,244
805,127
806,99
807,203
808,211
809,197
810,219
811,209
812,174
813,148
814,212
815,204
816,142
817,175
818,229
819,183
820,170
821,172
822,221
823,206
824,194
825,175
826,231
827,131
828,243
829,218
830,207
831,204
832,124
833,216
834,162
835,167
836,180
837,156
838,248
839,230
840,37
841,130
842,167
843,217
844,151
845,114
846,141
847,240
848,183
849,221
850,200
851,68
852,134
853,152
854,176
855,141
856,197
857,245
858,197
859,228
860,220
861,154
862,202
863,153
864,136
865,226
866,228
867,237
868,242
869,242
870,157
871,204
872,216
873,172
874,159
875,215
876,177
877,194
878,182
879,153
880,96
881,187
882,203
883,172
884,188
885,133
886,220
887,245
888,185
889,239
890,169
891,76
892,124
893,202
894,162
895,178
896,172
897,93
898,182
899,205
900,191
901,142
902,215
903,141
904,228
905,145
906,194
907,161
908,168
909,160
910,124
911,203
912,108
913,212
914,146
915,241
916,196
917,173
918,194
919,69
920,170
921,150
922,122
923,197
924,191
925,166
926,149
927,202
928,117
929,221
930,136
931,101
932,152
933,217
934,168
935,162
936,191
937,223
938,194
939,99
940,161
941,216
942,149
943,139
944,214
945,147
946,216
947,139
948,200
949,130
950,150
951,132
952,209
953,237
954,174
955,243
956,200
957,218
958,157
959,97
960,193
961,232
962,35
963,224
964,185
965,145
966,118
967,195
968,116
969,233
970,224
971,161
972,177
973,116
974,166
975,120
976,206
977,143
978,214
979,239
980,208
981,212
982,102
983,147
984,159
985,234
986,192
987,212
988,237
989,132
990,237
991,130
992,159
993,197
994,221
995,204
996,147
997,236
998,121
999,221
1000,210
1001,140
1002,181
1003,245
1004,223
1005,235
1006,201
1007,185
1008,185
1009,204
1010,224
1011,186
1012,158
1013,186
1014,215
1015,226
1016,150
1017,185
1018,219
1019,246
1020,184
1021,246
1022,106
1023,151
1024,145
1025,232
1026,207
1027,83
1028,202
1029,186
1030,228
1031,162
1032,124
1033,167
1034,200
1035,185
1036,223
1037,180
1038,233
1039,157
1040,188
1041,102
1042,207
1043,155
1044,149
1045,223
1046,181
1047,175
1048,230
1049,128
1050,191
1051,184
1052,223
1053,171
1054,179
1055,149
1056,240
1057,211
1058,144
1059,217
1060,229
1061,153
1062,195
1063,169
1064,225
1065,204
1066,171
1067,234
1068,244
1069,207
1070,228
1071,205
1072,155
1073,225
1074,241
1075,160
1076,215
1077,195
1078,160
1079,172
1080,234
1081,158
1082,180
1083,129
1084,214
1085,223
1086,218
1087,110
1088,182
1089,136
1090,222
1091,181
1092,200
1093,163
1094,213
1095,231
1096,124
1097,229
1098,209
1099,214
1100,201
1101,226
1102,235
1103,226
1104,175
1105,215
1106,214
1107,147
1108,225
1109,197
1110,194
1111,132
1112,188
1113,219
1114,234
1115,166
1116,227
1117,170
1118,189
1119,127
1120,227
1121,204
1122,168
1123,143
1124,160
1125,132
1126,247
1127,219
1128,171
1129,209
1130,158
1131,233
1132,156
1133,238
1134,178
1135,184
1136,226
1137,180
1138,249
1139,191
1140,248
1141,190
1142,190
1143,126
1144,117
1145,131
1146,34
1147,250
1148,134
1149,207
1150,94
1151,228
1152,186
1153,192
1154,149
1155,198
1156,205
1157,209
1158,200
1159,235
1160,147
1161,231
1162,101
1163,248
1164,155
1165,240
1166,160
1167,215
1168,235
1169,207
1170,188
1171,186
1172,209
1173,192
1174,238
1175,248
1176,218
1177,199
1178,246
1179,121
1180,176
1181,96
1182,150
1183,132
1184,220
1185,238
1186,220
1187,198
1188,158
1189,216
1190,225
1191,131
1192,247
1193,192
1194,227
1195,246
1196,187
1197,184
1198,152
1199,232
1200,166
1201,248
1202,142
1203,219
1204,186
1205,185
1206,132
1207,188
1208,60
1209,210
1210,177
1211,216
1212,214
1213,213
1214,65
1215,190
1216,147
1217,207
1218,135
1219,249
1220,209
1221,212
1222,36
1223,100
1224,176
1225,50
1226,237
1227,104
1228,153
1229,236
1230,127
1231,94
1232,150
1233,183
1234,140
1235,181
1236,186
1237,190
1238,157
1239,209
1240,171
1241,136
1242,139
1243,226
1244,231
1245,249
1246,232
1247,135
1248,244
1249,178
1250,236
1251,178
1252,176
1253,184
1254,117
1255,154
1256,164
1257,235
1258,166
1259,126
1260,170
1261,216
1262,123
1263,247
1264,188
1265,164
1266,70
1267,90
1268,238
1269,208
1270,224
1271,191
1272,198
1273,226
1274,243
1275,210
1276,151
1277,86
1278,219
1279,251
1280,189
1281,81
1282,233
1283,126
1284,167
1285,68
1286,203
1287,0
1288,153
1289,207
1290,235
1291,223
1292,100
1293,203
1294,103
1295,140
1296,238
1297,74
1298,185
1299,82
1300,239
1301,150
1302,240
1303,162
1304,198
1305,232
1306,217
1307,230
1308,122
1309,172
1310,122
1311,161
1312,113
1313,225
1314,230
1315,221
1316,91
1317,190
1318,130
1319,217
1320,127
1321,134
1322,184
1323,239
1324,96
1325,151
1326,135
1327,80
1328,133
1329,219
1330,187
1331,84
1332,143
1333,166
1334,166
1335,149
1336,124
1337,150
1338,50
1339,210
1340,121
1341,195
1342,221
1343,214
1344,52
1345,82
1346,247
1347,61
1348,212
1349,170
1350,240
1351,46
1352,182
1353,0
1354,219
1355,104
1356,233
1357,215
1358,180
1359,160
1360,216
1361,122
1362,181
1363,46
1364,242
1365,239
1366,165
1367,185
1368,124
1369,126
1370,212
1371,199
1372,97
1373,134
1374,241
1375,244
1376,142
1377,201
1378,179
1379,218
1380,204
1381,124
1382,208
1383,232
1384,222
1385,36
1386,241
1387,213
1388,44
1389,47
1390,0
1391,223
1392,165
1393,208
1394,188
1395,90
1396,141
1397,70
1398,196
1399,180
1400,186
1401,202
1402,139
1403,218
1404,230
1405,150
1406,207
1407,122
1408,154
1409,220
1410,199
1411,209
1412,220
1413,198
1414,234
1415,103
1416,150
1417,127
1418,240
1419,195
1420,161
1421,223
1422,245
1423,106
1424,132
1425,230
1426,56
1427,140
1428,229
1429,210
1430,68
1431,165
1432,206
1433,133
1434,133
1435,239
1436,145
1437,146
1438,234
1439,241
1440,234
1441,109
1442,159
1443,247
1444,194
1445,223
1446,157
1447,149
1448,187
1449,94
1450,126
1451,189
1452,190
1453,119
1454,236
1455,245
1456,179
1457,56
1458,169
1459,166
1460,204
1461,220
1462,57
1463,163
1464,110
1465,209
1466,213
1467,225
1468,229
1469,165
1470,124
1471,207
1472,139
1473,154
1474,202
1475,210
1476,202
1477,112
1478,220
1479,182
1480,206
1481,137
1482,233
1483,226
1484,221
1485,120
1486,247
1487,176
1488,245
1489,224
1490,198
1491,86
1492,228
1493,210
1494,250
1495,231
1496,249
1497,216
1498,215
1499,178
1500,153
1501,192
1502,180
1503,159
1504,158
1505,180
1506,156
1507,91
1508,187
1509,193
1510,134
1511,193
1512,161
1513,99
1514,158
1515,233
1516,190
1517,212
1518,227
1519,121
1520,199
1521,240
1522,180
1523,82
1524,148
1525,222
1526,193
1527,199
1528,198
1529,215
1530,163
1531,133
1532,159
1533,241
1534,149
1535,113
1536,140
1537,165
1538,143
1539,224
1540,184
1541,237
1542,92
1543,214
1544,172
1545,134
1546,195
1547,163
1548,86
1549,187
1550,36
1551,76
1552,157
1553,203
1554,104
1555,163
1556,133
1557,230
1558,179
1559,154
1560,227
1561,98
1562,243
1563,184
1564,129
1565,169
1566,101
1567,149
1568,239
1569,72
1570,184
1571,172
1572,243
1573,237
1574,170
1575,247
1576,140
1577,135
1578,41
1579,231
1580,220
1581,135
1582,117
1583,230
1584,171
1585,196
1586,195
1587,152
1588,188
1589,142
1590,235
1591,221
1592,211
1593,205
1594,163
1595,70
1596,169
1597,152
1598,88
1599,141
1600,226
1601,203
1602,156
1603,180
1604,239
1605,222
1606,201
1607,166
1608,230
1609,197
1610,252
1611,154
1612,213
1613,222
1614,188
1615,173
1616,238
1617,174
1618,193
1619,174
1620,160
1621,216
1622,239
1623,178
1624,211
1625,192
1626,127
1627,98
1628,231
1629,195
1630,169
1631,222
1632,202
1633,189
1634,188
1635,236
1636,198
1637,229
1638,74
1639,212
1640,221
1641,176
1642,202
1643,197
1644,227
1645,214
1646,227
1647,253
1648,253
1649,247
1650,232
1651,243
1652,171
1653,134
1654,165
1655,248
1656,199
1657,177
1658,248
1659,218
1660,232
1661,166
1662,192
1663,218
1664,160
1665,248
1666,134
1667,196
1668,86
1669,178
1670,208
1671,215
1672,250
1673,255
1674,202
1675,245
1676,223
1677,235
1678,175
1679,164
1680,229
1681,173
1682,230
1683,152
1684,168
1685,242
1686,173
1687,225
1688,240
1689,160
1690,111
1691,146
1692,224
1693,182
1694,104
1695,178
1696,194
1697,20
1698,223
1699,248
1700,142
1701,224
1702,152
1703,235
1704,220
1705,197
1706,245
1707,126
1708,175
1709,231
1710,201
1711,214
1712,158
1713,139
1714,55
1715,222
1716,233
1717,195
1718,148
1719,227
1720,188
1721,159
1722,193
1723,63
1724,112
1725,201
1726,237
1727,186
1728,170
1729,143
1730,146
1731,231
1732,158
1733,210
1734,147
1735,205
1736,141
1737,166
1738,192
1739,224
1740,109
1741,154
1742,143
1743,233
1744,250
1745,152
1746,146
1747,107
1748,184
1749,181
1750,100
1751,144
1752,143
1753,106
1754,196
1755,213
1756,223
1757,150
1758,233
1759,199
1760,101
1761,33
1762,222
1763,164
1764,219
1765,142
1766,172
1767,166
1768,232
1769,140
1770,197
1771,143
1772,140
1773,158
1774,122
1775,245
1776,242
1777,156
1778,107
1779,182
1780,226
1781,198
1782,116
1783,52
1784,201
1785,172
1786,104
1787,232
1788,207
1789,81
1790,243
1791,248
1792,213
1793,128
1794,199
1795,234
1796,173
1797,184
1798,220
1799,213
1800,181
1801,227
1802,235
1803,112
1804,223
1805,220
1806,170
1807,198
1808,226
1809,227
1810,211
1811,197
1812,166
1813,243
1814,162
1815,181
1816,195
1817,184
1818,172
1819,75
1820,153
1821,198
1822,190
1823,129
1824,192
1825,163
1826,164
1827,198
1828,184
1829,236
1830,226
1831,236
1832,212
1833,173
1834,96
1835,206
1836,168
1837,144
1838,242
1839,213
1840,241
1841,232
1842,214
1843,147
1844,151
1845,100
1846,108
1847,162
1848,226
1849,141
1850,198
1851,194
1852,216
1853,178
1854,161
1855,162
1856,184
1857,240
1858,199
1859,214
1860,227
1861,110
1862,170
1863,236
1864,245
1865,130
1866,178
1867,246
1868,117
1869,247
1870,240
1871,218
1872,186
1873,201
1874,225
1875,224
1876,164
1877,162
1878,207
1879,185
1880,237
1881,171
1882,246
1883,223
1884,172
1885,217
1886,199
1887,122
1888,172
1889,166
1890,235
1891,90
1892,252
1893,236
1894,204
1895,245
1896,189
1897,198
1898,190
1899,161
1900,50
1901,227
1902,158
1903,207
1904,166
1905,197
1906,94
1907,174
1908,229
1909,136
1910,167
1911,249
1912,182
1913,140
1914,61
1915,239
1916,237
1917,238
1918,232
1919,144
1920,191
1921,181
1922,248
1923,203
1924,100
1925,176
1926,215
1927,158
1928,134
1929,162
1930,104
1931,138
1932,249
1933,172
1934,130
1935,254
1936,200
1937,173
1938,182
1939,172
1940,128
1941,239
1942,244
1943,184
1944,126
1945,163
1946,210
1947,220
1948,229
1949,232
1950,167
1951,180
1952,220
1953,174
1954,138
1955,164
1956,215
1957,182
1958,199
1959,207
1960,220
1961,133
1962,80
1963,146
1964,72
1965,222
1966,230
1967,207
1968,206
1969,245
1970,111
1971,181
1972,226
1973,115
1974,188
1975,194
1976,178
1977,182
1978,189
1979,203
1980,155
1981,239
1982,231
1983,224
1984,177
1985,205
1986,210
1987,253
1988,225
1989,234
1990,173
1991,132
1992,242
1993,225
1994,144
1995,233
1996,90
1997,146
1998,228
1999,201
2000,150
2001,119
2002,103
2003,136
2004,187
2005,185
2006,206
2007,241
2008,104
2009,68
2010,247
2011,104
2012,231
2013,231
2014,144
2015,124
2016,177
2017,249
2018,186
2019,226
2020,241
2021,161
2022,194
2023,245
2024,184
2025,99
2026,198
2027,206
2028,156
2029,99
2030,222
2031,216
2032,13
2033,228
2034,156
2035,207
2036,227
2037,155
2038,240
2039,173
2040,203
2041,114
2042,162
2043,237
2044,137
2045,103
2046,233
2047,85
2048,70
2049,150
2050,207
2051,135
2052,112
2053,142
2054,237
2055,236
2056,39
2057,146
2058,196
2059,238
2060,169
2061,158
2062,167
2063,145
2064,198
2065,180
2066,234
2067,130
2068,118
2069,107
2070,202
2071,243
2072,127
2073,216
2074,206
2075,229
2076,225
2077,212
2078,160
2079,159
2080,201
2081,148
2082,114
2083,195
2084,217
2085,154
2086,184
2087,185
2088,234
2089,224
2090,180
2091,88
2092,242
2093,114
2094,159
2095,232
2096,187
2097,192
2098,163
2099,162
2100,38
2101,182
2102,171
2103,165
2104,218
2105,187
2106,191
2107,94
2108,178
2109,156
2110,230
2111,101
2112,193
2113,118
2114,66
2115,209
2116,0
2117,146
2118,179
2119,247
2120,197
2121,216
2122,125
2123,160
2124,245
2125,44
2126,149
2127,234
2128,223
2129,96
2130,159
2131,238
2132,5
2133,224
2134,136
2135,0
2136,210
2137,176
2138,164
2139,53
2140,109
2141,134
2142,171
2143,220
2144,132
2145,194
2146,85
2147,239
2148,69
2149,116
2150,54
2151,207
2152,105
2153,174
2154,202
2155,188
2156,186
2157,189
2158,209
2159,195
2160,96
2161,92
2162,170
2163,171
2164,188
2165,230
2166,173
2167,33
2168,100
2169,238
2170,237
2171,110
2172,217
2173,184
2174,211
2175,197
2176,181
2177,225
2178,137
2179,238
2180,128
2181,236
2182,0
2183,155
2184,125
2185,211
2186,116
2187,230
2188,232
2189,118
2190,191
2191,40
2192,217
2193,116
2194,204
2195,92
2196,204
2197,144
2198,226
2199,166
2200,174
2201,94
2202,207
2203,146
2204,119
2205,233
2206,95
2207,157
2208,167
2209,70
2210,141
2211,164
2212,166
2213,114
2214,165
2215,213
2216,207
2217,135
2218,73
2219,96
2220,182
2221,101
2222,191
2223,210
2224,128
2225,162
2226,210
2227,139
2228,147
2229,208
2230,248
2231,62
2232,138
2233,227
2234,223
2235,208
2236,128
2237,160
2238,161
2239,211
2240,164
2241,246
2242,197
2243,200
2244,243
2245,190
2246,188
2247,168
2248,0
2249,76
2250,173
2251,190
2252,227
2253,168
2254,143
2255,191
2256,169
2257,83
2258,196
2259,123
2260,186
2261,173
2262,180
2263,207
2264,229
2265,179
2266,126
2267,207
2268,226
2269,101
2270,104
2271,232
2272,149
2273,216
2274,175
2275,207
2276,152
2277,107
2278,0
2279,137
2280,189
2281,155
2282,151
2283,146
2284,80
2285,245
2286,77
2287,200
2288,240
2289,200
2290,137
2291,225
2292,64
2293,171
2294,111
2295,242
2296,209
2297,199
2298,230
2299,115
2300,197
2301,147
2302,175
2303,242
2304,166
2305,135
2306,0
2307,45
2308,230
2309,173
2310,212
2311,160
2312,221
2313,226
2314,53
2315,139
2316,75
2317,76
2318,251
2319,135
2320,238
2321,203
2322,146
2323,189
2324,193
2325,215
2326,119
2327,237
2328,160
2329,243
2330,148
2331,178
2332,206
2333,173
2334,173
2335,230
2336,75
2337,126
2338,153
2339,131
2340,213
2341,190
2342,181
2343,161
2344,212
2345,228
2346,157
2347,170
2348,216
2349,218
2350,158
2351,132
2352,184
2353,174
2354,208
2355,184
2356,166
2357,119
2358,206
2359,205
2360,181
2361,93
2362,172
2363,107
2364,228
2365,147
2366,243
2367,96
2368,211
2369,234
2370,190
2371,74
2372,236
2373,182
2374,30
2375,96
2376,213
2377,147
2378,68
2379,238
2380,148
2381,173
2382,156
2383,218
2384,16
2385,153
2386,213
2387,215
2388,152
2389,131
2390,207
2391,195
2392,115
2393,75
2394,92
2395,167
2396,217
2397,137
2398,192
2399,213
