0,192
1,161
2,183
3,217
4,168
5,134
6,193
7,220
8,231
9,151
10,141
11,227
12,198
13,188
14,194
15,164
16,216
17,183
18,243
19,239
20,235
21,112
22,179
23,205
24,241
25,230
26,43
27,58
28,220
29,165
30,67
31,190
32,209
33,237
34,192
35,225
36,232
37,221
38,200
39,224
40,172
41,235
42,205
43,120
44,226
45,207
46,166
47,226
48,151
49,148
50,185
51,213
52,123
53,200
54,192
55,173
56,170
57,191
58,181
59,253
60,231
61,159
62,197
63,226
64,211
65,215
66,250
67,239
68,174
69,94
70,192
71,186
72,175
73,220
74,230
75,160
76,228
77,39
78,163
79,188
80,237
81,234
82,143
83,174
84,217
85,223
86,176
87,199
88,161
89,198
90,201
91,245
92,187
93,162
94,138
95,196
96,215
97,192
98,243
99,197
100,256
101,249
102,183
103,89
104,251
105,211
106,219
107,191
108,193
109,0
110,156
111,190
112,205
113,224
114,246
115,212
116,208
117,222
118,228
119,236
120,138
121,213
122,111
123,19
124,190
125,202
126,225
127,82
128,198
129,177
130,169
131,220
132,194
133,235
134,158
135,187
136,181
137,197
138,122
139,162
140,254
141,234
142,221
143,136
144,141
145,194
146,142
147,190
148,203
149,202
150,73
151,198
152,223
153,182
154,175
155,239
156,250
157,176
158,24
159,132
160,228
161,194
162,220
163,151
164,248
165,52
166,91
167,177
168,162
169,252
170,214
171,136
172,200
173,122
174,239
175,175
176,206
177,205
178,233
179,0
180,165
181,18
182,171
183,224
184,207
185,184
186,225
187,85
188,146
189,212
190,247
191,225
192,125
193,253
194,158
195,225
196,167
197,213
198,187
199,205
200,193
201,213
202,155
203,193
204,253
205,168
206,161
207,197
208,221
209,178
210,173
211,166
212,243
213,235
214,61
215,100
216,203
217,187
218,226
219,188
220,138
221,238
222,193
223,83
224,222
225,248
226,240
227,189
228,210
229,224
230,187
231,170
232,232
233,215
234,183
235,180
236,146
237,214
238,158
239,225
240,219
241,172
242,246
243,169
244,236
245,219
246,222
247,237
248,158
249,218
250,172
251,138
252,199
253,201
254,225
255,249
256,254
257,224
258,174
259,184
260,133
261,197
262,219
263,89
264,220
265,205
266,170
267,149
268,200
269,195
270,57
271,206
272,183
273,251
274,196
275,213
276,232
277,159
278,248
279,189
280,116
281,179
282,210
283,205
284,145
285,223
286,200
287,217
288,219
289,194
290,134
291,235
292,183
293,118
294,194
295,169
296,128
297,110
298,97
299,225
300,175
301,189
302,240
303,148
304,227
305,224
306,160
307,190
308,186
309,237
310,230
311,182
312,183
313,230
314,253
315,166
316,72
317,175
318,229
319,193
320,156
321,123
322,180
323,210
324,206
325,232
326,120
327,247
328,202
329,130
330,233
331,250
332,166
333,219
334,230
335,228
336,193
337,214
338,221
339,106
340,80
341,252
342,223
343,199
344,110
345,173
346,140
347,77
348,121
349,57
350,144
351,145
352,158
353,143
354,212
355,165
356,203
357,220
358,216
359,101
360,205
361,183
362,209
363,122
364,236
365,203
366,199
367,237
368,240
369,151
370,174
371,208
372,138
373,139
374,250
375,144
376,151
377,223
378,109
379,218
380,188
381,116
382,134
383,220
384,200
385,253
386,201
387,102
388,191
389,212
390,219
391,183
392,224
393,132
394,164
395,0
396,184
397,216
398,122
399,236
400,137
401,173
402,214
403,170
404,176
405,208
406,225
407,78
408,220
409,229
410,190
411,137
412,211
413,250
414,197
415,149
416,146
417,38
418,215
419,110
420,219
421,199
422,227
423,243
424,218
425,239
426,215
427,120
428,147
429,181
430,234
431,204
432,212
433,247
434,198
435,172
436,179
437,227
438,197
439,204
440,207
441,116
442,193
443,200
444,171
445,198
446,0
447,186
448,125
449,211
450,89
451,198
452,207
453,193
454,222
455,210
456,208
457,246
458,192
459,254
460,235
461,244
462,238
463,186
464,174
465,159
466,171
467,183
468,135
469,155
470,102
471,197
472,191
473,165
474,172
475,246
476,210
477,194
478,220
479,139
480,151
481,240
482,234
483,246
484,152
485,170
486,225
487,65
488,159
489,223
490,171
491,167
492,172
493,40
494,185
495,154
496,227
497,231
498,239
499,237
500,153
501,200
502,243
503,247
504,158
505,239
506,104
507,199
508,27
509,35
510,204
511,232
512,219
513,251
514,169
515,234
516,187
517,181
518,112
519,231
520,13
521,193
522,173
523,91
524,208
525,176
526,217
527,219
528,213
529,220
530,181
531,214
532,135
533,186
534,250
535,157
536,208
537,229
538,102
539,91
540,228
541,247
542,226
543,195
544,232
545,97
546,187
547,103
548,111
549,256
550,165
551,132
552,220
553,159
554,87
555,206
556,0
557,232
558,165
559,194
560,168
561,206
562,194
563,85
564,222
565,138
566,253
567,254
568,188
569,246
570,208
571,117
572,227
573,236
574,203
575,179
576,221
577,156
578,231
579,255
580,197
581,87
582,194
583,254
584,248
585,131
586,177
587,206
588,206
589,87
590,230
591,231
592,246
593,135
594,156
595,206
596,226
597,246
598,140
599,220
600,124
601,206
602,103
603,215
604,166
605,138
606,189
607,192
608,194
609,130
610,212
611,250
612,188
613,247
614,81
615,253
616,135
617,141
618,154
619,154
620,192
621,207
622,135
623,231
624,136
625,173
626,223
627,199
628,220
629,92
630,202
631,166
632,214
633,217
634,210
635,194
636,175
637,102
638,65
639,226
640,84
641,168
642,190
643,189
644,236
645,232
646,240
647,222
648,196
649,193
650,168
651,250
652,136
653,161
654,0
655,207
656,104
657,246
658,223
659,176
660,204
661,212
662,191
663,198
664,216
665,100
666,239
667,140
668,225
669,127
670,189
671,218
672,21
673,223
674,181
675,213
676,157
677,131
678,202
679,226
680,230
681,142
682,236
683,101
684,210
685,205
686,144
687,148
688,173
689,130
690,246
691,226
692,209
693,210
694,126
695,235
696,130
697,236
698,48
699,87
700,195
701,215
702,148
703,254
704,143
705,227
706,25
707,245
708,79
709,138
710,249
711,247
712,252
713,218
714,146
715,181
716,181
717,219
718,165
719,87
720,134
721,221
722,75
723,195
724,196
725,183
726,145
727,254
728,0
729,199
730,203
731,155
732,231
733,97
734,241
735,164
736,180
737,182
738,211
739,157
740,215
741,220
742,125
743,158
744,184
745,164
746,112
747,254
748,153
749,230
750,156
751,62
752,202
753,116
754,249
755,83
756,233
757,207
758,174
759,233
760,184
761,79
762,232
763,217
764,190
765,222
766,154
767,211
768,127
769,211
770,168
771,220
772,137
773,213
774,197
775,163
776,190
777,205
778,189
779,128
780,222
781,120
782,100
783,242
784,200
785,251
786,238
787,111
788,115
789,210
790,252
791,105
792,190
793,240
794,186
795,226
796,126
797,178
798,232
799,256
800,154
801,225
802,217
803,169
804,181
805,220
806,228
807,210
808,251
809,214
810,220
811,118
812,200
813,226
814,199
815,210
816,208
817,170
818,57
819,174
820,250
821,214
822,0
823,213
824,224
825,184
826,203
827,233
828,197
829,237
830,182
831,198
832,182
833,130
834,159
835,153
836,170
837,147
838,163
839,196
840,225
841,233
842,240
843,227
844,209
845,235
846,122
847,183
848,230
849,158
850,215
851,196
852,190
853,248
854,165
855,146
856,53
857,245
858,175
859,152
860,238
861,203
862,191
863,214
864,161
865,107
866,194
867,225
868,115
869,226
870,183
871,207
872,233
873,215
874,247
875,241
876,168
877,221
878,193
879,205
880,243
881,157
882,16
883,217
884,191
885,223
886,171
887,204
888,213
889,58
890,244
891,194
892,201
893,203
894,163
895,252
896,239
897,230
898,147
899,184
900,136
901,186
902,192
903,156
904,132
905,182
906,120
907,40
908,194
909,222
910,234
911,194
912,60
913,205
914,242
915,195
916,128
917,196
918,170
919,183
920,208
921,176
922,196
923,236
924,231
925,160
926,224
927,133
928,243
929,226
930,225
931,213
932,174
933,239
934,174
935,244
936,230
937,141
938,94
939,250
940,240
941,219
942,101
943,191
944,205
945,233
946,189
947,150
948,172
949,256
950,186
951,241
952,152
953,228
954,241
955,128
956,238
957,246
958,206
959,215
960,207
961,250
962,251
963,110
964,187
965,167
966,247
967,254
968,225
969,177
970,220
971,133
972,180
973,138
974,178
975,165
976,231
977,155
978,222
979,232
980,172
981,255
982,164
983,220
984,212
985,98
986,0
987,240
988,150
989,153
990,137
991,109
992,154
993,188
994,206
995,161
996,200
997,217
998,198
999,247
1000,241
1001,164
1002,245
1003,113
1004,188
1005,186
1006,199
1007,184
1008,157
1009,120
1010,116
1011,174
1012,247
1013,193
1014,212
1015,199
1016,218
1017,202
1018,192
1019,202
1020,178
1021,0
1022,242
1023,180
1024,125
1025,254
1026,173
1027,227
1028,248
1029,195
1030,194
1031,114
1032,114
1033,243
1034,177
1035,248
1036,92
1037,51
1038,198
1039,109
1040,192
1041,168
1042,162
1043,208
1044,107
1045,186
1046,145
1047,198
1048,169
1049,147
1050,204
1051,256
1052,223
1053,196
1054,146
1055,178
1056,183
1057,242
1058,121
1059,203
1060,212
1061,153
1062,218
1063,220
1064,202
1065,237
1066,102
1067,218
1068,225
1069,247
1070,252
1071,143
1072,168
1073,176
1074,137
1075,254
1076,225
1077,245
1078,194
1079,238
1080,174
1081,213
1082,140
1083,197
1084,219
1085,185
1086,172
1087,173
1088,143
1089,188
1090,98
1091,203
1092,114
1093,112
1094,101
1095,213
1096,125
1097,110
1098,141
1099,188
1100,206
1101,238
1102,135
1103,164
1104,242
1105,169
1106,168
1107,250
1108,203
1109,227
1110,254
1111,233
1112,248
1113,238
1114,153
1115,212
1116,200
1117,136
1118,150
1119,186
1120,228
1121,142
1122,155
1123,168
1124,151
1125,231
1126,118
1127,127
1128,68
1129,208
1130,249
1131,256
1132,197
1133,229
1134,107
1135,194
1136,162
1137,155
1138,197
1139,100
1140,241
1141,238
1142,234
1143,89
1144,136
1145,196
1146,189
1147,213
1148,183
1149,148
1150,120
1151,245
1152,121
1153,204
1154,243
1155,135
1156,253
1157,238
1158,182
1159,243
1160,158
1161,226
1162,174
1163,228
1164,127
1165,167
1166,241
1167,188
1168,154
1169,133
1170,236
1171,201
1172,175
1173,185
1174,203
1175,207
1176,138
1177,223
1178,195
1179,238
1180,96
1181,186
1182,168
1183,212
1184,173
1185,237
1186,256
1187,94
1188,133
1189,233
1190,233
1191,204
1192,197
1193,250
1194,247
1195,230
1196,157
1197,181
1198,180
1199,86
1200,97
1201,255
1202,224
1203,213
1204,118
1205,237
1206,216
1207,222
1208,145
1209,232
1210,198
1211,194
1212,212
1213,120
1214,247
1215,0
1216,221
1217,0
1218,168
1219,242
1220,241
1221,178
1222,105
1223,221
1224,117
1225,38
1226,199
1227,190
1228,74
1229,153
1230,161
1231,162
1232,171
1233,241
1234,96
1235,101
1236,151
1237,56
1238,204
1239,245
1240,114
1241,212
1242,205
1243,192
1244,118
1245,102
1246,254
1247,240
1248,147
1249,213
1250,168
1251,200
1252,171
1253,240
1254,210
1255,212
1256,222
1257,157
1258,183
1259,244
1260,236
1261,239
1262,193
1263,253
1264,201
1265,195
1266,175
1267,209
1268,186
1269,243
1270,187
1271,214
1272,209
1273,231
1274,109
1275,183
1276,126
1277,210
1278,213
1279,188
1280,165
1281,198
1282,145
1283,192
1284,244
1285,44
1286,174
1287,26
1288,195
1289,206
1290,137
1291,97
1292,214
1293,108
1294,219
1295,170
1296,236
1297,238
1298,163
1299,246
1300,34
1301,238
1302,226
1303,196
1304,209
1305,128
1306,160
1307,194
1308,139
1309,142
1310,180
1311,186
1312,215
1313,175
1314,210
1315,256
1316,223
1317,162
1318,162
1319,121
1320,202
1321,112
1322,198
1323,242
1324,90
1325,180
1326,161
1327,250
1328,205
1329,217
1330,179
1331,187
1332,255
1333,215
1334,241
1335,172
1336,191
1337,142
1338,190
1339,209
1340,250
1341,254
1342,202
1343,205
1344,231
1345,226
1346,195
1347,254
1348,174
1349,179
1350,229
1351,221
1352,168
1353,225
1354,233
1355,72
1356,172
1357,112
1358,186
1359,77
1360,235
1361,244
1362,223
1363,177
1364,152
1365,188
1366,53
1367,216
1368,163
1369,232
1370,234
1371,198
1372,251
1373,185
1374,198
1375,153
1376,193
1377,209
1378,0
1379,178
1380,210
1381,187
1382,174
1383,235
1384,74
1385,171
1386,160
1387,197
1388,76
1389,231
1390,195
1391,196
1392,132
1393,231
1394,216
1395,220
1396,191
1397,240
1398,145
1399,208
1400,147
1401,187
1402,181
1403,169
1404,197
1405,194
1406,255
1407,38
1408,125
1409,138
1410,186
1411,227
1412,227
1413,236
1414,197
1415,222
1416,60
1417,231
1418,146
1419,36
1420,224
1421,225
1422,205
1423,256
1424,177
1425,188
1426,233
1427,141
1428,182
1429,196
1430,230
1431,127
1432,178
1433,234
1434,195
1435,162
1436,234
1437,233
1438,129
1439,209
1440,210
1441,245
1442,168
1443,250
1444,102
1445,237
1446,227
1447,229
1448,227
1449,185
1450,130
1451,154
1452,238
1453,137
1454,226
1455,226
1456,239
1457,165
1458,174
1459,156
1460,111
1461,201
1462,240
1463,214
1464,10
1465,211
1466,234
1467,233
1468,179
1469,193
1470,112
1471,240
1472,222
1473,191
1474,0
1475,208
1476,145
1477,232
1478,169
1479,209
1480,175
1481,0
1482,229
1483,109
1484,205
1485,209
1486,178
1487,251
1488,184
1489,212
1490,191
1491,250
1492,176
1493,252
1494,167
1495,237
1496,219
1497,178
1498,123
1499,200
1500,72
1501,202
1502,73
1503,185
1504,153
1505,147
1506,175
1507,226
1508,241
1509,150
1510,109
1511,240
1512,81
1513,117
1514,227
1515,176
1516,196
1517,177
1518,234
1519,210
1520,198
1521,220
1522,234
1523,232
1524,146
1525,216
1526,223
1527,153
1528,167
1529,186
1530,161
1531,223
1532,118
1533,34
1534,178
1535,203
1536,217
1537,167
1538,155
1539,235
1540,175
1541,249
1542,248
1543,207
1544,161
1545,118
1546,237
1547,156
1548,147
1549,153
1550,123
1551,94
1552,229
1553,228
1554,82
1555,210
1556,58
1557,207
1558,214
1559,174
1560,179
1561,182
1562,255
1563,172
1564,235
1565,130
1566,238
1567,236
1568,190
1569,175
1570,242
1571,242
1572,193
1573,232
1574,197
1575,198
1576,164
1577,244
1578,181
1579,226
1580,230
1581,238
1582,150
1583,200
1584,90
1585,164
1586,238
1587,232
1588,227
1589,208
1590,240
1591,181
1592,159
1593,141
1594,165
1595,231
1596,205
1597,142
1598,195
1599,172
1600,180
1601,153
1602,198
1603,217
1604,191
1605,239
1606,90
1607,222
1608,131
1609,192
1610,102
1611,233
1612,251
1613,182
1614,220
1615,184
1616,160
1617,168
1618,183
1619,221
1620,228
1621,67
1622,132
1623,212
1624,148
1625,176
1626,166
1627,198
1628,229
1629,141
1630,235
1631,237
1632,204
1633,211
1634,119
1635,205
1636,118
1637,197
1638,133
1639,163
1640,175
1641,202
1642,238
1643,171
1644,170
1645,251
1646,150
1647,227
1648,205
1649,194
1650,223
1651,212
1652,136
1653,171
1654,109
1655,232
1656,112
1657,182
1658,66
1659,149
1660,162
1661,249
1662,181
1663,149
1664,196
1665,240
1666,105
1667,176
1668,215
1669,89
1670,213
1671,107
1672,216
1673,79
1674,214
1675,191
1676,213
1677,224
1678,224
1679,34
1680,115
1681,222
1682,190
1683,158
1684,186
1685,175
1686,236
1687,230
1688,245
1689,212
1690,231
1691,99
1692,152
1693,120
1694,136
1695,83
1696,230
1697,129
1698,219
1699,194
1700,166
1701,252
1702,236
1703,221
1704,256
1705,175
1706,240
1707,256
1708,231
1709,235
1710,213
1711,206
1712,191
1713,148
1714,147
1715,164
1716,131
1717,192
1718,221
1719,185
1720,220
1721,161
1722,189
1723,133
1724,256
1725,215
1726,200
1727,213
1728,221
1729,223
1730,165
1731,200
1732,215
1733,65
1734,153
1735,67
1736,202
1737,251
1738,166
1739,246
1740,213
1741,87
1742,254
1743,165
1744,200
1745,127
1746,161
1747,179
1748,217
1749,106
1750,232
1751,183
1752,170
1753,220
1754,240
1755,200
1756,210
1757,196
1758,246
1759,204
1760,19
1761,38
1762,249
1763,191
1764,131
1765,57
1766,240
1767,192
1768,139
1769,211
1770,0
1771,182
1772,0
1773,160
1774,66
1775,151
1776,123
1777,229
1778,94
1779,154
1780,255
1781,84
1782,210
1783,197
1784,84
1785,176
1786,204
1787,232
1788,196
1789,248
1790,175
1791,62
1792,63
1793,185
1794,97
1795,68
1796,227
1797,38
1798,162
1799,197
1800,187
1801,196
1802,182
1803,105
1804,165
1805,178
1806,39
1807,156
1808,192
1809,116
1810,169
1811,211
1812,199
1813,226
1814,192
1815,146
1816,123
1817,112
1818,104
1819,237
1820,210
1821,138
1822,219
1823,235
1824,221
1825,208
1826,223
1827,180
1828,184
1829,33
1830,115
1831,136
1832,192
1833,248
1834,132
1835,183
1836,223
1837,186
1838,217
1839,130
1840,227
1841,162
1842,242
1843,171
1844,251
1845,19
1846,95
1847,221
1848,102
1849,177
1850,235
1851,124
1852,225
1853,198
1854,129
1855,204
1856,156
1857,208
1858,237
1859,196
1860,150
1861,176
1862,107
1863,168
1864,138
1865,194
1866,177
1867,253
1868,206
1869,222
1870,188
1871,154
1872,138
1873,185
1874,211
1875,215
1876,148
1877,212
1878,239
1879,176
1880,128
1881,97
1882,172
1883,172
1884,246
1885,127
1886,82
1887,248
1888,144
1889,95
1890,222
1891,164
1892,131
1893,221
1894,252
1895,217
1896,198
1897,221
1898,193
1899,171
1900,181
1901,245
1902,194
1903,157
1904,193
1905,178
1906,216
1907,210
1908,150
1909,110
1910,202
1911,202
1912,218
1913,121
1914,118
1915,160
1916,219
1917,196
1918,127
1919,184
1920,226
1921,208
1922,203
1923,176
1924,79
1925,205
1926,213
1927,174
1928,157
1929,199
1930,140
1931,255
1932,216
1933,219
1934,195
1935,240
1936,197
1937,194
1938,119
1939,112
1940,185
1941,222
1942,207
1943,178
1944,245
1945,130
1946,131
1947,175
1948,244
1949,26
1950,171
1951,146
1952,178
1953,97
1954,241
1955,129
1956,190
1957,218
1958,179
1959,158
1960,169
1961,88
1962,176
1963,139
1964,28
1965,166
1966,215
1967,195
1968,245
1969,255
1970,226
1971,252
1972,187
1973,132
1974,223
1975,96
1976,202
1977,222
1978,174
1979,244
1980,186
1981,242
1982,225
1983,237
1984,203
1985,150
1986,241
1987,154
1988,239
1989,207
1990,225
1991,186
1992,230
1993,149
1994,60
1995,178
1996,90
1997,170
1998,193
1999,171
2000,203
2001,219
2002,201
2003,215
2004,167
2005,192
2006,210
2007,230
2008,214
2009,222
2010,230
2011,228
2012,206
2013,194
2014,166
2015,169
2016,216
2017,219
2018,208
2019,202
2020,172
2021,233
2022,78
2023,184
2024,183
2025,222
2026,222
2027,143
2028,190
2029,110
2030,251
2031,223
2032,214
2033,236
2034,177
2035,208
2036,113
2037,123
2038,164
2039,200
2040,113
2041,213
2042,20
2043,199
2044,240
2045,79
2046,256
2047,247
2048,199
2049,177
2050,87
2051,134
2052,163
2053,220
2054,212
2055,229
2056,229
2057,218
2058,200
2059,210
2060,131
2061,204
2062,85
2063,46
2064,63
2065,242
2066,228
2067,147
2068,101
2069,112
2070,186
2071,206
2072,191
2073,222
2074,249
2075,234
2076,153
2077,153
2078,244
2079,137
2080,213
2081,231
2082,211
2083,190
2084,206
2085,141
2086,137
2087,168
2088,178
2089,214
2090,164
2091,254
2092,155
2093,230
2094,211
2095,198
2096,240
2097,180
2098,201
2099,137
2100,171
2101,240
2102,182
2103,137
2104,215
2105,128
2106,233
2107,214
2108,189
2109,241
2110,179
2111,211
2112,126
2113,151
2114,205
2115,226
2116,201
2117,242
2118,228
2119,246
2120,174
2121,42
2122,211
2123,148
2124,216
2125,232
2126,189
2127,152
2128,149
2129,163
2130,227
2131,180
2132,178
2133,168
2134,147
2135,150
2136,226
2137,142
2138,256
2139,213
2140,179
2141,215
2142,186
2143,195
2144,209
2145,225
2146,52
2147,205
2148,214
2149,208
2150,179
2151,250
2152,164
2153,180
2154,226
2155,240
2156,236
2157,187
2158,154
2159,196
2160,115
2161,189
2162,0
2163,231
2164,241
2165,129
2166,233
2167,177
2168,188
2169,252
2170,226
2171,179
2172,97
2173,125
2174,166
2175,160
2176,240
2177,250
2178,202
2179,213
2180,256
2181,182
2182,159
2183,133
2184,176
2185,195
2186,121
2187,43
2188,203
2189,152
2190,184
2191,210
2192,164
2193,47
2194,245
2195,130
2196,109
2197,225
2198,116
2199,147
2200,177
2201,192
2202,239
2203,9
2204,169
2205,171
2206,245
2207,165
2208,164
2209,146
2210,138
2211,225
2212,139
2213,156
2214,222
2215,256
2216,225
2217,189
2218,184
2219,194
2220,147
2221,237
2222,217
2223,153
2224,113
2225,218
2226,214
2227,120
2228,150
2229,150
2230,242
2231,214
2232,144
2233,184
2234,175
2235,230
2236,92
2237,238
2238,220
2239,136
2240,176
2241,186
2242,184
2243,171
2244,147
2245,178
2246,120
2247,189
2248,218
2249,160
2250,212
2251,252
2252,125
2253,206
2254,251
2255,215
2256,123
2257,225
2258,176
2259,68
2260,181
2261,202
2262,217
2263,136
2264,244
2265,28
2266,233
2267,196
2268,0
2269,170
2270,156
2271,118
2272,235
2273,169
2274,233
2275,147
2276,256
2277,223
2278,180
2279,175
2280,229
2281,161
2282,159
2283,59
2284,248
2285,222
2286,117
2287,217
2288,233
2289,230
2290,203
2291,205
2292,237
2293,134
2294,153
2295,141
2296,46
2297,135
2298,252
2299,215
2300,195
2301,197
2302,251
2303,243
2304,242
2305,236
2306,174
2307,149
2308,195
2309,218
2310,181
2311,117
2312,235
2313,222
2314,249
2315,256
2316,193
2317,0
2318,131
2319,215
2320,202
2321,210
2322,240
2323,238
2324,243
2325,208
2326,147
2327,229
2328,105
2329,145
2330,193
2331,160
2332,166
2333,204
2334,237
2335,195
2336,160
2337,203
2338,229
2339,158
2340,238
2341,146
2342,256
2343,206
2344,211
2345,212
2346,228
2347,210
2348,240
2349,213
2350,125
2351,240
2352,98
2353,86
2354,162
2355,238
2356,222
2357,207
2358,211
2359,60
2360,223
2361,109
2362,96
2363,224
2364,183
2365,168
2366,129
2367,245
2368,114
2369,113
2370,246
2371,212
2372,171
2373,223
2374,215
2375,225
2376,194
2377,24
2378,254
2379,246
2380,213
2381,183
2382,145
2383,233
2384,237
2385,203
2386,168
2387,211
2388,219
2389,148
2390,223
2391,127
2392,136
2393,208
2394,132
2395,141
2396,168
2397,247
2398,159
2399,205
