0,190
1,196
2,186
3,224
4,186
5,131
6,186
7,256
8,232
9,127
10,142
11,230
12,185
13,175
14,233
15,173
16,201
17,206
18,243
19,240
20,231
21,108
22,175
23,204
24,243
25,230
26,114
27,98
28,219
29,157
30,0
31,176
32,191
33,235
34,228
35,230
36,236
37,222
38,211
39,234
40,204
41,251
42,198
43,145
44,224
45,208
46,158
47,236
48,117
49,172
50,156
51,218
52,131
53,216
54,220
55,185
56,191
57,207
58,203
59,253
60,234
61,135
62,179
63,233
64,205
65,219
66,251
67,239
68,168
69,148
70,194
71,204
72,163
73,230
74,236
75,153
76,213
77,44
78,194
79,178
80,240
81,236
82,146
83,167
84,227
85,229
86,154
87,200
88,122
89,201
90,157
91,243
92,216
93,176
94,168
95,210
96,214
97,178
98,246
99,182
100,256
101,250
102,184
103,85
104,248
105,214
106,222
107,218
108,159
109,40
110,103
111,169
112,205
113,224
114,246
115,228
116,218
117,227
118,234
119,234
120,170
121,212
122,134
123,65
124,200
125,203
126,223
127,95
128,207
129,152
130,170
131,224
132,221
133,238
134,178
135,179
136,193
137,208
138,35
139,151
140,254
141,233
142,221
143,145
144,152
145,176
146,208
147,202
148,206
149,217
150,93
151,218
152,240
153,190
154,204
155,240
156,249
157,175
158,45
159,134
160,235
161,191
162,226
163,168
164,240
165,64
166,127
167,183
168,162
169,251
170,212
171,142
172,195
173,142
174,244
175,176
176,210
177,217
178,241
179,0
180,159
181,88
182,177
183,222
184,199
185,205
186,225
187,172
188,142
189,224
190,248
191,216
192,56
193,252
194,181
195,240
196,172
197,213
198,208
199,205
200,174
201,214
202,194
203,205
204,253
205,143
206,164
207,215
208,204
209,111
210,159
211,191
212,243
213,232
214,103
215,195
216,209
217,187
218,242
219,196
220,141
221,235
222,182
223,100
224,223
225,253
226,245
227,165
228,219
229,228
230,178
231,157
232,242
233,214
234,199
235,210
236,143
237,209
238,130
239,229
240,225
241,154
242,250
243,181
244,239
245,237
246,226
247,249
248,205
249,209
250,181
251,137
252,203
253,185
254,232
255,249
256,254
257,209
258,173
259,189
260,140
261,200
262,231
263,71
264,227
265,222
266,159
267,138
268,218
269,206
270,187
271,209
272,190
273,252
274,189
275,177
276,233
277,167
278,250
279,183
280,174
281,208
282,225
283,214
284,119
285,225
286,177
287,223
288,222
289,193
290,160
291,230
292,188
293,129
294,201
295,157
296,127
297,120
298,144
299,228
300,178
301,199
302,241
303,164
304,230
305,226
306,160
307,212
308,220
309,249
310,212
311,153
312,164
313,248
314,253
315,152
316,104
317,171
318,222
319,191
320,202
321,77
322,158
323,211
324,198
325,233
326,140
327,246
328,202
329,159
330,235
331,252
332,179
333,216
334,224
335,220
336,196
337,211
338,224
339,121
340,86
341,251
342,236
343,207
344,176
345,144
346,132
347,110
348,28
349,115
350,136
351,184
352,118
353,149
354,198
355,196
356,224
357,230
358,220
359,113
360,208
361,177
362,217
363,136
364,236
365,192
366,202
367,239
368,240
369,162
370,192
371,206
372,106
373,166
374,249
375,103
376,212
377,233
378,121
379,209
380,185
381,107
382,116
383,229
384,195
385,252
386,200
387,114
388,193
389,224
390,243
391,185
392,241
393,134
394,195
395,0
396,208
397,214
398,157
399,240
400,108
401,174
402,220
403,165
404,181
405,215
406,227
407,101
408,201
409,223
410,193
411,114
412,234
413,252
414,203
415,103
416,169
417,65
418,216
419,101
420,232
421,205
422,227
423,245
424,196
425,241
426,228
427,71
428,151
429,171
430,230
431,237
432,219
433,246
434,190
435,189
436,201
437,226
438,198
439,221
440,190
441,140
442,194
443,176
444,176
445,183
446,82
447,207
448,101
449,229
450,65
451,225
452,206
453,207
454,214
455,219
456,203
457,247
458,201
459,253
460,241
461,244
462,250
463,170
464,221
465,193
466,171
467,175
468,163
469,142
470,106
471,196
472,189
473,175
474,192
475,246
476,228
477,166
478,220
479,142
480,139
481,238
482,238
483,250
484,159
485,162
486,226
487,98
488,167
489,235
490,154
491,176
492,200
493,80
494,173
495,155
496,231
497,227
498,238
499,237
500,191
501,203
502,222
503,248
504,108
505,240
506,135
507,204
508,115
509,102
510,224
511,234
512,226
513,251
514,185
515,234
516,191
517,180
518,98
519,228
520,145
521,229
522,174
523,97
524,191
525,212
526,214
527,226
528,213
529,223
530,195
531,211
532,38
533,183
534,250
535,69
536,223
537,229
538,119
539,102
540,207
541,245
542,214
543,207
544,234
545,139
546,160
547,127
548,92
549,256
550,175
551,109
552,224
553,173
554,50
555,186
556,0
557,235
558,139
559,213
560,117
561,208
562,194
563,120
564,219
565,182
566,253
567,254
568,213
569,246
570,210
571,116
572,229
573,232
574,198
575,197
576,231
577,131
578,235
579,255
580,204
581,50
582,205
583,252
584,248
585,138
586,187
587,214
588,209
589,80
590,233
591,235
592,249
593,173
594,175
595,231
596,237
597,248
598,149
599,240
600,181
601,208
602,127
603,217
604,157
605,153
606,183
607,218
608,202
609,128
610,224
611,250
612,166
613,249
614,95
615,253
616,132
617,163
618,151
619,110
620,193
621,218
622,135
623,229
624,185
625,188
626,219
627,210
628,225
629,166
630,187
631,206
632,233
633,219
634,218
635,206
636,172
637,89
638,87
639,221
640,92
641,181
642,190
643,133
644,236
645,227
646,238
647,234
648,189
649,219
650,167
651,251
652,125
653,157
654,47
655,205
656,134
657,247
658,241
659,194
660,218
661,205
662,183
663,199
664,224
665,159
666,236
667,119
668,231
669,134
670,179
671,216
672,52
673,237
674,194
675,206
676,99
677,124
678,203
679,225
680,244
681,135
682,245
683,166
684,210
685,230
686,151
687,191
688,194
689,133
690,246
691,226
692,203
693,189
694,164
695,231
696,131
697,238
698,0
699,157
700,214
701,227
702,160
703,254
704,200
705,222
706,118
707,248
708,46
709,132
710,248
711,248
712,252
713,220
714,160
715,182
716,189
717,215
718,136
719,113
720,157
721,226
722,67
723,223
724,225
725,179
726,104
727,253
728,91
729,196
730,219
731,144
732,230
733,137
734,231
735,145
736,146
737,195
738,224
739,196
740,228
741,218
742,136
743,185
744,179
745,203
746,93
747,255
748,203
749,241
750,183
751,0
752,219
753,93
754,250
755,167
756,229
757,183
758,187
759,233
760,192
761,87
762,203
763,229
764,177
765,243
766,171
767,200
768,126
769,216
770,160
771,226
772,143
773,233
774,205
775,157
776,190
777,227
778,194
779,140
780,220
781,182
782,86
783,243
784,221
785,251
786,243
787,130
788,133
789,228
790,252
791,74
792,184
793,239
794,197
795,230
796,122
797,160
798,233
799,256
800,159
801,237
802,213
803,150
804,174
805,240
806,247
807,201
808,248
809,221
810,215
811,168
812,164
813,233
814,198
815,205
816,210
817,169
818,87
819,198
820,252
821,219
822,0
823,216
824,228
825,197
826,200
827,230
828,172
829,238
830,188
831,218
832,207
833,100
834,151
835,157
836,172
837,156
838,137
839,126
840,236
841,230
842,237
843,229
844,203
845,234
846,130
847,196
848,227
849,159
850,216
851,177
852,182
853,248
854,99
855,190
856,75
857,247
858,166
859,100
860,235
861,198
862,161
863,234
864,173
865,166
866,215
867,241
868,171
869,228
870,180
871,229
872,210
873,217
874,245
875,239
876,210
877,224
878,209
879,204
880,246
881,164
882,47
883,227
884,185
885,195
886,112
887,224
888,211
889,70
890,250
891,218
892,211
893,191
894,168
895,254
896,238
897,228
898,168
899,163
900,134
901,187
902,198
903,121
904,115
905,189
906,89
907,27
908,191
909,229
910,238
911,204
912,24
913,210
914,244
915,220
916,118
917,180
918,179
919,212
920,200
921,190
922,189
923,239
924,251
925,160
926,228
927,161
928,243
929,232
930,234
931,236
932,171
933,238
934,175
935,241
936,230
937,132
938,0
939,250
940,237
941,221
942,139
943,215
944,208
945,241
946,205
947,165
948,167
949,256
950,214
951,240
952,137
953,235
954,240
955,151
956,238
957,245
958,209
959,214
960,218
961,250
962,251
963,159
964,200
965,206
966,250
967,253
968,215
969,172
970,212
971,121
972,182
973,118
974,188
975,159
976,227
977,158
978,228
979,237
980,204
981,255
982,163
983,228
984,242
985,102
986,0
987,237
988,149
989,165
990,170
991,139
992,104
993,225
994,202
995,164
996,193
997,222
998,186
999,251
1000,241
1001,207
1002,249
1003,128
1004,182
1005,182
1006,196
1007,195
1008,150
1009,85
1010,111
1011,174
1012,248
1013,219
1014,233
1015,199
1016,216
1017,220
1018,190
1019,226
1020,212
1021,134
1022,234
1023,181
1024,119
1025,254
1026,211
1027,225
1028,249
1029,180
1030,189
1031,142
1032,121
1033,246
1034,175
1035,247
1036,87
1037,56
1038,180
1039,119
1040,197
1041,154
1042,150
1043,220
1044,130
1045,201
1046,183
1047,191
1048,163
1049,108
1050,226
1051,253
1052,224
1053,75
1054,154
1055,136
1056,178
1057,246
1058,66
1059,200
1060,221
1061,154
1062,215
1063,216
1064,193
1065,226
1066,81
1067,214
1068,221
1069,249
1070,252
1071,198
1072,159
1073,211
1074,191
1075,254
1076,228
1077,251
1078,218
1079,240
1080,180
1081,210
1082,135
1083,208
1084,234
1085,192
1086,185
1087,163
1088,192
1089,186
1090,106
1091,167
1092,109
1093,141
1094,87
1095,221
1096,121
1097,183
1098,142
1099,200
1100,212
1101,243
1102,122
1103,173
1104,240
1105,166
1106,179
1107,250
1108,234
1109,226
1110,253
1111,230
1112,248
1113,238
1114,156
1115,207
1116,218
1117,152
1118,198
1119,187
1120,229
1121,170
1122,151
1123,188
1124,145
1125,237
1126,120
1127,193
1128,106
1129,210
1130,250
1131,256
1132,208
1133,236
1134,124
1135,217
1136,168
1137,154
1138,149
1139,86
1140,242
1141,237
1142,236
1143,122
1144,78
1145,162
1146,191
1147,211
1148,166
1149,154
1150,74
1151,246
1152,135
1153,199
1154,242
1155,127
1156,253
1157,236
1158,214
1159,243
1160,185
1161,223
1162,175
1163,225
1164,143
1165,168
1166,243
1167,188
1168,164
1169,138
1170,236
1171,195
1172,195
1173,208
1174,183
1175,238
1176,98
1177,222
1178,193
1179,242
1180,137
1181,199
1182,163
1183,208
1184,171
1185,241
1186,256
1187,135
1188,130
1189,233
1190,233
1191,222
1192,196
1193,250
1194,247
1195,228
1196,169
1197,165
1198,127
1199,98
1200,109
1201,255
1202,224
1203,233
1204,100
1205,233
1206,219
1207,216
1208,140
1209,234
1210,192
1211,185
1212,221
1213,123
1214,247
1215,0
1216,228
1217,0
1218,190
1219,243
1220,245
1221,190
1222,129
1223,220
1224,131
1225,23
1226,189
1227,192
1228,46
1229,138
1230,167
1231,164
1232,108
1233,241
1234,93
1235,70
1236,172
1237,133
1238,205
1239,247
1240,194
1241,198
1242,193
1243,209
1244,179
1245,96
1246,254
1247,242
1248,169
1249,211
1250,170
1251,200
1252,199
1253,246
1254,213
1255,191
1256,217
1257,177
1258,218
1259,244
1260,236
1261,239
1262,92
1263,252
1264,209
1265,190
1266,194
1267,225
1268,176
1269,243
1270,158
1271,225
1272,216
1273,241
1274,137
1275,175
1276,126
1277,225
1278,219
1279,202
1280,145
1281,187
1282,172
1283,216
1284,245
1285,72
1286,170
1287,48
1288,132
1289,218
1290,107
1291,120
1292,114
1293,123
1294,225
1295,179
1296,230
1297,239
1298,177
1299,251
1300,123
1301,237
1302,212
1303,187
1304,210
1305,135
1306,134
1307,181
1308,151
1309,170
1310,211
1311,204
1312,220
1313,166
1314,216
1315,256
1316,221
1317,193
1318,194
1319,140
1320,181
1321,97
1322,206
1323,245
1324,77
1325,187
1326,179
1327,250
1328,195
1329,223
1330,203
1331,199
1332,255
1333,215
1334,242
1335,159
1336,218
1337,139
1338,178
1339,203
1340,249
1341,254
1342,198
1343,204
1344,231
1345,226
1346,210
1347,255
1348,164
1349,186
1350,227
1351,238
1352,154
1353,231
1354,234
1355,48
1356,156
1357,133
1358,193
1359,37
1360,235
1361,236
1362,213
1363,169
1364,146
1365,179
1366,44
1367,224
1368,164
1369,231
1370,243
1371,199
1372,252
1373,191
1374,200
1375,190
1376,209
1377,218
1378,34
1379,180
1380,197
1381,184
1382,184
1383,238
1384,77
1385,158
1386,155
1387,195
1388,88
1389,247
1390,222
1391,198
1392,107
1393,229
1394,211
1395,221
1396,189
1397,242
1398,133
1399,218
1400,75
1401,213
1402,212
1403,156
1404,148
1405,151
1406,255
1407,71
1408,132
1409,133
1410,192
1411,218
1412,231
1413,223
1414,155
1415,228
1416,97
1417,229
1418,156
1419,62
1420,227
1421,234
1422,230
1423,256
1424,196
1425,214
1426,242
1427,150
1428,183
1429,164
1430,233
1431,157
1432,160
1433,231
1434,210
1435,164
1436,243
1437,230
1438,139
1439,220
1440,208
1441,246
1442,158
1443,250
1444,130
1445,241
1446,226
1447,227
1448,225
1449,177
1450,189
1451,155
1452,240
1453,115
1454,227
1455,237
1456,243
1457,182
1458,214
1459,196
1460,123
1461,196
1462,239
1463,202
1464,56
1465,219
1466,248
1467,228
1468,186
1469,182
1470,110
1471,244
1472,226
1473,209
1474,0
1475,206
1476,117
1477,207
1478,171
1479,208
1480,195
1481,38
1482,232
1483,100
1484,200
1485,206
1486,180
1487,251
1488,178
1489,216
1490,219
1491,250
1492,171
1493,252
1494,138
1495,237
1496,226
1497,187
1498,151
1499,202
1500,56
1501,201
1502,126
1503,137
1504,146
1505,99
1506,170
1507,219
1508,246
1509,160
1510,77
1511,241
1512,123
1513,174
1514,212
1515,192
1516,183
1517,213
1518,236
1519,198
1520,151
1521,214
1522,242
1523,248
1524,140
1525,224
1526,226
1527,180
1528,160
1529,178
1530,165
1531,229
1532,98
1533,11
1534,161
1535,216
1536,226
1537,167
1538,173
1539,233
1540,193
1541,250
1542,250
1543,220
1544,213
1545,123
1546,235
1547,149
1548,125
1549,125
1550,114
1551,126
1552,215
1553,221
1554,68
1555,236
1556,62
1557,207
1558,213
1559,166
1560,170
1561,178
1562,254
1563,154
1564,240
1565,150
1566,238
1567,232
1568,224
1569,164
1570,245
1571,238
1572,194
1573,235
1574,190
1575,198
1576,192
1577,238
1578,194
1579,237
1580,236
1581,238
1582,163
1583,193
1584,116
1585,180
1586,240
1587,240
1588,224
1589,186
1590,237
1591,191
1592,171
1593,104
1594,172
1595,239
1596,218
1597,136
1598,198
1599,188
1600,188
1601,183
1602,190
1603,224
1604,174
1605,243
1606,96
1607,227
1608,137
1609,176
1610,125
1611,224
1612,254
1613,177
1614,214
1615,201
1616,163
1617,138
1618,186
1619,225
1620,221
1621,94
1622,190
1623,201
1624,139
1625,173
1626,180
1627,202
1628,221
1629,139
1630,231
1631,239
1632,208
1633,214
1634,141
1635,182
1636,190
1637,193
1638,135
1639,178
1640,173
1641,208
1642,241
1643,75
1644,138
1645,250
1646,124
1647,230
1648,226
1649,210
1650,241
1651,206
1652,111
1653,164
1654,134
1655,242
1656,79
1657,203
1658,76
1659,183
1660,177
1661,247
1662,145
1663,119
1664,186
1665,243
1666,76
1667,147
1668,198
1669,117
1670,218
1671,144
1672,214
1673,42
1674,218
1675,197
1676,214
1677,228
1678,208
1679,60
1680,136
1681,215
1682,222
1683,160
1684,174
1685,212
1686,238
1687,227
1688,246
1689,208
1690,233
1691,101
1692,132
1693,150
1694,154
1695,61
1696,221
1697,145
1698,222
1699,211
1700,214
1701,252
1702,251
1703,243
1704,256
1705,182
1706,244
1707,256
1708,230
1709,235
1710,197
1711,217
1712,185
1713,179
1714,137
1715,164
1716,78
1717,189
1718,214
1719,185
1720,221
1721,181
1722,214
1723,131
1724,256
1725,226
1726,178
1727,218
1728,208
1729,229
1730,153
1731,202
1732,216
1733,44
1734,151
1735,52
1736,206
1737,250
1738,167
1739,246
1740,221
1741,104
1742,254
1743,185
1744,162
1745,133
1746,163
1747,213
1748,207
1749,159
1750,234
1751,189
1752,127
1753,225
1754,249
1755,203
1756,200
1757,205
1758,236
1759,206
1760,110
1761,99
1762,250
1763,206
1764,194
1765,65
1766,251
1767,184
1768,154
1769,226
1770,0
1771,198
1772,31
1773,173
1774,112
1775,142
1776,66
1777,231
1778,100
1779,158
1780,255
1781,162
1782,209
1783,195
1784,134
1785,170
1786,196
1787,240
1788,198
1789,248
1790,196
1791,62
1792,78
1793,190
1794,156
1795,18
1796,221
1797,87
1798,169
1799,194
1800,172
1801,196
1802,182
1803,135
1804,150
1805,166
1806,0
1807,192
1808,214
1809,167
1810,180
1811,221
1812,223
1813,213
1814,178
1815,182
1816,119
1817,111
1818,96
1819,241
1820,203
1821,212
1822,174
1823,238
1824,212
1825,209
1826,225
1827,176
1828,175
1829,73
1830,97
1831,184
1832,202
1833,250
1834,165
1835,194
1836,220
1837,171
1838,214
1839,154
1840,227
1841,141
1842,244
1843,157
1844,250
1845,83
1846,143
1847,215
1848,85
1849,178
1850,233
1851,158
1852,201
1853,193
1854,140
1855,180
1856,155
1857,215
1858,238
1859,203
1860,152
1861,168
1862,135
1863,185
1864,185
1865,185
1866,175
1867,253
1868,215
1869,226
1870,188
1871,147
1872,0
1873,181
1874,200
1875,230
1876,175
1877,208
1878,243
1879,177
1880,176
1881,80
1882,195
1883,172
1884,245
1885,111
1886,111
1887,248
1888,176
1889,158
1890,222
1891,122
1892,122
1893,212
1894,253
1895,204
1896,206
1897,204
1898,197
1899,176
1900,180
1901,245
1902,214
1903,157
1904,203
1905,200
1906,215
1907,211
1908,182
1909,145
1910,200
1911,220
1912,206
1913,71
1914,131
1915,158
1916,222
1917,195
1918,136
1919,146
1920,230
1921,210
1922,225
1923,189
1924,76
1925,221
1926,227
1927,153
1928,179
1929,198
1930,141
1931,255
1932,235
1933,225
1934,177
1935,242
1936,195
1937,190
1938,49
1939,193
1940,180
1941,226
1942,208
1943,169
1944,245
1945,202
1946,124
1947,209
1948,245
1949,95
1950,124
1951,155
1952,184
1953,123
1954,249
1955,135
1956,180
1957,222
1958,174
1959,150
1960,172
1961,116
1962,91
1963,109
1964,37
1965,152
1966,214
1967,207
1968,247
1969,255
1970,243
1971,253
1972,188
1973,139
1974,222
1975,190
1976,203
1977,230
1978,195
1979,244
1980,179
1981,221
1982,220
1983,235
1984,220
1985,131
1986,241
1987,198
1988,238
1989,197
1990,237
1991,184
1992,241
1993,120
1994,47
1995,209
1996,37
1997,167
1998,159
1999,196
2000,189
2001,214
2002,206
2003,227
2004,166
2005,177
2006,200
2007,222
2008,199
2009,224
2010,222
2011,230
2012,235
2013,218
2014,168
2015,194
2016,227
2017,215
2018,192
2019,232
2020,160
2021,239
2022,58
2023,220
2024,183
2025,240
2026,227
2027,125
2028,202
2029,103
2030,254
2031,228
2032,229
2033,233
2034,180
2035,225
2036,144
2037,152
2038,161
2039,194
2040,134
2041,227
2042,91
2043,159
2044,245
2045,130
2046,256
2047,247
2048,185
2049,174
2050,57
2051,144
2052,155
2053,220
2054,217
2055,228
2056,213
2057,217
2058,216
2059,212
2060,90
2061,220
2062,107
2063,0
2064,85
2065,238
2066,230
2067,107
2068,42
2069,106
2070,180
2071,209
2072,180
2073,220
2074,255
2075,243
2076,167
2077,108
2078,240
2079,132
2080,199
2081,229
2082,230
2083,187
2084,212
2085,166
2086,129
2087,173
2088,218
2089,242
2090,114
2091,254
2092,149
2093,235
2094,209
2095,168
2096,236
2097,188
2098,184
2099,133
2100,184
2101,244
2102,167
2103,160
2104,195
2105,154
2106,241
2107,225
2108,163
2109,238
2110,189
2111,212
2112,121
2113,192
2114,210
2115,233
2116,200
2117,243
2118,232
2119,248
2120,174
2121,149
2122,216
2123,128
2124,227
2125,236
2126,174
2127,198
2128,158
2129,158
2130,232
2131,184
2132,161
2133,173
2134,144
2135,191
2136,230
2137,119
2138,256
2139,215
2140,200
2141,223
2142,213
2143,220
2144,217
2145,229
2146,156
2147,154
2148,216
2149,212
2150,190
2151,254
2152,151
2153,182
2154,239
2155,243
2156,246
2157,209
2158,145
2159,196
2160,45
2161,200
2162,31
2163,239
2164,241
2165,164
2166,236
2167,182
2168,192
2169,252
2170,227
2171,193
2172,120
2173,141
2174,163
2175,186
2176,238
2177,251
2178,207
2179,208
2180,256
2181,210
2182,181
2183,146
2184,172
2185,198
2186,157
2187,0
2188,209
2189,206
2190,156
2191,215
2192,149
2193,55
2194,245
2195,109
2196,126
2197,220
2198,89
2199,149
2200,137
2201,191
2202,238
2203,0
2204,171
2205,119
2206,246
2207,143
2208,182
2209,151
2210,148
2211,243
2212,169
2213,128
2214,214
2215,256
2216,227
2217,226
2218,208
2219,167
2220,179
2221,238
2222,216
2223,172
2224,81
2225,221
2226,216
2227,97
2228,144
2229,128
2230,246
2231,230
2232,169
2233,181
2234,178
2235,234
2236,90
2237,249
2238,218
2239,172
2240,147
2241,190
2242,178
2243,198
2244,152
2245,192
2246,168
2247,214
2248,231
2249,158
2250,230
2251,255
2252,121
2253,202
2254,251
2255,216
2256,115
2257,225
2258,178
2259,2
2260,199
2261,202
2262,228
2263,116
2264,244
2265,108
2266,230
2267,229
2268,0
2269,154
2270,157
2271,94
2272,237
2273,168
2274,228
2275,120
2276,256
2277,236
2278,162
2279,155
2280,237
2281,145
2282,174
2283,110
2284,252
2285,231
2286,120
2287,216
2288,236
2289,232
2290,206
2291,209
2292,243
2293,88
2294,167
2295,148
2296,179
2297,159
2298,250
2299,213
2300,207
2301,213
2302,249
2303,241
2304,238
2305,240
2306,182
2307,162
2308,207
2309,211
2310,168
2311,125
2312,243
2313,218
2314,251
2315,256
2316,161
2317,9
2318,124
2319,209
2320,194
2321,206
2322,238
2323,246
2324,245
2325,215
2326,144
2327,222
2328,150
2329,184
2330,201
2331,167
2332,198
2333,187
2334,229
2335,153
2336,169
2337,226
2338,229
2339,142
2340,236
2341,170
2342,256
2343,199
2344,196
2345,206
2346,234
2347,211
2348,241
2349,223
2350,158
2351,242
2352,129
2353,131
2354,167
2355,247
2356,228
2357,219
2358,199
2359,0
2360,225
2361,115
2362,30
2363,232
2364,220
2365,184
2366,146
2367,246
2368,147
2369,108
2370,245
2371,218
2372,128
2373,243
2374,225
2375,232
2376,212
2377,0
2378,255
2379,246
2380,210
2381,189
2382,56
2383,237
2384,245
2385,207
2386,157
2387,202
2388,224
2389,129
2390,232
2391,148
2392,129
2393,203
2394,133
2395,120
2396,119
2397,249
2398,181
2399,224
