0,186
1,189
2,189
3,224
4,196
5,105
6,203
7,234
8,227
9,126
10,145
11,240
12,199
13,175
14,230
15,167
16,206
17,206
18,240
19,238
20,241
21,97
22,188
23,196
24,244
25,231
26,36
27,43
28,217
29,169
30,87
31,177
32,178
33,238
34,225
35,234
36,236
37,228
38,210
39,237
40,197
41,251
42,195
43,59
44,223
45,220
46,169
47,239
48,119
49,181
50,192
51,212
52,63
53,219
54,215
55,186
56,172
57,184
58,223
59,253
60,233
61,159
62,201
63,226
64,201
65,215
66,248
67,239
68,170
69,159
70,196
71,205
72,187
73,230
74,236
75,124
76,223
77,11
78,215
79,211
80,242
81,238
82,138
83,162
84,214
85,220
86,170
87,212
88,136
89,212
90,177
91,245
92,194
93,161
94,107
95,225
96,222
97,173
98,246
99,202
100,256
101,250
102,191
103,121
104,244
105,209
106,211
107,217
108,177
109,0
110,127
111,186
112,207
113,240
114,245
115,220
116,224
117,230
118,234
119,236
120,177
121,203
122,105
123,97
124,203
125,214
126,227
127,69
128,219
129,167
130,163
131,218
132,223
133,243
134,158
135,187
136,124
137,175
138,113
139,179
140,253
141,234
142,229
143,136
144,185
145,178
146,190
147,188
148,201
149,216
150,101
151,214
152,227
153,184
154,175
155,234
156,249
157,158
158,61
159,134
160,223
161,187
162,218
163,116
164,234
165,20
166,138
167,175
168,173
169,252
170,222
171,183
172,214
173,125
174,241
175,179
176,220
177,213
178,241
179,0
180,152
181,28
182,169
183,230
184,205
185,208
186,223
187,182
188,150
189,233
190,250
191,221
192,106
193,252
194,187
195,241
196,166
197,189
198,166
199,210
200,202
201,219
202,191
203,179
204,253
205,153
206,163
207,217
208,218
209,96
210,173
211,197
212,244
213,237
214,114
215,177
216,211
217,184
218,230
219,171
220,149
221,232
222,200
223,93
224,230
225,253
226,243
227,181
228,223
229,225
230,165
231,179
232,234
233,219
234,195
235,217
236,151
237,213
238,162
239,222
240,227
241,159
242,249
243,183
244,238
245,234
246,226
247,251
248,204
249,219
250,172
251,128
252,202
253,180
254,225
255,249
256,254
257,219
258,179
259,186
260,150
261,204
262,230
263,38
264,214
265,232
266,153
267,154
268,216
269,198
270,190
271,204
272,193
273,252
274,201
275,202
276,228
277,125
278,246
279,182
280,88
281,206
282,235
283,212
284,124
285,224
286,188
287,218
288,216
289,203
290,161
291,227
292,182
293,108
294,194
295,167
296,126
297,66
298,88
299,216
300,176
301,190
302,244
303,152
304,230
305,224
306,161
307,216
308,221
309,249
310,209
311,157
312,171
313,248
314,253
315,170
316,119
317,160
318,227
319,193
320,231
321,109
322,166
323,213
324,203
325,228
326,131
327,247
328,209
329,85
330,236
331,252
332,114
333,219
334,227
335,224
336,194
337,207
338,225
339,114
340,91
341,251
342,237
343,203
344,169
345,181
346,167
347,138
348,70
349,83
350,138
351,183
352,148
353,146
354,203
355,222
356,203
357,226
358,214
359,138
360,208
361,186
362,212
363,162
364,230
365,200
366,209
367,236
368,242
369,102
370,161
371,203
372,141
373,169
374,249
375,143
376,213
377,230
378,145
379,213
380,199
381,118
382,143
383,220
384,173
385,252
386,199
387,78
388,174
389,227
390,243
391,194
392,240
393,122
394,177
395,19
396,218
397,214
398,171
399,234
400,116
401,160
402,219
403,170
404,180
405,213
406,228
407,65
408,199
409,224
410,193
411,126
412,229
413,251
414,201
415,92
416,122
417,116
418,215
419,116
420,229
421,180
422,226
423,235
424,208
425,240
426,229
427,88
428,168
429,184
430,231
431,236
432,205
433,250
434,193
435,170
436,184
437,230
438,182
439,226
440,183
441,150
442,193
443,178
444,174
445,195
446,0
447,205
448,111
449,230
450,101
451,208
452,198
453,164
454,238
455,218
456,200
457,244
458,217
459,254
460,241
461,244
462,250
463,197
464,226
465,176
466,163
467,175
468,119
469,152
470,110
471,192
472,193
473,157
474,192
475,241
476,210
477,171
478,229
479,145
480,187
481,244
482,246
483,247
484,119
485,168
486,222
487,51
488,169
489,232
490,178
491,165
492,194
493,3
494,174
495,170
496,235
497,221
498,239
499,234
500,204
501,179
502,245
503,246
504,125
505,239
506,97
507,206
508,151
509,43
510,234
511,224
512,225
513,249
514,163
515,241
516,182
517,198
518,99
519,224
520,7
521,225
522,180
523,92
524,192
525,216
526,221
527,227
528,217
529,219
530,183
531,214
532,88
533,180
534,250
535,93
536,238
537,228
538,151
539,81
540,206
541,247
542,223
543,189
544,231
545,162
546,177
547,149
548,148
549,256
550,171
551,108
552,222
553,160
554,90
555,209
556,0
557,234
558,129
559,196
560,154
561,215
562,201
563,135
564,216
565,179
566,250
567,254
568,221
569,245
570,213
571,113
572,232
573,233
574,194
575,199
576,226
577,122
578,231
579,255
580,189
581,94
582,215
583,252
584,246
585,115
586,179
587,210
588,181
589,120
590,235
591,230
592,249
593,135
594,186
595,233
596,241
597,246
598,161
599,237
600,184
601,198
602,126
603,210
604,174
605,137
606,167
607,173
608,210
609,128
610,223
611,251
612,183
613,249
614,7
615,251
616,164
617,141
618,132
619,105
620,206
621,221
622,130
623,235
624,182
625,202
626,217
627,200
628,218
629,166
630,207
631,206
632,233
633,220
634,211
635,203
636,181
637,81
638,71
639,226
640,73
641,155
642,178
643,120
644,237
645,227
646,241
647,231
648,186
649,192
650,184
651,248
652,142
653,126
654,0
655,214
656,145
657,247
658,238
659,108
660,219
661,201
662,183
663,198
664,229
665,110
666,235
667,88
668,221
669,110
670,188
671,229
672,0
673,238
674,202
675,227
676,177
677,146
678,215
679,229
680,244
681,143
682,245
683,158
684,216
685,222
686,151
687,201
688,206
689,162
690,247
691,228
692,199
693,191
694,164
695,232
696,131
697,234
698,0
699,169
700,223
701,228
702,138
703,254
704,184
705,217
706,135
707,247
708,94
709,153
710,251
711,251
712,252
713,215
714,142
715,178
716,190
717,230
718,156
719,106
720,146
721,228
722,48
723,232
724,222
725,162
726,131
727,253
728,48
729,215
730,209
731,0
732,226
733,93
734,237
735,132
736,170
737,209
738,220
739,194
740,231
741,220
742,157
743,116
744,188
745,171
746,107
747,254
748,199
749,241
750,203
751,2
752,208
753,133
754,249
755,16
756,234
757,199
758,191
759,235
760,193
761,126
762,230
763,227
764,185
765,239
766,180
767,214
768,127
769,227
770,166
771,220
772,140
773,232
774,207
775,125
776,192
777,227
778,193
779,54
780,199
781,181
782,89
783,243
784,215
785,250
786,240
787,116
788,65
789,231
790,253
791,97
792,174
793,239
794,196
795,223
796,160
797,168
798,241
799,256
800,154
801,239
802,215
803,181
804,166
805,224
806,247
807,204
808,248
809,222
810,233
811,85
812,175
813,232
814,198
815,209
816,209
817,149
818,53
819,213
820,251
821,221
822,0
823,221
824,235
825,194
826,204
827,237
828,209
829,237
830,176
831,194
832,212
833,126
834,189
835,141
836,158
837,112
838,162
839,158
840,234
841,233
842,236
843,223
844,190
845,235
846,100
847,212
848,232
849,173
850,215
851,164
852,168
853,248
854,170
855,146
856,90
857,245
858,182
859,126
860,237
861,202
862,196
863,219
864,174
865,114
866,216
867,240
868,156
869,222
870,187
871,227
872,212
873,199
874,247
875,242
876,210
877,225
878,211
879,159
880,246
881,153
882,2
883,219
884,192
885,216
886,147
887,226
888,220
889,107
890,249
891,217
892,196
893,195
894,174
895,251
896,239
897,229
898,156
899,162
900,144
901,206
902,210
903,130
904,107
905,198
906,117
907,12
908,201
909,226
910,240
911,206
912,60
913,187
914,244
915,227
916,137
917,178
918,169
919,216
920,209
921,186
922,197
923,244
924,251
925,167
926,226
927,142
928,241
929,230
930,222
931,235
932,158
933,240
934,171
935,240
936,232
937,152
938,64
939,252
940,236
941,211
942,102
943,212
944,204
945,239
946,216
947,176
948,162
949,256
950,167
951,243
952,166
953,235
954,241
955,153
956,235
957,245
958,204
959,205
960,220
961,251
962,250
963,175
964,186
965,202
966,251
967,253
968,223
969,166
970,218
971,119
972,209
973,141
974,178
975,157
976,224
977,156
978,229
979,238
980,175
981,255
982,153
983,230
984,241
985,66
986,0
987,239
988,150
989,201
990,150
991,148
992,107
993,222
994,195
995,192
996,199
997,224
998,195
999,250
1000,240
1001,201
1002,250
1003,76
1004,187
1005,187
1006,177
1007,199
1008,151
1009,120
1010,106
1011,172
1012,248
1013,219
1014,229
1015,204
1016,207
1017,222
1018,187
1019,228
1020,216
1021,132
1022,236
1023,199
1024,116
1025,254
1026,119
1027,222
1028,248
1029,201
1030,174
1031,92
1032,94
1033,244
1034,194
1035,248
1036,82
1037,2
1038,182
1039,147
1040,212
1041,168
1042,163
1043,209
1044,139
1045,220
1046,191
1047,191
1048,166
1049,111
1050,226
1051,251
1052,219
1053,97
1054,141
1055,131
1056,188
1057,247
1058,134
1059,194
1060,219
1061,147
1062,216
1063,226
1064,201
1065,237
1066,53
1067,222
1068,225
1069,249
1070,252
1071,181
1072,154
1073,213
1074,99
1075,254
1076,227
1077,249
1078,209
1079,248
1080,180
1081,224
1082,156
1083,186
1084,222
1085,166
1086,175
1087,167
1088,143
1089,192
1090,102
1091,208
1092,64
1093,117
1094,134
1095,219
1096,101
1097,131
1098,134
1099,199
1100,219
1101,240
1102,136
1103,168
1104,235
1105,161
1106,191
1107,248
1108,229
1109,225
1110,254
1111,232
1112,249
1113,239
1114,116
1115,203
1116,185
1117,154
1118,186
1119,195
1120,228
1121,125
1122,169
1123,113
1124,147
1125,238
1126,96
1127,187
1128,84
1129,212
1130,250
1131,256
1132,215
1133,238
1134,86
1135,214
1136,165
1137,165
1138,173
1139,94
1140,242
1141,237
1142,239
1143,149
1144,87
1145,185
1146,193
1147,202
1148,185
1149,164
1150,92
1151,246
1152,128
1153,206
1154,241
1155,144
1156,253
1157,235
1158,223
1159,244
1160,188
1161,228
1162,185
1163,236
1164,128
1165,159
1166,237
1167,188
1168,180
1169,152
1170,236
1171,196
1172,198
1173,215
1174,188
1175,228
1176,164
1177,222
1178,197
1179,244
1180,104
1181,158
1182,160
1183,225
1184,147
1185,244
1186,256
1187,50
1188,175
1189,229
1190,243
1191,234
1192,200
1193,250
1194,247
1195,228
1196,193
1197,171
1198,167
1199,93
1200,70
1201,255
1202,223
1203,234
1204,97
1205,234
1206,225
1207,225
1208,156
1209,234
1210,198
1211,200
1212,215
1213,75
1214,248
1215,0
1216,228
1217,0
1218,193
1219,242
1220,245
1221,158
1222,97
1223,223
1224,167
1225,44
1226,191
1227,180
1228,30
1229,134
1230,170
1231,160
1232,112
1233,240
1234,56
1235,86
1236,132
1237,140
1238,213
1239,246
1240,192
1241,216
1242,200
1243,216
1244,190
1245,48
1246,254
1247,239
1248,153
1249,215
1250,176
1251,176
1252,169
1253,245
1254,212
1255,217
1256,219
1257,168
1258,212
1259,243
1260,234
1261,237
1262,122
1263,253
1264,217
1265,181
1266,162
1267,207
1268,179
1269,245
1270,171
1271,221
1272,218
1273,218
1274,89
1275,192
1276,104
1277,200
1278,212
1279,176
1280,159
1281,183
1282,143
1283,180
1284,240
1285,5
1286,184
1287,7
1288,149
1289,205
1290,140
1291,74
1292,158
1293,99
1294,220
1295,162
1296,232
1297,238
1298,168
1299,250
1300,3
1301,235
1302,210
1303,169
1304,211
1305,91
1306,93
1307,197
1308,139
1309,177
1310,216
1311,162
1312,210
1313,149
1314,212
1315,256
1316,222
1317,177
1318,180
1319,91
1320,199
1321,123
1322,208
1323,249
1324,40
1325,150
1326,189
1327,251
1328,183
1329,220
1330,208
1331,184
1332,255
1333,217
1334,239
1335,182
1336,175
1337,120
1338,187
1339,157
1340,250
1341,253
1342,212
1343,199
1344,237
1345,218
1346,203
1347,254
1348,180
1349,191
1350,227
1351,240
1352,158
1353,221
1354,234
1355,84
1356,181
1357,113
1358,188
1359,61
1360,234
1361,244
1362,217
1363,173
1364,151
1365,180
1366,61
1367,223
1368,163
1369,236
1370,246
1371,192
1372,252
1373,205
1374,199
1375,198
1376,216
1377,211
1378,50
1379,180
1380,209
1381,176
1382,186
1383,237
1384,4
1385,171
1386,161
1387,203
1388,91
1389,248
1390,217
1391,209
1392,120
1393,234
1394,216
1395,226
1396,196
1397,238
1398,143
1399,197
1400,66
1401,214
1402,180
1403,184
1404,164
1405,169
1406,255
1407,0
1408,133
1409,113
1410,206
1411,227
1412,231
1413,229
1414,189
1415,222
1416,50
1417,231
1418,153
1419,17
1420,216
1421,223
1422,204
1423,256
1424,186
1425,191
1426,241
1427,141
1428,165
1429,171
1430,222
1431,96
1432,183
1433,232
1434,200
1435,151
1436,243
1437,230
1438,130
1439,224
1440,202
1441,245
1442,162
1443,251
1444,181
1445,248
1446,237
1447,215
1448,225
1449,176
1450,187
1451,146
1452,239
1453,144
1454,227
1455,226
1456,243
1457,194
1458,213
1459,200
1460,108
1461,195
1462,237
1463,205
1464,69
1465,221
1466,248
1467,236
1468,135
1469,180
1470,94
1471,240
1472,222
1473,220
1474,0
1475,204
1476,123
1477,190
1478,165
1479,201
1480,215
1481,0
1482,228
1483,117
1484,211
1485,210
1486,196
1487,251
1488,183
1489,218
1490,181
1491,251
1492,183
1493,251
1494,108
1495,232
1496,235
1497,196
1498,153
1499,200
1500,79
1501,197
1502,151
1503,165
1504,160
1505,116
1506,29
1507,217
1508,242
1509,162
1510,105
1511,244
1512,86
1513,173
1514,222
1515,175
1516,177
1517,201
1518,231
1519,218
1520,191
1521,224
1522,242
1523,249
1524,143
1525,230
1526,224
1527,193
1528,160
1529,178
1530,170
1531,227
1532,107
1533,0
1534,167
1535,213
1536,205
1537,156
1538,171
1539,236
1540,196
1541,248
1542,249
1543,224
1544,200
1545,105
1546,243
1547,174
1548,139
1549,134
1550,142
1551,149
1552,223
1553,212
1554,83
1555,230
1556,65
1557,197
1558,223
1559,166
1560,177
1561,190
1562,254
1563,184
1564,242
1565,112
1566,236
1567,234
1568,232
1569,170
1570,243
1571,236
1572,193
1573,229
1574,169
1575,196
1576,170
1577,230
1578,195
1579,241
1580,234
1581,236
1582,165
1583,200
1584,118
1585,164
1586,238
1587,234
1588,222
1589,196
1590,238
1591,191
1592,150
1593,151
1594,163
1595,230
1596,212
1597,147
1598,197
1599,164
1600,184
1601,170
1602,188
1603,211
1604,193
1605,239
1606,101
1607,224
1608,141
1609,196
1610,89
1611,226
1612,254
1613,182
1614,222
1615,215
1616,159
1617,143
1618,197
1619,218
1620,226
1621,100
1622,199
1623,204
1624,146
1625,189
1626,155
1627,202
1628,233
1629,156
1630,231
1631,241
1632,198
1633,214
1634,119
1635,193
1636,186
1637,189
1638,88
1639,172
1640,167
1641,208
1642,241
1643,96
1644,155
1645,249
1646,130
1647,220
1648,232
1649,194
1650,240
1651,219
1652,155
1653,176
1654,68
1655,242
1656,129
1657,220
1658,92
1659,170
1660,150
1661,249
1662,177
1663,130
1664,169
1665,242
1666,92
1667,160
1668,211
1669,110
1670,223
1671,141
1672,215
1673,48
1674,221
1675,209
1676,221
1677,225
1678,215
1679,37
1680,157
1681,222
1682,223
1683,165
1684,170
1685,209
1686,237
1687,228
1688,248
1689,197
1690,229
1691,25
1692,144
1693,156
1694,166
1695,117
1696,233
1697,152
1698,223
1699,210
1700,222
1701,250
1702,252
1703,243
1704,256
1705,183
1706,239
1707,256
1708,226
1709,239
1710,210
1711,210
1712,168
1713,185
1714,121
1715,170
1716,144
1717,172
1718,218
1719,191
1720,226
1721,175
1722,221
1723,15
1724,256
1725,218
1726,184
1727,220
1728,222
1729,233
1730,163
1731,195
1732,218
1733,32
1734,168
1735,33
1736,207
1737,250
1738,160
1739,244
1740,212
1741,66
1742,252
1743,192
1744,170
1745,135
1746,173
1747,214
1748,208
1749,156
1750,233
1751,161
1752,146
1753,219
1754,246
1755,206
1756,196
1757,177
1758,236
1759,208
1760,54
1761,46
1762,250
1763,205
1764,204
1765,50
1766,251
1767,186
1768,156
1769,225
1770,0
1771,200
1772,0
1773,160
1774,80
1775,158
1776,121
1777,235
1778,109
1779,160
1780,255
1781,89
1782,209
1783,205
1784,142
1785,194
1786,192
1787,238
1788,184
1789,249
1790,143
1791,7
1792,69
1793,182
1794,44
1795,24
1796,227
1797,48
1798,154
1799,187
1800,174
1801,202
1802,173
1803,92
1804,148
1805,166
1806,37
1807,148
1808,205
1809,109
1810,174
1811,207
1812,216
1813,217
1814,171
1815,198
1816,131
1817,108
1818,103
1819,238
1820,208
1821,138
1822,198
1823,245
1824,208
1825,199
1826,228
1827,179
1828,183
1829,65
1830,101
1831,188
1832,192
1833,241
1834,76
1835,164
1836,221
1837,153
1838,220
1839,111
1840,226
1841,170
1842,245
1843,159
1844,251
1845,89
1846,134
1847,214
1848,54
1849,180
1850,237
1851,117
1852,201
1853,193
1854,132
1855,197
1856,172
1857,218
1858,237
1859,201
1860,156
1861,181
1862,127
1863,176
1864,190
1865,201
1866,175
1867,253
1868,202
1869,228
1870,199
1871,161
1872,0
1873,189
1874,194
1875,233
1876,99
1877,208
1878,241
1879,170
1880,164
1881,88
1882,216
1883,176
1884,247
1885,123
1886,132
1887,243
1888,155
1889,174
1890,227
1891,135
1892,102
1893,220
1894,253
1895,224
1896,200
1897,224
1898,191
1899,157
1900,190
1901,245
1902,212
1903,164
1904,209
1905,194
1906,213
1907,208
1908,185
1909,128
1910,200
1911,219
1912,208
1913,145
1914,137
1915,165
1916,218
1917,197
1918,110
1919,180
1920,234
1921,220
1922,215
1923,191
1924,113
1925,202
1926,220
1927,153
1928,165
1929,184
1930,148
1931,255
1932,234
1933,229
1934,194
1935,243
1936,189
1937,202
1938,91
1939,80
1940,185
1941,230
1942,216
1943,169
1944,247
1945,180
1946,115
1947,210
1948,246
1949,98
1950,167
1951,136
1952,163
1953,67
1954,246
1955,81
1956,182
1957,224
1958,170
1959,132
1960,177
1961,77
1962,144
1963,131
1964,0
1965,191
1966,214
1967,201
1968,247
1969,255
1970,238
1971,252
1972,197
1973,128
1974,224
1975,106
1976,187
1977,232
1978,208
1979,245
1980,181
1981,221
1982,208
1983,237
1984,218
1985,144
1986,240
1987,206
1988,239
1989,203
1990,239
1991,161
1992,241
1993,137
1994,61
1995,202
1996,52
1997,195
1998,189
1999,196
2000,205
2001,219
2002,207
2003,207
2004,164
2005,180
2006,216
2007,228
2008,210
2009,218
2010,224
2011,231
2012,235
2013,225
2014,167
2015,170
2016,218
2017,211
2018,198
2019,220
2020,194
2021,233
2022,54
2023,220
2024,196
2025,239
2026,227
2027,156
2028,208
2029,112
2030,254
2031,232
2032,226
2033,238
2034,177
2035,226
2036,106
2037,129
2038,159
2039,200
2040,109
2041,225
2042,0
2043,161
2044,248
2045,112
2046,256
2047,245
2048,188
2049,164
2050,44
2051,163
2052,145
2053,213
2054,201
2055,228
2056,209
2057,222
2058,209
2059,213
2060,109
2061,227
2062,27
2063,24
2064,94
2065,237
2066,225
2067,105
2068,47
2069,72
2070,174
2071,211
2072,195
2073,226
2074,253
2075,246
2076,140
2077,142
2078,243
2079,129
2080,214
2081,234
2082,221
2083,201
2084,221
2085,136
2086,142
2087,174
2088,216
2089,239
2090,137
2091,254
2092,141
2093,238
2094,217
2095,210
2096,239
2097,180
2098,202
2099,167
2100,187
2101,245
2102,186
2103,159
2104,196
2105,72
2106,241
2107,226
2108,168
2109,240
2110,186
2111,215
2112,148
2113,184
2114,211
2115,235
2116,208
2117,237
2118,233
2119,248
2120,166
2121,45
2122,208
2123,135
2124,230
2125,233
2126,181
2127,153
2128,142
2129,162
2130,232
2131,135
2132,166
2133,153
2134,155
2135,186
2136,224
2137,120
2138,256
2139,203
2140,182
2141,225
2142,208
2143,228
2144,232
2145,229
2146,176
2147,190
2148,212
2149,213
2150,188
2151,254
2152,172
2153,233
2154,238
2155,246
2156,246
2157,218
2158,185
2159,175
2160,86
2161,181
2162,0
2163,237
2164,232
2165,119
2166,233
2167,155
2168,196
2169,252
2170,225
2171,188
2172,100
2173,133
2174,160
2175,146
2176,235
2177,250
2178,209
2179,211
2180,256
2181,171
2182,174
2183,141
2184,148
2185,198
2186,119
2187,0
2188,209
2189,190
2190,180
2191,216
2192,169
2193,46
2194,245
2195,111
2196,93
2197,231
2198,93
2199,146
2200,166
2201,195
2202,238
2203,0
2204,191
2205,162
2206,244
2207,164
2208,184
2209,132
2210,153
2211,240
2212,101
2213,127
2214,219
2215,256
2216,223
2217,239
2218,211
2219,157
2220,195
2221,237
2222,217
2223,178
2224,24
2225,225
2226,218
2227,132
2228,148
2229,148
2230,246
2231,232
2232,130
2233,168
2234,151
2235,239
2236,116
2237,249
2238,219
2239,155
2240,165
2241,205
2242,188
2243,217
2244,152
2245,199
2246,167
2247,212
2248,212
2249,156
2250,235
2251,255
2252,135
2253,214
2254,251
2255,220
2256,112
2257,221
2258,178
2259,30
2260,205
2261,200
2262,232
2263,96
2264,241
2265,64
2266,229
2267,215
2268,0
2269,148
2270,149
2271,78
2272,249
2273,161
2274,228
2275,82
2276,256
2277,236
2278,172
2279,189
2280,223
2281,143
2282,171
2283,49
2284,253
2285,239
2286,116
2287,185
2288,233
2289,208
2290,178
2291,210
2292,244
2293,129
2294,148
2295,154
2296,173
2297,172
2298,250
2299,224
2300,195
2301,200
2302,250
2303,242
2304,236
2305,233
2306,154
2307,136
2308,188
2309,217
2310,170
2311,136
2312,245
2313,220
2314,253
2315,256
2316,192
2317,0
2318,94
2319,216
2320,196
2321,196
2322,236
2323,248
2324,244
2325,211
2326,137
2327,235
2328,65
2329,196
2330,194
2331,166
2332,194
2333,188
2334,222
2335,185
2336,157
2337,233
2338,224
2339,151
2340,236
2341,190
2342,256
2343,205
2344,197
2345,214
2346,234
2347,195
2348,244
2349,219
2350,164
2351,241
2352,63
2353,83
2354,154
2355,247
2356,221
2357,203
2358,206
2359,12
2360,224
2361,53
2362,114
2363,229
2364,213
2365,180
2366,117
2367,246
2368,130
2369,137
2370,236
2371,211
2372,126
2373,246
2374,231
2375,223
2376,223
2377,0
2378,254
2379,247
2380,211
2381,188
2382,144
2383,234
2384,225
2385,217
2386,177
2387,216
2388,222
2389,135
2390,231
2391,139
2392,171
2393,187
2394,126
2395,117
2396,152
2397,248
2398,182
2399,226
