0,10
1,238
2,238
3,169
4,209
5,122
6,189
7,71
8,197
9,80
10,153
11,188
12,224
13,234
14,251
15,174
16,141
17,215
18,190
19,74
20,120
21,178
22,152
23,206
24,0
25,157
26,176
27,127
28,130
29,230
30,219
31,163
32,164
33,173
34,117
35,0
36,225
37,177
38,226
39,243
40,154
41,221
42,161
43,87
44,121
45,239
46,215
47,213
48,168
49,72
50,159
51,124
52,240
53,242
54,205
55,183
56,173
57,154
58,177
59,136
60,75
61,187
62,161
63,200
64,208
65,104
66,218
67,117
68,124
69,153
70,146
71,195
72,211
73,207
74,185
75,103
76,173
77,125
78,154
79,193
80,209
81,177
82,200
83,189
84,171
85,98
86,185
87,249
88,206
89,200
90,164
91,165
92,79
93,239
94,146
95,191
96,108
97,125
98,205
99,216
100,174
101,238
102,208
103,232
104,138
105,133
106,173
107,180
108,124
109,149
110,170
111,194
112,195
113,0
114,204
115,188
116,87
117,166
118,214
119,203
120,172
121,0
122,204
123,205
124,169
125,154
126,148
127,190
128,170
129,89
130,213
131,213
132,216
133,23
134,166
135,146
136,62
137,201
138,194
139,205
140,128
141,221
142,71
143,183
144,184
145,187
146,184
147,194
148,89
149,215
150,119
151,132
152,162
153,140
154,138
155,227
156,244
157,151
158,209
159,182
160,174
161,183
162,105
163,138
164,223
165,235
166,174
167,217
168,122
169,238
170,197
171,147
172,160
173,238
174,169
175,149
176,130
177,99
178,163
179,162
180,180
181,159
182,33
183,38
184,156
185,176
186,145
187,218
188,96
189,169
190,104
191,242
192,190
193,79
194,131
195,213
196,154
197,222
198,229
199,166
200,135
201,221
202,225
203,204
204,172
205,180
206,190
207,180
208,208
209,186
210,129
211,204
212,205
213,202
214,202
215,163
216,198
217,80
218,171
219,206
220,183
221,173
222,242
223,174
224,187
225,214
226,176
227,241
228,211
229,195
230,90
231,203
232,124
233,134
234,124
235,35
236,183
237,104
238,146
239,235
240,167
241,136
242,211
243,188
244,154
245,224
246,197
247,77
248,221
249,162
250,189
251,120
252,196
253,101
254,146
255,190
256,218
257,159
258,189
259,224
260,223
261,107
262,133
263,183
264,128
265,197
266,107
267,190
268,125
269,187
270,238
271,88
272,88
273,151
274,107
275,208
276,176
277,151
278,174
279,181
280,110
281,207
282,118
283,141
284,127
285,92
286,157
287,132
288,194
289,177
290,211
291,220
292,230
293,182
294,90
295,237
296,165
297,180
298,196
299,218
300,155
301,169
302,204
303,164
304,177
305,231
306,205
307,142
308,183
309,178
310,226
311,108
312,180
313,76
314,113
315,175
316,152
317,226
318,179
319,117
320,130
321,123
322,210
323,232
324,226
325,175
326,220
327,224
328,213
329,122
330,148
331,197
332,247
333,218
334,221
335,182
336,164
337,214
338,116
339,167
340,243
341,177
342,15
343,130
344,113
345,139
346,171
347,152
348,247
349,5
350,247
351,198
352,127
353,120
354,196
355,210
356,197
357,144
358,179
359,184
360,122
361,170
362,198
363,154
364,135
365,183
366,98
367,175
368,178
369,184
370,184
371,170
372,210
373,138
374,113
375,134
376,156
377,181
378,171
379,208
380,155
381,135
382,76
383,153
384,206
385,127
386,138
387,190
388,121
389,223
390,146
391,179
392,234
393,51
394,94
395,241
396,232
397,221
398,230
399,112
400,157
401,133
402,244
403,241
404,191
405,127
406,55
407,159
408,194
409,221
410,243
411,236
412,205
413,134
414,138
415,201
416,239
417,251
418,154
419,189
420,158
421,106
422,174
423,154
424,220
425,228
426,114
427,228
428,182
429,173
430,243
431,221
432,72
433,246
434,170
435,96
436,174
437,206
438,216
439,173
440,77
441,215
442,142
443,78
444,200
445,99
446,170
447,187
448,226
449,210
450,216
451,155
452,256
453,139
454,230
455,149
456,217
457,227
458,204
459,186
460,232
461,111
462,154
463,218
464,246
465,133
466,121
467,162
468,207
469,246
470,61
471,235
472,128
473,115
474,187
475,158
476,243
477,175
478,140
479,244
480,183
481,149
482,195
483,210
484,72
485,228
486,105
487,221
488,248
489,93
490,227
491,242
492,139
493,209
494,78
495,251
496,224
497,217
498,167
499,169
500,223
501,237
502,234
503,220
504,146
505,138
506,195
507,190
508,209
509,212
510,130
511,222
512,216
513,107
514,159
515,244
516,214
517,176
518,233
519,232
520,214
521,144
522,136
523,209
524,181
525,237
526,204
527,121
528,206
529,188
530,181
531,229
532,163
533,240
534,211
535,187
536,212
537,40
538,240
539,164
540,47
541,165
542,112
543,199
544,234
545,184
546,143
547,221
548,191
549,172
550,69
551,182
552,173
553,112
554,249
555,218
556,89
557,180
558,136
559,216
560,227
561,242
562,141
563,219
564,147
565,215
566,120
567,224
568,221
569,199
570,213
571,202
572,202
573,187
574,242
575,140
576,223
577,214
578,194
579,242
580,174
581,244
582,198
583,152
584,186
585,117
586,194
587,169
588,190
589,235
590,186
591,168
592,194
593,157
594,126
595,151
596,187
597,222
598,137
599,158
600,107
601,240
602,85
603,97
604,154
605,232
606,136
607,163
608,166
609,112
610,123
611,195
612,136
613,148
614,229
615,158
616,22
617,171
618,221
619,187
620,63
621,196
622,230
623,179
624,136
625,202
626,172
627,214
628,226
629,142
630,223
631,225
632,103
633,115
634,207
635,211
636,237
637,168
638,99
639,101
640,193
641,132
642,240
643,193
644,196
645,154
646,242
647,174
648,206
649,22
650,132
651,211
652,192
653,222
654,199
655,211
656,139
657,203
658,165
659,215
660,116
661,211
662,181
663,190
664,194
665,185
666,218
667,210
668,141
669,205
670,139
671,157
672,185
673,186
674,241
675,199
676,191
677,146
678,136
679,115
680,220
681,138
682,148
683,215
684,217
685,197
686,152
687,231
688,210
689,200
690,74
691,192
692,44
693,249
694,235
695,184
696,43
697,176
698,138
699,158
700,117
701,232
702,236
703,235
704,152
705,180
706,89
707,176
708,159
709,244
710,101
711,214
712,108
713,212
714,132
715,140
716,136
717,249
718,175
719,63
720,206
721,184
722,168
723,105
724,155
725,89
726,196
727,76
728,102
729,184
730,215
731,102
732,180
733,142
734,240
735,137
736,204
737,163
738,176
739,65
740,177
741,221
742,110
743,242
744,213
745,98
746,177
747,106
748,153
749,210
750,96
751,196
752,187
753,189
754,213
755,227
756,197
757,214
758,243
759,131
760,173
761,252
762,248
763,224
764,224
765,213
766,223
767,130
768,182
769,186
770,240
771,85
772,148
773,193
774,127
775,224
776,193
777,206
778,214
779,243
780,122
781,200
782,139
783,194
784,121
785,202
786,79
787,195
788,120
789,215
790,116
791,131
792,100
793,168
794,228
795,61
796,121
797,244
798,89
799,101
800,236
801,149
802,178
803,218
804,246
805,146
806,113
807,195
808,211
809,128
810,187
811,211
812,184
813,151
814,206
815,207
816,97
817,151
818,234
819,197
820,181
821,161
822,235
823,215
824,181
825,179
826,215
827,144
828,230
829,199
830,220
831,209
832,143
833,224
834,164
835,171
836,187
837,183
838,248
839,221
840,16
841,46
842,184
843,218
844,158
845,72
846,153
847,218
848,195
849,207
850,204
851,35
852,32
853,160
854,178
855,152
856,198
857,237
858,135
859,206
860,197
861,145
862,201
863,135
864,172
865,236
866,212
867,241
868,244
869,244
870,174
871,222
872,216
873,178
874,153
875,224
876,167
877,182
878,196
879,204
880,20
881,198
882,209
883,170
884,171
885,148
886,225
887,245
888,152
889,240
890,215
891,93
892,114
893,204
894,192
895,129
896,179
897,103
898,190
899,215
900,125
901,158
902,179
903,178
904,221
905,150
906,211
907,162
908,126
909,163
910,156
911,222
912,89
913,194
914,154
915,236
916,199
917,101
918,162
919,60
920,191
921,159
922,158
923,125
924,204
925,183
926,169
927,191
928,172
929,183
930,129
931,119
932,174
933,224
934,192
935,169
936,113
937,230
938,165
939,153
940,179
941,199
942,168
943,185
944,192
945,140
946,98
947,133
948,201
949,161
950,111
951,165
952,224
953,207
954,209
955,246
956,195
957,210
958,163
959,0
960,202
961,237
962,116
963,218
964,139
965,121
966,119
967,157
968,143
969,181
970,211
971,170
972,175
973,27
974,179
975,160
976,201
977,138
978,214
979,243
980,190
981,203
982,182
983,164
984,178
985,237
986,195
987,224
988,240
989,140
990,241
991,152
992,183
993,215
994,189
995,208
996,172
997,245
998,161
999,221
1000,213
1001,129
1002,164
1003,237
1004,208
1005,209
1006,93
1007,196
1008,185
1009,113
1010,230
1011,187
1012,171
1013,199
1014,169
1015,212
1016,102
1017,200
1018,212
1019,245
1020,53
1021,246
1022,124
1023,161
1024,147
1025,215
1026,211
1027,99
1028,197
1029,195
1030,231
1031,87
1032,18
1033,172
1034,160
1035,196
1036,230
1037,172
1038,209
1039,175
1040,200
1041,125
1042,216
1043,108
1044,145
1045,199
1046,188
1047,108
1048,234
1049,124
1050,154
1051,201
1052,164
1053,198
1054,195
1055,187
1056,239
1057,187
1058,156
1059,212
1060,219
1061,180
1062,199
1063,158
1064,204
1065,210
1066,126
1067,208
1068,238
1069,189
1070,225
1071,153
1072,96
1073,227
1074,242
1075,188
1076,220
1077,190
1078,166
1079,170
1080,206
1081,162
1082,182
1083,105
1084,181
1085,197
1086,182
1087,123
1088,207
1089,146
1090,221
1091,173
1092,223
1093,175
1094,216
1095,240
1096,38
1097,167
1098,211
1099,219
1100,185
1101,214
1102,241
1103,223
1104,138
1105,223
1106,213
1107,159
1108,210
1109,213
1110,180
1111,146
1112,73
1113,233
1114,217
1115,135
1116,217
1117,137
1118,174
1119,143
1120,195
1121,151
1122,160
1123,91
1124,164
1125,167
1126,245
1127,222
1128,183
1129,211
1130,176
1131,237
1132,150
1133,222
1134,168
1135,184
1136,181
1137,207
1138,249
1139,196
1140,237
1141,117
1142,198
1143,102
1144,108
1145,151
1146,0
1147,250
1148,140
1149,185
1150,38
1151,231
1152,166
1153,122
1154,156
1155,153
1156,142
1157,219
1158,213
1159,203
1160,176
1161,203
1162,52
1163,241
1164,156
1165,241
1166,173
1167,217
1168,240
1169,214
1170,138
1171,189
1172,215
1173,222
1174,219
1175,244
1176,215
1177,164
1178,246
1179,145
1180,168
1181,142
1182,140
1183,107
1184,221
1185,221
1186,194
1187,141
1188,53
1189,172
1190,220
1191,134
1192,224
1193,207
1194,232
1195,247
1196,204
1197,175
1198,152
1199,222
1200,142
1201,248
1202,93
1203,208
1204,178
1205,157
1206,160
1207,165
1208,149
1209,214
1210,190
1211,218
1212,198
1213,185
1214,101
1215,141
1216,114
1217,175
1218,109
1219,251
1220,193
1221,200
1222,59
1223,118
1224,194
1225,69
1226,241
1227,77
1228,146
1229,242
1230,120
1231,74
1232,168
1233,166
1234,142
1235,183
1236,191
1237,135
1238,96
1239,216
1240,192
1241,162
1242,127
1243,227
1244,233
1245,248
1246,210
1247,146
1248,239
1249,178
1250,234
1251,167
1252,191
1253,191
1254,91
1255,66
1256,170
1257,238
1258,158
1259,126
1260,154
1261,220
1262,85
1263,247
1264,188
1265,161
1266,56
1267,111
1268,241
1269,194
1270,240
1271,189
1272,199
1273,227
1274,243
1275,227
1276,150
1277,47
1278,212
1279,250
1280,154
1281,95
1282,233
1283,135
1284,142
1285,35
1286,168
1287,0
1288,164
1289,174
1290,234
1291,224
1292,114
1293,178
1294,125
1295,164
1296,237
1297,49
1298,157
1299,124
1300,247
1301,184
1302,217
1303,128
1304,198
1305,220
1306,225
1307,212
1308,117
1309,180
1310,164
1311,124
1312,90
1313,190
1314,213
1315,213
1316,49
1317,195
1318,140
1319,228
1320,64
1321,93
1322,165
1323,243
1324,83
1325,172
1326,163
1327,103
1328,151
1329,193
1330,154
1331,34
1332,130
1333,170
1334,141
1335,165
1336,149
1337,152
1338,40
1339,213
1340,137
1341,163
1342,219
1343,201
1344,150
1345,142
1346,247
1347,136
1348,185
1349,164
1350,186
1351,29
1352,164
1353,36
1354,206
1355,97
1356,208
1357,195
1358,168
1359,147
1360,176
1361,113
1362,183
1363,79
1364,242
1365,240
1366,175
1367,170
1368,166
1369,115
1370,175
1371,166
1372,111
1373,172
1374,240
1375,235
1376,116
1377,201
1378,116
1379,184
1380,215
1381,132
1382,221
1383,213
1384,225
1385,134
1386,237
1387,190
1388,65
1389,30
1390,105
1391,224
1392,165
1393,90
1394,210
1395,54
1396,134
1397,84
1398,180
1399,161
1400,190
1401,172
1402,106
1403,212
1404,209
1405,136
1406,212
1407,68
1408,126
1409,216
1410,182
1411,201
1412,209
1413,209
1414,202
1415,135
1416,153
1417,136
1418,244
1419,196
1420,188
1421,221
1422,244
1423,130
1424,86
1425,234
1426,39
1427,139
1428,158
1429,184
1430,47
1431,200
1432,206
1433,91
1434,155
1435,229
1436,127
1437,165
1438,233
1439,243
1440,207
1441,118
1442,140
1443,243
1444,130
1445,223
1446,132
1447,110
1448,187
1449,114
1450,94
1451,185
1452,201
1453,119
1454,228
1455,247
1456,205
1457,68
1458,153
1459,160
1460,187
1461,200
1462,71
1463,118
1464,110
1465,163
1466,196
1467,205
1468,219
1469,170
1470,54
1471,142
1472,141
1473,120
1474,155
1475,152
1476,176
1477,103
1478,216
1479,171
1480,115
1481,165
1482,237
1483,226
1484,201
1485,25
1486,244
1487,109
1488,243
1489,230
1490,162
1491,0
1492,204
1493,173
1494,250
1495,232
1496,245
1497,184
1498,216
1499,161
1500,122
1501,196
1502,199
1503,145
1504,121
1505,182
1506,104
1507,103
1508,148
1509,128
1510,107
1511,175
1512,160
1513,143
1514,140
1515,233
1516,206
1517,186
1518,196
1519,108
1520,197
1521,227
1522,134
1523,98
1524,149
1525,211
1526,199
1527,217
1528,156
1529,231
1530,170
1531,101
1532,174
1533,213
1534,155
1535,118
1536,132
1537,168
1538,127
1539,226
1540,154
1541,224
1542,82
1543,217
1544,151
1545,109
1546,182
1547,178
1548,93
1549,170
1550,14
1551,104
1552,168
1553,151
1554,192
1555,139
1556,120
1557,215
1558,183
1559,113
1560,233
1561,122
1562,223
1563,187
1564,150
1565,153
1566,119
1567,174
1568,237
1569,104
1570,191
1571,194
1572,247
1573,236
1574,178
1575,212
1576,133
1577,107
1578,127
1579,231
1580,170
1581,143
1582,74
1583,231
1584,181
1585,164
1586,203
1587,157
1588,218
1589,128
1590,219
1591,192
1592,193
1593,185
1594,191
1595,43
1596,167
1597,101
1598,114
1599,134
1600,219
1601,200
1602,140
1603,171
1604,240
1605,217
1606,201
1607,148
1608,232
1609,130
1610,252
1611,154
1612,181
1613,221
1614,165
1615,144
1616,235
1617,96
1618,181
1619,171
1620,149
1621,206
1622,239
1623,165
1624,204
1625,190
1626,101
1627,101
1628,230
1629,185
1630,191
1631,227
1632,208
1633,201
1634,183
1635,224
1636,200
1637,234
1638,52
1639,214
1640,216
1641,146
1642,157
1643,175
1644,202
1645,203
1646,172
1647,253
1648,254
1649,247
1650,236
1651,246
1652,180
1653,160
1654,149
1655,249
1656,189
1657,179
1658,243
1659,220
1660,232
1661,153
1662,194
1663,209
1664,161
1665,248
1666,180
1667,178
1668,0
1669,87
1670,206
1671,153
1672,251
1673,255
1674,193
1675,247
1676,214
1677,233
1678,147
1679,134
1680,230
1681,152
1682,208
1683,202
1684,165
1685,235
1686,150
1687,230
1688,239
1689,166
1690,123
1691,94
1692,227
1693,193
1694,104
1695,165
1696,173
1697,8
1698,224
1699,248
1700,128
1701,195
1702,140
1703,205
1704,225
1705,193
1706,231
1707,81
1708,131
1709,229
1710,195
1711,198
1712,146
1713,118
1714,4
1715,217
1716,216
1717,157
1718,93
1719,223
1720,126
1721,160
1722,191
1723,11
1724,87
1725,188
1726,239
1727,202
1728,187
1729,127
1730,129
1731,209
1732,167
1733,174
1734,153
1735,187
1736,133
1737,118
1738,168
1739,184
1740,121
1741,118
1742,155
1743,232
1744,252
1745,151
1746,137
1747,122
1748,175
1749,145
1750,78
1751,104
1752,146
1753,105
1754,171
1755,176
1756,199
1757,132
1758,234
1759,193
1760,97
1761,0
1762,223
1763,175
1764,199
1765,88
1766,63
1767,99
1768,229
1769,186
1770,209
1771,58
1772,124
1773,146
1774,65
1775,245
1776,228
1777,131
1778,86
1779,176
1780,184
1781,205
1782,90
1783,24
1784,151
1785,48
1786,138
1787,185
1788,213
1789,132
1790,240
1791,247
1792,162
1793,130
1794,195
1795,206
1796,154
1797,143
1798,212
1799,177
1800,159
1801,210
1802,224
1803,121
1804,229
1805,218
1806,121
1807,162
1808,170
1809,187
1810,118
1811,200
1812,190
1813,247
1814,152
1815,196
1816,161
1817,180
1818,164
1819,115
1820,133
1821,148
1822,124
1823,138
1824,214
1825,149
1826,95
1827,166
1828,193
1829,215
1830,171
1831,232
1832,197
1833,118
1834,114
1835,196
1836,129
1837,158
1838,220
1839,212
1840,216
1841,196
1842,171
1843,157
1844,149
1845,3
1846,37
1847,141
1848,174
1849,113
1850,167
1851,159
1852,195
1853,167
1854,184
1855,165
1856,139
1857,244
1858,181
1859,219
1860,226
1861,117
1862,116
1863,224
1864,247
1865,124
1866,27
1867,236
1868,89
1869,248
1870,237
1871,157
1872,183
1873,167
1874,220
1875,224
1876,162
1877,158
1878,167
1879,155
1880,207
1881,102
1882,235
1883,197
1884,156
1885,211
1886,196
1887,108
1888,152
1889,171
1890,239
1891,106
1892,252
1893,238
1894,201
1895,247
1896,83
1897,145
1898,158
1899,161
1900,108
1901,232
1902,58
1903,197
1904,164
1905,199
1906,50
1907,166
1908,232
1909,126
1910,166
1911,247
1912,182
1913,119
1914,136
1915,241
1916,236
1917,237
1918,230
1919,136
1920,212
1921,203
1922,249
1923,186
1924,123
1925,146
1926,195
1927,146
1928,108
1929,183
1930,53
1931,124
1932,247
1933,169
1934,56
1935,254
1936,212
1937,174
1938,160
1939,128
1940,107
1941,244
1942,246
1943,176
1944,95
1945,163
1946,215
1947,218
1948,231
1949,231
1950,203
1951,214
1952,226
1953,219
1954,148
1955,133
1956,220
1957,186
1958,210
1959,181
1960,209
1961,151
1962,58
1963,150
1964,80
1965,220
1966,228
1967,188
1968,159
1969,244
1970,132
1971,178
1972,230
1973,126
1974,211
1975,208
1976,168
1977,175
1978,187
1979,185
1980,169
1981,215
1982,236
1983,227
1984,180
1985,212
1986,208
1987,253
1988,226
1989,246
1990,163
1991,142
1992,244
1993,227
1994,146
1995,241
1996,68
1997,159
1998,231
1999,198
2000,152
2001,64
2002,137
2003,115
2004,192
2005,155
2006,217
2007,238
2008,76
2009,47
2010,247
2011,97
2012,229
2013,212
2014,138
2015,121
2016,177
2017,249
2018,194
2019,223
2020,243
2021,137
2022,201
2023,247
2024,192
2025,117
2026,217
2027,206
2028,154
2029,69
2030,232
2031,167
2032,0
2033,231
2034,145
2035,204
2036,227
2037,165
2038,244
2039,190
2040,220
2041,114
2042,176
2043,240
2044,125
2045,51
2046,236
2047,88
2048,119
2049,177
2050,216
2051,112
2052,155
2053,169
2054,230
2055,235
2056,34
2057,99
2058,196
2059,234
2060,164
2061,164
2062,150
2063,125
2064,193
2065,184
2066,208
2067,104
2068,146
2069,102
2070,202
2071,241
2072,96
2073,201
2074,198
2075,228
2076,226
2077,206
2078,170
2079,132
2080,203
2081,148
2082,153
2083,157
2084,215
2085,155
2086,189
2087,202
2088,212
2089,223
2090,175
2091,22
2092,237
2093,114
2094,155
2095,235
2096,170
2097,157
2098,164
2099,125
2100,110
2101,202
2102,153
2103,132
2104,215
2105,198
2106,210
2107,130
2108,161
2109,182
2110,235
2111,50
2112,106
2113,56
2114,67
2115,166
2116,106
2117,170
2118,102
2119,246
2120,208
2121,185
2122,173
2123,181
2124,245
2125,98
2126,81
2127,230
2128,205
2129,116
2130,179
2131,234
2132,86
2133,221
2134,160
2135,0
2136,176
2137,161
2138,92
2139,103
2140,126
2141,146
2142,190
2143,182
2144,181
2145,194
2146,104
2147,240
2148,44
2149,72
2150,175
2151,202
2152,147
2153,175
2154,163
2155,158
2156,161
2157,186
2158,235
2159,193
2160,159
2161,190
2162,104
2163,156
2164,178
2165,231
2166,122
2167,39
2168,0
2169,241
2170,238
2171,88
2172,207
2173,184
2174,220
2175,154
2176,189
2177,227
2178,164
2179,208
2180,81
2181,232
2182,3
2183,176
2184,0
2185,182
2186,129
2187,232
2188,219
2189,160
2190,174
2191,70
2192,179
2193,101
2194,202
2195,92
2196,216
2197,118
2198,187
2199,146
2200,192
2201,96
2202,217
2203,165
2204,84
2205,236
2206,115
2207,146
2208,133
2209,87
2210,106
2211,171
2212,131
2213,70
2214,169
2215,216
2216,215
2217,135
2218,52
2219,121
2220,191
2221,143
2222,206
2223,220
2224,140
2225,188
2226,214
2227,87
2228,162
2229,191
2230,248
2231,60
2232,160
2233,229
2234,226
2235,169
2236,117
2237,162
2238,161
2239,197
2240,135
2241,245
2242,196
2243,210
2244,245
2245,204
2246,154
2247,189
2248,26
2249,116
2250,179
2251,202
2252,224
2253,154
2254,137
2255,183
2256,169
2257,12
2258,193
2259,165
2260,191
2261,211
2262,186
2263,207
2264,241
2265,174
2266,154
2267,214
2268,231
2269,71
2270,33
2271,233
2272,125
2273,212
2274,183
2275,212
2276,176
2277,91
2278,15
2279,125
2280,169
2281,167
2282,170
2283,151
2284,88
2285,246
2286,77
2287,204
2288,244
2289,200
2290,130
2291,215
2292,92
2293,172
2294,132
2295,237
2296,122
2297,184
2298,228
2299,104
2300,208
2301,168
2302,215
2303,239
2304,149
2305,146
2306,0
2307,71
2308,200
2309,185
2310,197
2311,170
2312,220
2313,231
2314,154
2315,148
2316,69
2317,175
2318,233
2319,104
2320,223
2321,207
2322,143
2323,196
2324,211
2325,216
2326,126
2327,240
2328,118
2329,235
2330,149
2331,202
2332,187
2333,193
2334,188
2335,231
2336,138
2337,122
2338,206
2339,166
2340,171
2341,194
2342,161
2343,100
2344,188
2345,225
2346,176
2347,181
2348,189
2349,210
2350,166
2351,156
2352,207
2353,185
2354,200
2355,126
2356,110
2357,149
2358,217
2359,174
2360,126
2361,90
2362,198
2363,89
2364,185
2365,130
2366,243
2367,117
2368,215
2369,228
2370,145
2371,19
2372,234
2373,177
2374,106
2375,59
2376,202
2377,81
2378,63
2379,225
2380,136
2381,191
2382,190
2383,191
2384,16
2385,134
2386,212
2387,189
2388,86
2389,130
2390,205
2391,199
2392,174
2393,155
2394,56
2395,148
2396,217
2397,145
2398,206
2399,196
