0,20
1,242
2,232
3,174
4,217
5,159
6,183
7,106
8,195
9,121
10,137
11,212
12,232
13,240
14,235
15,179
16,135
17,225
18,160
19,92
20,146
21,168
22,164
23,212
24,9
25,139
26,183
27,141
28,147
29,228
30,227
31,167
32,176
33,172
34,117
35,27
36,229
37,193
38,228
39,245
40,140
41,226
42,157
43,80
44,150
45,244
46,220
47,209
48,166
49,55
50,183
51,139
52,242
53,244
54,216
55,173
56,190
57,152
58,182
59,151
60,80
61,188
62,144
63,216
64,206
65,119
66,227
67,147
68,134
69,140
70,117
71,201
72,214
73,218
74,175
75,110
76,131
77,144
78,159
79,202
80,210
81,161
82,196
83,197
84,183
85,81
86,206
87,248
88,219
89,202
90,181
91,147
92,122
93,237
94,178
95,182
96,127
97,134
98,214
99,230
100,184
101,240
102,209
103,230
104,69
105,129
106,181
107,184
108,153
109,118
110,224
111,213
112,214
113,96
114,212
115,202
116,137
117,158
118,216
119,211
120,194
121,66
122,205
123,226
124,206
125,174
126,170
127,201
128,186
129,181
130,178
131,174
132,216
133,57
134,180
135,168
136,88
137,215
138,183
139,200
140,145
141,220
142,93
143,200
144,200
145,190
146,199
147,203
148,109
149,209
150,138
151,131
152,174
153,162
154,147
155,234
156,245
157,85
158,219
159,201
160,209
161,174
162,106
163,140
164,230
165,236
166,190
167,225
168,160
169,234
170,211
171,152
172,156
173,239
174,160
175,148
176,191
177,101
178,160
179,178
180,179
181,170
182,127
183,122
184,184
185,182
186,170
187,229
188,87
189,188
190,113
191,239
192,200
193,146
194,148
195,211
196,168
197,224
198,239
199,173
200,140
201,222
202,225
203,200
204,192
205,198
206,213
207,189
208,213
209,220
210,155
211,206
212,208
213,223
214,212
215,215
216,215
217,97
218,170
219,207
220,208
221,183
222,244
223,198
224,195
225,224
226,166
227,243
228,218
229,208
230,124
231,210
232,134
233,126
234,156
235,104
236,197
237,157
238,167
239,235
240,158
241,142
242,226
243,212
244,161
245,227
246,196
247,83
248,230
249,163
250,180
251,177
252,185
253,115
254,202
255,170
256,221
257,162
258,205
259,238
260,229
261,113
262,218
263,213
264,151
265,178
266,104
267,195
268,189
269,205
270,237
271,112
272,110
273,167
274,77
275,214
276,169
277,165
278,156
279,155
280,98
281,231
282,159
283,179
284,186
285,90
286,136
287,168
288,208
289,190
290,214
291,231
292,232
293,193
294,178
295,237
296,160
297,178
298,203
299,221
300,196
301,158
302,215
303,181
304,212
305,233
306,236
307,138
308,218
309,183
310,220
311,157
312,180
313,122
314,162
315,139
316,194
317,228
318,170
319,50
320,165
321,130
322,222
323,235
324,228
325,181
326,214
327,238
328,230
329,140
330,169
331,196
332,246
333,216
334,225
335,194
336,165
337,212
338,159
339,197
340,242
341,138
342,83
343,145
344,139
345,150
346,178
347,158
348,248
349,105
350,250
351,199
352,124
353,126
354,204
355,203
356,205
357,172
358,207
359,196
360,134
361,161
362,187
363,156
364,163
365,196
366,106
367,188
368,232
369,189
370,208
371,202
372,229
373,137
374,121
375,157
376,171
377,162
378,188
379,200
380,172
381,158
382,111
383,160
384,220
385,144
386,122
387,215
388,161
389,239
390,154
391,181
392,231
393,131
394,158
395,242
396,233
397,213
398,236
399,120
400,174
401,151
402,244
403,245
404,195
405,112
406,69
407,168
408,204
409,228
410,242
411,235
412,213
413,133
414,88
415,210
416,237
417,250
418,166
419,193
420,156
421,75
422,171
423,179
424,218
425,233
426,109
427,230
428,196
429,159
430,244
431,228
432,86
433,203
434,194
435,126
436,155
437,210
438,220
439,196
440,149
441,225
442,147
443,81
444,195
445,119
446,184
447,186
448,229
449,216
450,213
451,163
452,243
453,141
454,231
455,165
456,216
457,232
458,215
459,200
460,236
461,132
462,184
463,229
464,245
465,135
466,146
467,184
468,216
469,247
470,107
471,234
472,148
473,129
474,184
475,153
476,243
477,180
478,126
479,245
480,194
481,175
482,205
483,209
484,74
485,234
486,104
487,228
488,249
489,120
490,224
491,243
492,142
493,217
494,114
495,251
496,230
497,233
498,155
499,163
500,226
501,238
502,235
503,231
504,158
505,189
506,214
507,194
508,203
509,209
510,158
511,232
512,215
513,119
514,160
515,248
516,228
517,171
518,237
519,230
520,222
521,163
522,154
523,240
524,180
525,239
526,195
527,160
528,209
529,206
530,204
531,225
532,159
533,224
534,215
535,221
536,229
537,144
538,239
539,205
540,240
541,203
542,120
543,207
544,228
545,192
546,157
547,233
548,214
549,199
550,117
551,197
552,197
553,156
554,249
555,205
556,157
557,209
558,146
559,230
560,231
561,246
562,146
563,226
564,161
565,221
566,160
567,224
568,232
569,208
570,223
571,222
572,199
573,206
574,240
575,136
576,220
577,239
578,183
579,243
580,207
581,245
582,212
583,157
584,197
585,167
586,196
587,195
588,187
589,238
590,209
591,176
592,198
593,159
594,132
595,176
596,212
597,235
598,138
599,141
600,155
601,242
602,98
603,82
604,160
605,228
606,152
607,169
608,193
609,116
610,151
611,199
612,215
613,62
614,231
615,126
616,27
617,193
618,233
619,183
620,104
621,198
622,232
623,180
624,133
625,208
626,173
627,221
628,234
629,117
630,223
631,225
632,141
633,148
634,213
635,212
636,239
637,169
638,134
639,119
640,205
641,168
642,242
643,181
644,212
645,151
646,241
647,183
648,215
649,91
650,122
651,223
652,211
653,227
654,201
655,217
656,150
657,208
658,181
659,222
660,139
661,214
662,203
663,187
664,193
665,196
666,227
667,223
668,141
669,213
670,124
671,162
672,190
673,176
674,242
675,211
676,198
677,169
678,142
679,126
680,223
681,141
682,160
683,220
684,227
685,213
686,156
687,233
688,220
689,194
690,94
691,216
692,25
693,248
694,238
695,187
696,125
697,194
698,146
699,152
700,128
701,239
702,236
703,243
704,85
705,216
706,56
707,191
708,161
709,245
710,162
711,223
712,111
713,227
714,169
715,136
716,172
717,249
718,191
719,127
720,208
721,196
722,160
723,91
724,186
725,103
726,196
727,78
728,117
729,202
730,207
731,129
732,178
733,174
734,238
735,183
736,219
737,170
738,187
739,95
740,192
741,222
742,116
743,244
744,223
745,140
746,199
747,80
748,162
749,196
750,66
751,203
752,208
753,186
754,197
755,223
756,201
757,218
758,246
759,138
760,182
761,252
762,247
763,229
764,229
765,223
766,238
767,159
768,220
769,189
770,239
771,94
772,246
773,200
774,133
775,243
776,198
777,240
778,219
779,243
780,168
781,215
782,115
783,207
784,156
785,206
786,47
787,153
788,119
789,222
790,202
791,104
792,109
793,186
794,234
795,118
796,113
797,244
798,113
799,127
800,238
801,147
802,195
803,241
804,245
805,147
806,134
807,202
808,218
809,185
810,206
811,209
812,180
813,162
814,213
815,204
816,142
817,173
818,238
819,201
820,182
821,165
822,231
823,207
824,201
825,181
826,227
827,154
828,244
829,212
830,204
831,205
832,166
833,229
834,180
835,186
836,199
837,162
838,248
839,229
840,156
841,134
842,174
843,213
844,149
845,128
846,177
847,238
848,207
849,221
850,215
851,61
852,124
853,150
854,174
855,130
856,204
857,243
858,189
859,223
860,218
861,162
862,194
863,168
864,192
865,227
866,227
867,241
868,242
869,245
870,188
871,219
872,216
873,194
874,160
875,222
876,177
877,199
878,206
879,182
880,78
881,192
882,213
883,184
884,183
885,150
886,224
887,245
888,171
889,242
890,198
891,100
892,87
893,210
894,185
895,162
896,183
897,96
898,195
899,209
900,182
901,150
902,204
903,192
904,225
905,148
906,221
907,156
908,168
909,182
910,134
911,225
912,97
913,208
914,150
915,239
916,207
917,161
918,189
919,56
920,191
921,176
922,167
923,146
924,218
925,193
926,176
927,209
928,163
929,214
930,130
931,115
932,174
933,226
934,190
935,197
936,195
937,234
938,182
939,169
940,177
941,216
942,175
943,179
944,208
945,152
946,175
947,143
948,213
949,194
950,164
951,157
952,219
953,237
954,196
955,245
956,199
957,210
958,179
959,87
960,202
961,234
962,110
963,227
964,166
965,172
966,145
967,178
968,167
969,233
970,210
971,200
972,179
973,82
974,201
975,162
976,205
977,146
978,214
979,241
980,208
981,217
982,199
983,190
984,172
985,239
986,204
987,228
988,239
989,155
990,240
991,156
992,174
993,226
994,214
995,209
996,175
997,244
998,178
999,217
1000,220
1001,140
1002,181
1003,245
1004,220
1005,228
1006,168
1007,207
1008,194
1009,167
1010,235
1011,195
1012,175
1013,200
1014,197
1015,224
1016,176
1017,218
1018,217
1019,246
1020,210
1021,247
1022,116
1023,156
1024,169
1025,222
1026,213
1027,102
1028,201
1029,197
1030,238
1031,161
1032,180
1033,176
1034,197
1035,204
1036,233
1037,179
1038,228
1039,196
1040,201
1041,136
1042,200
1043,155
1044,159
1045,224
1046,178
1047,175
1048,236
1049,115
1050,191
1051,207
1052,203
1053,184
1054,171
1055,198
1056,242
1057,211
1058,156
1059,211
1060,227
1061,184
1062,197
1063,194
1064,225
1065,214
1066,170
1067,231
1068,244
1069,214
1070,230
1071,190
1072,130
1073,227
1074,243
1075,180
1076,220
1077,200
1078,159
1079,189
1080,218
1081,161
1082,171
1083,129
1084,202
1085,219
1086,215
1087,142
1088,198
1089,164
1090,224
1091,196
1092,216
1093,172
1094,219
1095,238
1096,108
1097,229
1098,216
1099,222
1100,201
1101,223
1102,238
1103,225
1104,175
1105,215
1106,217
1107,128
1108,225
1109,221
1110,194
1111,166
1112,186
1113,226
1114,228
1115,170
1116,225
1117,159
1118,184
1119,154
1120,222
1121,204
1122,168
1123,146
1124,178
1125,167
1126,247
1127,228
1128,189
1129,210
1130,183
1131,241
1132,171
1133,238
1134,182
1135,187
1136,238
1137,204
1138,250
1139,178
1140,248
1141,204
1142,206
1143,98
1144,149
1145,161
1146,59
1147,252
1148,143
1149,213
1150,86
1151,232
1152,186
1153,197
1154,175
1155,178
1156,205
1157,214
1158,210
1159,221
1160,191
1161,232
1162,89
1163,247
1164,174
1165,242
1166,171
1167,223
1168,243
1169,218
1170,188
1171,169
1172,222
1173,200
1174,238
1175,248
1176,220
1177,187
1178,247
1179,123
1180,203
1181,160
1182,157
1183,140
1184,224
1185,238
1186,215
1187,181
1188,126
1189,201
1190,225
1191,146
1192,246
1193,219
1194,233
1195,247
1196,195
1197,190
1198,158
1199,236
1200,166
1201,248
1202,110
1203,220
1204,154
1205,150
1206,145
1207,173
1208,167
1209,210
1210,181
1211,211
1212,215
1213,210
1214,80
1215,99
1216,89
1217,189
1218,121
1219,250
1220,201
1221,210
1222,0
1223,129
1224,170
1225,22
1226,243
1227,92
1228,178
1229,245
1230,128
1231,16
1232,150
1233,170
1234,107
1235,166
1236,192
1237,131
1238,143
1239,215
1240,181
1241,150
1242,122
1243,219
1244,228
1245,248
1246,193
1247,145
1248,243
1249,185
1250,232
1251,187
1252,183
1253,188
1254,79
1255,49
1256,193
1257,237
1258,150
1259,156
1260,161
1261,214
1262,31
1263,247
1264,183
1265,156
1266,56
1267,108
1268,239
1269,203
1270,238
1271,188
1272,192
1273,222
1274,245
1275,228
1276,151
1277,96
1278,208
1279,251
1280,155
1281,151
1282,233
1283,152
1284,141
1285,92
1286,162
1287,0
1288,154
1289,154
1290,236
1291,225
1292,106
1293,189
1294,135
1295,152
1296,244
1297,80
1298,168
1299,50
1300,246
1301,155
1302,240
1303,162
1304,203
1305,226
1306,217
1307,225
1308,20
1309,176
1310,134
1311,158
1312,136
1313,210
1314,222
1315,223
1316,128
1317,190
1318,144
1319,203
1320,71
1321,92
1322,166
1323,239
1324,44
1325,160
1326,141
1327,85
1328,130
1329,206
1330,187
1331,96
1332,72
1333,174
1334,160
1335,173
1336,146
1337,161
1338,0
1339,214
1340,99
1341,195
1342,218
1343,198
1344,150
1345,112
1346,247
1347,91
1348,213
1349,163
1350,229
1351,0
1352,200
1353,6
1354,217
1355,90
1356,232
1357,203
1358,155
1359,141
1360,201
1361,95
1362,181
1363,49
1364,244
1365,243
1366,175
1367,186
1368,156
1369,141
1370,212
1371,187
1372,102
1373,158
1374,241
1375,248
1376,141
1377,201
1378,174
1379,218
1380,211
1381,114
1382,215
1383,229
1384,228
1385,97
1386,239
1387,199
1388,60
1389,29
1390,46
1391,219
1392,173
1393,192
1394,202
1395,35
1396,138
1397,96
1398,177
1399,180
1400,183
1401,194
1402,136
1403,196
1404,226
1405,131
1406,207
1407,78
1408,147
1409,212
1410,191
1411,204
1412,220
1413,214
1414,227
1415,107
1416,151
1417,133
1418,234
1419,197
1420,168
1421,224
1422,247
1423,122
1424,128
1425,235
1426,13
1427,115
1428,225
1429,210
1430,27
1431,190
1432,209
1433,110
1434,147
1435,238
1436,124
1437,154
1438,231
1439,239
1440,225
1441,96
1442,138
1443,243
1444,183
1445,222
1446,123
1447,150
1448,187
1449,106
1450,60
1451,186
1452,196
1453,103
1454,237
1455,247
1456,187
1457,101
1458,156
1459,172
1460,198
1461,236
1462,97
1463,163
1464,70
1465,209
1466,199
1467,224
1468,226
1469,179
1470,129
1471,196
1472,128
1473,151
1474,199
1475,192
1476,197
1477,100
1478,216
1479,155
1480,162
1481,155
1482,240
1483,225
1484,212
1485,141
1486,247
1487,128
1488,246
1489,228
1490,198
1491,57
1492,237
1493,210
1494,251
1495,227
1496,249
1497,213
1498,217
1499,147
1500,137
1501,196
1502,204
1503,157
1504,120
1505,175
1506,43
1507,72
1508,181
1509,196
1510,132
1511,193
1512,143
1513,79
1514,142
1515,235
1516,192
1517,206
1518,209
1519,102
1520,188
1521,238
1522,162
1523,100
1524,146
1525,221
1526,192
1527,206
1528,183
1529,233
1530,128
1531,112
1532,177
1533,236
1534,142
1535,90
1536,138
1537,166
1538,142
1539,218
1540,181
1541,234
1542,70
1543,210
1544,143
1545,115
1546,193
1547,164
1548,87
1549,171
1550,33
1551,113
1552,138
1553,203
1554,200
1555,154
1556,141
1557,213
1558,185
1559,141
1560,230
1561,132
1562,242
1563,146
1564,145
1565,171
1566,124
1567,180
1568,239
1569,115
1570,189
1571,198
1572,246
1573,237
1574,202
1575,247
1576,142
1577,73
1578,92
1579,240
1580,206
1581,140
1582,104
1583,232
1584,187
1585,188
1586,205
1587,153
1588,201
1589,124
1590,231
1591,217
1592,207
1593,205
1594,184
1595,7
1596,149
1597,141
1598,95
1599,144
1600,222
1601,196
1602,136
1603,158
1604,242
1605,222
1606,202
1607,168
1608,226
1609,195
1610,252
1611,153
1612,188
1613,223
1614,164
1615,159
1616,227
1617,191
1618,179
1619,177
1620,140
1621,209
1622,242
1623,160
1624,200
1625,192
1626,105
1627,89
1628,236
1629,147
1630,180
1631,216
1632,213
1633,187
1634,183
1635,236
1636,190
1637,237
1638,34
1639,213
1640,218
1641,176
1642,178
1643,177
1644,219
1645,214
1646,231
1647,253
1648,254
1649,250
1650,214
1651,246
1652,169
1653,150
1654,146
1655,249
1656,192
1657,183
1658,248
1659,222
1660,226
1661,165
1662,193
1663,217
1664,160
1665,248
1666,152
1667,189
1668,32
1669,148
1670,199
1671,200
1672,251
1673,255
1674,186
1675,245
1676,223
1677,233
1678,155
1679,132
1680,231
1681,163
1682,222
1683,210
1684,173
1685,233
1686,166
1687,227
1688,239
1689,160
1690,107
1691,146
1692,220
1693,191
1694,88
1695,163
1696,215
1697,44
1698,219
1699,249
1700,155
1701,210
1702,148
1703,222
1704,214
1705,194
1706,222
1707,124
1708,175
1709,235
1710,202
1711,201
1712,118
1713,159
1714,11
1715,224
1716,233
1717,183
1718,125
1719,217
1720,136
1721,174
1722,201
1723,63
1724,56
1725,190
1726,239
1727,201
1728,183
1729,133
1730,137
1731,221
1732,155
1733,204
1734,151
1735,209
1736,141
1737,94
1738,185
1739,221
1740,142
1741,129
1742,156
1743,227
1744,250
1745,157
1746,153
1747,119
1748,195
1749,181
1750,96
1751,118
1752,116
1753,119
1754,196
1755,195
1756,225
1757,146
1758,228
1759,186
1760,76
1761,62
1762,221
1763,169
1764,219
1765,144
1766,166
1767,160
1768,231
1769,155
1770,210
1771,115
1772,127
1773,163
1774,88
1775,248
1776,242
1777,154
1778,129
1779,176
1780,203
1781,201
1782,21
1783,73
1784,183
1785,152
1786,109
1787,224
1788,213
1789,109
1790,238
1791,247
1792,213
1793,95
1794,212
1795,234
1796,161
1797,184
1798,228
1799,192
1800,173
1801,228
1802,227
1803,97
1804,218
1805,218
1806,182
1807,197
1808,226
1809,208
1810,211
1811,209
1812,168
1813,247
1814,160
1815,182
1816,181
1817,174
1818,161
1819,61
1820,137
1821,198
1822,188
1823,148
1824,215
1825,162
1826,150
1827,202
1828,192
1829,231
1830,226
1831,232
1832,210
1833,173
1834,105
1835,194
1836,161
1837,168
1838,242
1839,208
1840,213
1841,236
1842,189
1843,148
1844,152
1845,108
1846,37
1847,175
1848,223
1849,122
1850,193
1851,188
1852,216
1853,161
1854,162
1855,151
1856,180
1857,245
1858,187
1859,203
1860,227
1861,128
1862,116
1863,232
1864,245
1865,120
1866,211
1867,246
1868,87
1869,249
1870,231
1871,218
1872,191
1873,189
1874,227
1875,223
1876,152
1877,152
1878,207
1879,143
1880,229
1881,162
1882,244
1883,215
1884,165
1885,218
1886,191
1887,144
1888,168
1889,164
1890,235
1891,128
1892,252
1893,238
1894,198
1895,244
1896,136
1897,174
1898,190
1899,169
1900,108
1901,233
1902,158
1903,192
1904,159
1905,210
1906,82
1907,145
1908,236
1909,137
1910,187
1911,249
1912,189
1913,79
1914,100
1915,241
1916,222
1917,238
1918,234
1919,120
1920,204
1921,190
1922,248
1923,203
1924,88
1925,171
1926,183
1927,149
1928,76
1929,156
1930,82
1931,75
1932,249
1933,156
1934,34
1935,254
1936,202
1937,160
1938,190
1939,129
1940,113
1941,236
1942,247
1943,187
1944,101
1945,140
1946,220
1947,230
1948,231
1949,225
1950,197
1951,207
1952,223
1953,198
1954,142
1955,84
1956,224
1957,190
1958,200
1959,196
1960,219
1961,149
1962,74
1963,162
1964,95
1965,218
1966,233
1967,188
1968,207
1969,245
1970,140
1971,180
1972,228
1973,107
1974,203
1975,204
1976,166
1977,158
1978,191
1979,183
1980,161
1981,236
1982,235
1983,210
1984,192
1985,201
1986,202
1987,253
1988,234
1989,246
1990,120
1991,120
1992,242
1993,224
1994,157
1995,227
1996,68
1997,150
1998,233
1999,201
2000,152
2001,26
2002,118
2003,90
2004,197
2005,169
2006,202
2007,245
2008,86
2009,67
2010,247
2011,68
2012,230
2013,235
2014,144
2015,136
2016,184
2017,249
2018,189
2019,225
2020,246
2021,129
2022,201
2023,248
2024,196
2025,88
2026,212
2027,200
2028,140
2029,21
2030,228
2031,195
2032,11
2033,210
2034,99
2035,195
2036,227
2037,180
2038,243
2039,190
2040,202
2041,131
2042,150
2043,242
2044,150
2045,63
2046,234
2047,80
2048,42
2049,181
2050,206
2051,133
2052,135
2053,161
2054,236
2055,230
2056,0
2057,104
2058,198
2059,208
2060,176
2061,158
2062,143
2063,138
2064,201
2065,178
2066,224
2067,98
2068,136
2069,119
2070,205
2071,243
2072,104
2073,214
2074,208
2075,222
2076,230
2077,196
2078,168
2079,112
2080,211
2081,155
2082,134
2083,196
2084,219
2085,138
2086,179
2087,213
2088,234
2089,231
2090,182
2091,64
2092,239
2093,123
2094,162
2095,235
2096,155
2097,162
2098,161
2099,140
2100,89
2101,201
2102,181
2103,150
2104,211
2105,197
2106,211
2107,138
2108,181
2109,147
2110,235
2111,42
2112,166
2113,71
2114,58
2115,199
2116,25
2117,145
2118,164
2119,239
2120,203
2121,203
2122,158
2123,182
2124,245
2125,39
2126,185
2127,227
2128,219
2129,118
2130,187
2131,231
2132,72
2133,224
2134,130
2135,0
2136,216
2137,102
2138,161
2139,89
2140,122
2141,169
2142,193
2143,218
2144,170
2145,205
2146,69
2147,240
2148,57
2149,114
2150,142
2151,210
2152,146
2153,172
2154,199
2155,201
2156,173
2157,180
2158,234
2159,209
2160,134
2161,146
2162,161
2163,153
2164,189
2165,234
2166,152
2167,57
2168,0
2169,235
2170,238
2171,79
2172,216
2173,182
2174,211
2175,195
2176,186
2177,223
2178,164
2179,226
2180,127
2181,237
2182,0
2183,173
2184,46
2185,217
2186,139
2187,232
2188,233
2189,122
2190,199
2191,68
2192,217
2193,114
2194,200
2195,69
2196,198
2197,87
2198,221
2199,162
2200,203
2201,101
2202,219
2203,179
2204,126
2205,239
2206,113
2207,148
2208,171
2209,65
2210,92
2211,163
2212,126
2213,65
2214,164
2215,215
2216,220
2217,175
2218,79
2219,110
2220,184
2221,146
2222,208
2223,215
2224,146
2225,210
2226,208
2227,95
2228,180
2229,208
2230,249
2231,68
2232,144
2233,231
2234,228
2235,182
2236,125
2237,164
2238,160
2239,199
2240,120
2241,242
2242,190
2243,207
2244,244
2245,213
2246,217
2247,194
2248,0
2249,108
2250,145
2251,189
2252,222
2253,163
2254,145
2255,193
2256,168
2257,52
2258,191
2259,124
2260,187
2261,198
2262,196
2263,205
2264,243
2265,181
2266,140
2267,215
2268,228
2269,93
2270,24
2271,234
2272,158
2273,215
2274,167
2275,219
2276,170
2277,109
2278,0
2279,112
2280,175
2281,145
2282,157
2283,151
2284,77
2285,246
2286,112
2287,202
2288,243
2289,186
2290,157
2291,220
2292,54
2293,169
2294,125
2295,243
2296,177
2297,210
2298,228
2299,121
2300,209
2301,157
2302,199
2303,242
2304,167
2305,139
2306,0
2307,0
2308,217
2309,193
2310,203
2311,181
2312,216
2313,230
2314,97
2315,125
2316,70
2317,131
2318,248
2319,142
2320,235
2321,196
2322,143
2323,206
2324,206
2325,210
2326,136
2327,237
2328,144
2329,242
2330,141
2331,196
2332,201
2333,187
2334,176
2335,226
2336,104
2337,113
2338,193
2339,135
2340,210
2341,204
2342,152
2343,164
2344,238
2345,221
2346,151
2347,153
2348,216
2349,215
2350,182
2351,132
2352,200
2353,173
2354,195
2355,177
2356,166
2357,166
2358,203
2359,183
2360,170
2361,150
2362,192
2363,98
2364,226
2365,157
2366,243
2367,103
2368,215
2369,226
2370,201
2371,74
2372,237
2373,188
2374,57
2375,138
2376,218
2377,85
2378,95
2379,238
2380,155
2381,161
2382,166
2383,220
2384,0
2385,146
2386,201
2387,214
2388,140
2389,108
2390,223
2391,198
2392,152
2393,137
2394,88
2395,148
2396,217
2397,135
2398,200
2399,208
