0,8
1,245
2,231
3,183
4,214
5,134
6,199
7,99
8,208
9,102
10,157
11,205
12,235
13,232
14,232
15,140
16,146
17,228
18,144
19,92
20,131
21,179
22,179
23,206
24,0
25,104
26,184
27,163
28,153
29,226
30,225
31,170
32,175
33,185
34,121
35,37
36,236
37,177
38,232
39,246
40,152
41,233
42,187
43,19
44,143
45,241
46,225
47,217
48,178
49,70
50,207
51,172
52,242
53,244
54,212
55,178
56,201
57,159
58,180
59,158
60,79
61,193
62,140
63,213
64,212
65,67
66,215
67,142
68,154
69,137
70,128
71,199
72,213
73,214
74,119
75,132
76,85
77,175
78,149
79,211
80,218
81,130
82,190
83,188
84,198
85,134
86,192
87,248
88,223
89,207
90,167
91,175
92,97
93,240
94,168
95,211
96,144
97,136
98,214
99,228
100,206
101,238
102,214
103,229
104,90
105,138
106,184
107,194
108,156
109,115
110,209
111,218
112,214
113,57
114,208
115,179
116,57
117,172
118,218
119,219
120,204
121,0
122,212
123,226
124,181
125,188
126,164
127,200
128,164
129,84
130,175
131,197
132,220
133,44
134,191
135,183
136,133
137,228
138,191
139,216
140,146
141,219
142,86
143,203
144,203
145,187
146,198
147,206
148,102
149,219
150,118
151,125
152,189
153,160
154,136
155,237
156,246
157,27
158,221
159,197
160,194
161,164
162,142
163,160
164,228
165,238
166,180
167,216
168,147
169,236
170,217
171,161
172,137
173,240
174,130
175,165
176,204
177,107
178,173
179,186
180,183
181,194
182,133
183,28
184,180
185,198
186,184
187,224
188,90
189,192
190,93
191,241
192,180
193,141
194,152
195,216
196,157
197,224
198,244
199,173
200,164
201,221
202,231
203,187
204,189
205,197
206,210
207,188
208,220
209,218
210,132
211,212
212,208
213,215
214,204
215,216
216,218
217,95
218,174
219,216
220,204
221,180
222,245
223,192
224,201
225,227
226,185
227,244
228,219
229,219
230,124
231,219
232,143
233,143
234,162
235,71
236,189
237,99
238,162
239,234
240,146
241,147
242,237
243,210
244,179
245,224
246,200
247,59
248,234
249,174
250,157
251,200
252,184
253,137
254,183
255,179
256,222
257,154
258,208
259,237
260,235
261,106
262,150
263,201
264,169
265,196
266,134
267,179
268,152
269,208
270,238
271,113
272,95
273,165
274,137
275,214
276,187
277,178
278,169
279,144
280,105
281,232
282,91
283,164
284,187
285,88
286,125
287,157
288,212
289,194
290,213
291,234
292,232
293,206
294,152
295,239
296,166
297,190
298,196
299,226
300,194
301,156
302,218
303,193
304,203
305,232
306,235
307,183
308,209
309,186
310,230
311,151
312,180
313,69
314,145
315,129
316,182
317,228
318,185
319,76
320,142
321,102
322,211
323,233
324,229
325,184
326,219
327,238
328,232
329,144
330,180
331,201
332,246
333,216
334,230
335,199
336,167
337,206
338,125
339,201
340,244
341,89
342,31
343,162
344,134
345,138
346,179
347,153
348,248
349,25
350,249
351,203
352,132
353,133
354,217
355,204
356,205
357,145
358,213
359,188
360,145
361,165
362,204
363,150
364,160
365,192
366,96
367,196
368,227
369,197
370,221
371,191
372,231
373,153
374,125
375,152
376,172
377,171
378,156
379,178
380,185
381,178
382,0
383,159
384,227
385,128
386,120
387,229
388,144
389,238
390,177
391,190
392,225
393,147
394,139
395,242
396,232
397,215
398,239
399,131
400,190
401,156
402,246
403,245
404,192
405,149
406,95
407,175
408,211
409,236
410,242
411,238
412,215
413,156
414,134
415,217
416,241
417,251
418,172
419,205
420,174
421,79
422,193
423,129
424,224
425,231
426,115
427,231
428,202
429,167
430,242
431,232
432,75
433,210
434,191
435,144
436,166
437,209
438,228
439,204
440,123
441,229
442,154
443,93
444,201
445,106
446,188
447,187
448,230
449,216
450,224
451,178
452,246
453,149
454,232
455,173
456,218
457,233
458,224
459,193
460,239
461,110
462,181
463,233
464,245
465,143
466,143
467,196
468,222
469,247
470,0
471,237
472,157
473,113
474,188
475,157
476,243
477,191
478,169
479,245
480,200
481,158
482,216
483,226
484,63
485,232
486,105
487,236
488,249
489,118
490,234
491,243
492,132
493,225
494,115
495,252
496,235
497,233
498,169
499,174
500,223
501,242
502,234
503,237
504,160
505,184
506,220
507,193
508,225
509,215
510,118
511,221
512,222
513,147
514,162
515,246
516,231
517,185
518,240
519,230
520,232
521,156
522,150
523,235
524,190
525,242
526,190
527,112
528,225
529,210
530,220
531,224
532,156
533,227
534,223
535,225
536,229
537,140
538,244
539,202
540,203
541,199
542,130
543,213
544,237
545,181
546,162
547,232
548,202
549,195
550,123
551,205
552,198
553,131
554,247
555,211
556,167
557,213
558,161
559,232
560,230
561,248
562,199
563,229
564,160
565,219
566,187
567,226
568,230
569,201
570,220
571,235
572,218
573,217
574,243
575,156
576,227
577,236
578,211
579,244
580,212
581,245
582,213
583,171
584,212
585,141
586,185
587,219
588,200
589,237
590,223
591,173
592,216
593,145
594,174
595,160
596,204
597,232
598,157
599,154
600,141
601,244
602,91
603,97
604,160
605,232
606,157
607,160
608,199
609,144
610,152
611,214
612,184
613,91
614,230
615,165
616,63
617,188
618,236
619,203
620,64
621,188
622,233
623,186
624,168
625,212
626,187
627,230
628,236
629,123
630,215
631,231
632,114
633,162
634,214
635,217
636,239
637,177
638,152
639,107
640,208
641,176
642,243
643,194
644,210
645,161
646,245
647,208
648,223
649,75
650,148
651,226
652,207
653,230
654,211
655,214
656,168
657,219
658,194
659,229
660,133
661,227
662,205
663,183
664,202
665,200
666,235
667,223
668,141
669,210
670,124
671,159
672,197
673,192
674,242
675,214
676,203
677,159
678,158
679,144
680,227
681,183
682,162
683,212
684,226
685,211
686,138
687,236
688,217
689,191
690,101
691,212
692,89
693,248
694,239
695,188
696,104
697,194
698,161
699,140
700,147
701,241
702,238
703,244
704,171
705,202
706,115
707,200
708,165
709,246
710,169
711,230
712,147
713,237
714,166
715,176
716,163
717,250
718,190
719,93
720,213
721,201
722,167
723,142
724,196
725,128
726,200
727,83
728,147
729,216
730,212
731,148
732,181
733,169
734,241
735,186
736,220
737,178
738,190
739,61
740,209
741,230
742,115
743,244
744,223
745,108
746,203
747,147
748,177
749,210
750,86
751,206
752,204
753,180
754,200
755,225
756,206
757,220
758,244
759,120
760,154
761,252
762,247
763,234
764,233
765,216
766,239
767,148
768,219
769,204
770,242
771,76
772,234
773,202
774,135
775,244
776,201
777,235
778,213
779,243
780,170
781,208
782,121
783,210
784,146
785,212
786,52
787,169
788,125
789,224
790,193
791,116
792,131
793,200
794,235
795,101
796,114
797,245
798,92
799,154
800,237
801,182
802,194
803,236
804,246
805,173
806,149
807,222
808,218
809,177
810,220
811,220
812,194
813,178
814,197
815,204
816,115
817,163
818,239
819,204
820,188
821,171
822,234
823,204
824,204
825,192
826,229
827,158
828,245
829,214
830,210
831,209
832,158
833,227
834,181
835,200
836,204
837,171
838,248
839,232
840,125
841,73
842,179
843,215
844,164
845,99
846,170
847,240
848,204
849,221
850,211
851,0
852,94
853,162
854,194
855,144
856,212
857,245
858,182
859,225
860,217
861,136
862,222
863,166
864,182
865,230
866,226
867,242
868,243
869,246
870,198
871,226
872,223
873,201
874,182
875,224
876,187
877,191
878,209
879,191
880,73
881,193
882,201
883,178
884,194
885,158
886,229
887,245
888,170
889,242
890,221
891,102
892,88
893,216
894,186
895,154
896,174
897,78
898,197
899,215
900,163
901,151
902,213
903,186
904,233
905,159
906,218
907,173
908,154
909,185
910,128
911,230
912,141
913,211
914,145
915,241
916,215
917,140
918,182
919,16
920,196
921,182
922,188
923,122
924,206
925,202
926,114
927,212
928,166
929,212
930,162
931,114
932,205
933,219
934,192
935,204
936,177
937,235
938,193
939,161
940,189
941,219
942,190
943,207
944,206
945,142
946,201
947,153
948,207
949,183
950,167
951,164
952,220
953,234
954,199
955,246
956,216
957,215
958,182
959,59
960,218
961,239
962,83
963,226
964,189
965,160
966,119
967,188
968,180
969,213
970,224
971,172
972,199
973,88
974,211
975,183
976,205
977,130
978,221
979,243
980,211
981,192
982,201
983,170
984,161
985,240
986,207
987,233
988,242
989,158
990,243
991,181
992,192
993,238
994,221
995,220
996,203
997,237
998,143
999,227
1000,218
1001,141
1002,181
1003,245
1004,219
1005,231
1006,103
1007,215
1008,204
1009,150
1010,236
1011,197
1012,184
1013,214
1014,213
1015,226
1016,145
1017,212
1018,219
1019,246
1020,152
1021,248
1022,115
1023,179
1024,175
1025,215
1026,216
1027,92
1028,199
1029,202
1030,238
1031,134
1032,77
1033,187
1034,207
1035,208
1036,238
1037,196
1038,224
1039,197
1040,201
1041,149
1042,216
1043,167
1044,140
1045,218
1046,199
1047,131
1048,241
1049,144
1050,188
1051,213
1052,198
1053,191
1054,194
1055,178
1056,243
1057,196
1058,171
1059,215
1060,232
1061,184
1062,197
1063,190
1064,219
1065,214
1066,146
1067,236
1068,244
1069,211
1070,233
1071,200
1072,123
1073,228
1074,242
1075,190
1076,218
1077,204
1078,186
1079,188
1080,230
1081,138
1082,185
1083,149
1084,209
1085,225
1086,216
1087,163
1088,207
1089,150
1090,226
1091,175
1092,227
1093,193
1094,222
1095,240
1096,117
1097,223
1098,213
1099,225
1100,208
1101,227
1102,250
1103,225
1104,168
1105,221
1106,216
1107,147
1108,221
1109,223
1110,201
1111,145
1112,114
1113,228
1114,223
1115,147
1116,225
1117,168
1118,190
1119,162
1120,220
1121,209
1122,158
1123,129
1124,178
1125,189
1126,246
1127,228
1128,190
1129,216
1130,193
1131,241
1132,176
1133,240
1134,174
1135,200
1136,227
1137,225
1138,250
1139,197
1140,247
1141,193
1142,204
1143,132
1144,149
1145,179
1146,12
1147,251
1148,159
1149,215
1150,72
1151,234
1152,185
1153,178
1154,183
1155,182
1156,196
1157,218
1158,215
1159,221
1160,181
1161,234
1162,99
1163,248
1164,158
1165,243
1166,175
1167,230
1168,244
1169,224
1170,185
1171,182
1172,225
1173,188
1174,241
1175,248
1176,226
1177,192
1178,248
1179,152
1180,182
1181,152
1182,144
1183,146
1184,225
1185,235
1186,224
1187,159
1188,83
1189,208
1190,222
1191,128
1192,246
1193,216
1194,236
1195,248
1196,206
1197,194
1198,159
1199,235
1200,171
1201,248
1202,110
1203,217
1204,162
1205,164
1206,128
1207,169
1208,96
1209,204
1210,159
1211,217
1212,213
1213,157
1214,60
1215,76
1216,134
1217,179
1218,113
1219,250
1220,198
1221,203
1222,56
1223,126
1224,205
1225,20
1226,242
1227,78
1228,141
1229,241
1230,120
1231,0
1232,152
1233,156
1234,118
1235,185
1236,195
1237,135
1238,145
1239,197
1240,205
1241,181
1242,117
1243,218
1244,233
1245,248
1246,187
1247,147
1248,241
1249,179
1250,226
1251,194
1252,166
1253,194
1254,100
1255,61
1256,188
1257,240
1258,150
1259,134
1260,159
1261,219
1262,44
1263,248
1264,181
1265,176
1266,111
1267,142
1268,239
1269,173
1270,240
1271,207
1272,184
1273,227
1274,247
1275,231
1276,162
1277,92
1278,188
1279,251
1280,137
1281,84
1282,233
1283,142
1284,125
1285,65
1286,166
1287,0
1288,157
1289,109
1290,232
1291,222
1292,64
1293,181
1294,139
1295,132
1296,244
1297,79
1298,130
1299,91
1300,248
1301,181
1302,240
1303,118
1304,176
1305,232
1306,215
1307,230
1308,16
1309,178
1310,72
1311,158
1312,125
1313,233
1314,230
1315,219
1316,94
1317,189
1318,130
1319,209
1320,82
1321,65
1322,165
1323,234
1324,69
1325,145
1326,69
1327,76
1328,148
1329,220
1330,178
1331,97
1332,94
1333,141
1334,163
1335,120
1336,65
1337,149
1338,0
1339,220
1340,11
1341,194
1342,225
1343,173
1344,52
1345,26
1346,247
1347,79
1348,211
1349,180
1350,216
1351,0
1352,167
1353,0
1354,222
1355,96
1356,217
1357,209
1358,147
1359,121
1360,215
1361,95
1362,186
1363,72
1364,245
1365,245
1366,152
1367,193
1368,122
1369,142
1370,214
1371,187
1372,75
1373,151
1374,242
1375,243
1376,112
1377,203
1378,152
1379,224
1380,203
1381,118
1382,213
1383,229
1384,221
1385,0
1386,245
1387,218
1388,53
1389,14
1390,22
1391,221
1392,162
1393,171
1394,186
1395,88
1396,145
1397,101
1398,177
1399,184
1400,183
1401,202
1402,149
1403,183
1404,227
1405,147
1406,217
1407,95
1408,126
1409,222
1410,192
1411,194
1412,219
1413,211
1414,234
1415,114
1416,169
1417,120
1418,238
1419,192
1420,172
1421,226
1422,246
1423,113
1424,127
1425,235
1426,88
1427,125
1428,188
1429,196
1430,22
1431,179
1432,212
1433,108
1434,147
1435,241
1436,152
1437,128
1438,235
1439,245
1440,237
1441,123
1442,151
1443,248
1444,220
1445,223
1446,146
1447,142
1448,194
1449,122
1450,74
1451,180
1452,203
1453,115
1454,236
1455,247
1456,199
1457,34
1458,167
1459,162
1460,202
1461,216
1462,92
1463,164
1464,80
1465,173
1466,214
1467,224
1468,225
1469,171
1470,116
1471,172
1472,127
1473,132
1474,224
1475,198
1476,200
1477,73
1478,222
1479,133
1480,105
1481,159
1482,236
1483,224
1484,221
1485,120
1486,246
1487,126
1488,245
1489,232
1490,196
1491,13
1492,223
1493,209
1494,251
1495,230
1496,248
1497,219
1498,219
1499,148
1500,132
1501,182
1502,209
1503,163
1504,109
1505,156
1506,105
1507,86
1508,186
1509,177
1510,112
1511,183
1512,187
1513,56
1514,141
1515,231
1516,196
1517,204
1518,226
1519,99
1520,191
1521,240
1522,180
1523,52
1524,133
1525,223
1526,200
1527,201
1528,189
1529,231
1530,162
1531,89
1532,154
1533,238
1534,162
1535,78
1536,128
1537,166
1538,133
1539,220
1540,187
1541,234
1542,67
1543,209
1544,127
1545,138
1546,190
1547,159
1548,52
1549,169
1550,40
1551,106
1552,170
1553,163
1554,142
1555,168
1556,125
1557,196
1558,171
1559,148
1560,225
1561,112
1562,245
1563,182
1564,137
1565,136
1566,115
1567,180
1568,242
1569,107
1570,179
1571,187
1572,248
1573,238
1574,192
1575,242
1576,114
1577,65
1578,15
1579,242
1580,215
1581,128
1582,86
1583,230
1584,191
1585,198
1586,221
1587,135
1588,199
1589,119
1590,234
1591,228
1592,208
1593,200
1594,186
1595,41
1596,152
1597,111
1598,99
1599,128
1600,220
1601,198
1602,144
1603,171
1604,237
1605,225
1606,194
1607,173
1608,235
1609,184
1610,252
1611,188
1612,181
1613,227
1614,161
1615,95
1616,235
1617,145
1618,173
1619,178
1620,130
1621,208
1622,241
1623,157
1624,199
1625,179
1626,99
1627,109
1628,232
1629,113
1630,177
1631,216
1632,206
1633,190
1634,193
1635,232
1636,200
1637,235
1638,114
1639,207
1640,213
1641,174
1642,204
1643,204
1644,225
1645,212
1646,216
1647,254
1648,254
1649,249
1650,240
1651,246
1652,182
1653,137
1654,127
1655,249
1656,197
1657,185
1658,249
1659,220
1660,228
1661,167
1662,198
1663,216
1664,147
1665,249
1666,170
1667,194
1668,20
1669,163
1670,202
1671,197
1672,251
1673,255
1674,197
1675,248
1676,222
1677,233
1678,189
1679,121
1680,230
1681,158
1682,214
1683,173
1684,173
1685,238
1686,169
1687,225
1688,241
1689,147
1690,113
1691,137
1692,232
1693,184
1694,135
1695,161
1696,200
1697,0
1698,218
1699,249
1700,145
1701,224
1702,148
1703,233
1704,209
1705,198
1706,225
1707,148
1708,151
1709,230
1710,202
1711,208
1712,131
1713,113
1714,42
1715,216
1716,232
1717,197
1718,81
1719,234
1720,132
1721,88
1722,187
1723,44
1724,35
1725,181
1726,237
1727,193
1728,168
1729,143
1730,113
1731,229
1732,170
1733,214
1734,168
1735,202
1736,141
1737,78
1738,205
1739,230
1740,42
1741,178
1742,162
1743,233
1744,249
1745,161
1746,148
1747,97
1748,196
1749,179
1750,82
1751,129
1752,132
1753,112
1754,185
1755,222
1756,226
1757,131
1758,235
1759,183
1760,93
1761,38
1762,219
1763,158
1764,218
1765,133
1766,129
1767,164
1768,230
1769,160
1770,197
1771,110
1772,127
1773,156
1774,98
1775,247
1776,243
1777,171
1778,114
1779,180
1780,222
1781,190
1782,15
1783,41
1784,202
1785,131
1786,122
1787,216
1788,204
1789,82
1790,238
1791,249
1792,220
1793,44
1794,202
1795,230
1796,145
1797,193
1798,215
1799,202
1800,187
1801,222
1802,234
1803,78
1804,217
1805,222
1806,210
1807,198
1808,218
1809,234
1810,122
1811,213
1812,154
1813,252
1814,161
1815,184
1816,202
1817,169
1818,189
1819,9
1820,142
1821,193
1822,194
1823,141
1824,217
1825,159
1826,138
1827,195
1828,197
1829,231
1830,210
1831,233
1832,211
1833,146
1834,104
1835,200
1836,147
1837,132
1838,240
1839,209
1840,242
1841,212
1842,215
1843,165
1844,150
1845,68
1846,65
1847,161
1848,210
1849,117
1850,188
1851,200
1852,209
1853,194
1854,181
1855,167
1856,195
1857,245
1858,192
1859,206
1860,225
1861,87
1862,149
1863,235
1864,246
1865,120
1866,130
1867,245
1868,73
1869,249
1870,234
1871,194
1872,179
1873,211
1874,227
1875,227
1876,120
1877,156
1878,197
1879,167
1880,232
1881,151
1882,249
1883,218
1884,167
1885,219
1886,192
1887,125
1888,158
1889,166
1890,233
1891,106
1892,252
1893,238
1894,197
1895,249
1896,113
1897,174
1898,200
1899,180
1900,77
1901,235
1902,73
1903,209
1904,159
1905,208
1906,82
1907,141
1908,234
1909,144
1910,183
1911,249
1912,182
1913,76
1914,72
1915,240
1916,238
1917,239
1918,244
1919,130
1920,203
1921,183
1922,251
1923,213
1924,67
1925,150
1926,183
1927,117
1928,90
1929,172
1930,94
1931,32
1932,249
1933,152
1934,69
1935,255
1936,201
1937,160
1938,190
1939,159
1940,119
1941,238
1942,249
1943,189
1944,138
1945,136
1946,223
1947,219
1948,231
1949,226
1950,191
1951,203
1952,214
1953,201
1954,138
1955,62
1956,224
1957,186
1958,200
1959,206
1960,222
1961,155
1962,60
1963,147
1964,65
1965,213
1966,237
1967,190
1968,189
1969,247
1970,110
1971,182
1972,230
1973,124
1974,201
1975,206
1976,154
1977,187
1978,203
1979,137
1980,163
1981,234
1982,236
1983,215
1984,193
1985,208
1986,211
1987,254
1988,231
1989,248
1990,129
1991,107
1992,236
1993,229
1994,159
1995,231
1996,44
1997,141
1998,231
1999,200
2000,144
2001,54
2002,129
2003,114
2004,204
2005,166
2006,212
2007,244
2008,107
2009,37
2010,248
2011,102
2012,229
2013,219
2014,142
2015,128
2016,180
2017,250
2018,182
2019,224
2020,246
2021,140
2022,199
2023,248
2024,201
2025,66
2026,209
2027,198
2028,133
2029,70
2030,224
2031,211
2032,0
2033,224
2034,84
2035,206
2036,235
2037,148
2038,243
2039,172
2040,216
2041,126
2042,176
2043,240
2044,155
2045,41
2046,235
2047,87
2048,26
2049,183
2050,181
2051,53
2052,112
2053,149
2054,240
2055,235
2056,60
2057,76
2058,193
2059,213
2060,183
2061,157
2062,179
2063,125
2064,195
2065,188
2066,230
2067,91
2068,138
2069,58
2070,203
2071,243
2072,113
2073,215
2074,219
2075,222
2076,226
2077,188
2078,173
2079,104
2080,217
2081,167
2082,118
2083,205
2084,218
2085,128
2086,183
2087,197
2088,222
2089,228
2090,181
2091,52
2092,238
2093,148
2094,158
2095,238
2096,168
2097,193
2098,161
2099,155
2100,0
2101,174
2102,155
2103,159
2104,215
2105,195
2106,211
2107,111
2108,182
2109,164
2110,237
2111,34
2112,123
2113,133
2114,64
2115,213
2116,0
2117,149
2118,140
2119,236
2120,193
2121,228
2122,146
2123,126
2124,246
2125,107
2126,166
2127,234
2128,221
2129,24
2130,114
2131,237
2132,7
2133,228
2134,139
2135,0
2136,218
2137,99
2138,178
2139,0
2140,98
2141,113
2142,178
2143,208
2144,158
2145,198
2146,0
2147,240
2148,99
2149,69
2150,65
2151,200
2152,70
2153,185
2154,214
2155,180
2156,184
2157,172
2158,237
2159,207
2160,97
2161,124
2162,150
2163,164
2164,147
2165,233
2166,156
2167,0
2168,0
2169,243
2170,235
2171,44
2172,217
2173,189
2174,210
2175,199
2176,150
2177,226
2178,142
2179,239
2180,136
2181,237
2182,0
2183,170
2184,136
2185,213
2186,61
2187,231
2188,232
2189,48
2190,206
2191,22
2192,207
2193,102
2194,203
2195,83
2196,189
2197,95
2198,214
2199,171
2200,193
2201,32
2202,220
2203,151
2204,117
2205,238
2206,100
2207,151
2208,168
2209,92
2210,132
2211,169
2212,144
2213,25
2214,162
2215,213
2216,211
2217,149
2218,50
2219,96
2220,185
2221,129
2222,214
2223,217
2224,148
2225,185
2226,221
2227,109
2228,171
2229,208
2230,249
2231,84
2232,115
2233,228
2234,218
2235,182
2236,137
2237,162
2238,158
2239,203
2240,129
2241,248
2242,166
2243,207
2244,245
2245,213
2246,189
2247,164
2248,0
2249,103
2250,153
2251,185
2252,219
2253,131
2254,163
2255,159
2256,176
2257,0
2258,194
2259,124
2260,185
2261,203
2262,203
2263,204
2264,237
2265,196
2266,147
2267,213
2268,222
2269,82
2270,54
2271,236
2272,150
2273,209
2274,163
2275,224
2276,110
2277,97
2278,0
2279,121
2280,170
2281,175
2282,177
2283,148
2284,68
2285,247
2286,80
2287,206
2288,245
2289,197
2290,160
2291,207
2292,22
2293,166
2294,134
2295,243
2296,142
2297,184
2298,229
2299,116
2300,170
2301,150
2302,187
2303,242
2304,166
2305,131
2306,0
2307,0
2308,220
2309,201
2310,211
2311,116
2312,219
2313,230
2314,20
2315,129
2316,67
2317,123
2318,251
2319,126
2320,233
2321,200
2322,151
2323,197
2324,187
2325,217
2326,130
2327,239
2328,138
2329,246
2330,37
2331,163
2332,201
2333,204
2334,192
2335,231
2336,107
2337,101
2338,180
2339,122
2340,205
2341,218
2342,131
2343,123
2344,214
2345,229
2346,144
2347,226
2348,210
2349,214
2350,190
2351,102
2352,199
2353,197
2354,193
2355,168
2356,161
2357,153
2358,201
2359,182
2360,172
2361,81
2362,207
2363,98
2364,212
2365,161
2366,244
2367,47
2368,209
2369,228
2370,193
2371,40
2372,241
2373,190
2374,47
2375,92
2376,214
2377,86
2378,67
2379,242
2380,161
2381,119
2382,149
2383,222
2384,0
2385,149
2386,200
2387,221
2388,142
2389,130
2390,207
2391,206
2392,149
2393,105
2394,90
2395,146
2396,215
2397,148
2398,204
2399,206
