0,85
1,242
2,228
3,180
4,213
5,144
6,206
7,114
8,204
9,113
10,150
11,207
12,228
13,234
14,230
15,160
16,125
17,230
18,184
19,96
20,127
21,175
22,183
23,202
24,0
25,120
26,193
27,154
28,148
29,229
30,226
31,162
32,172
33,174
34,112
35,59
36,231
37,180
38,233
39,242
40,164
41,226
42,173
43,90
44,155
45,240
46,217
47,204
48,188
49,81
50,195
51,188
52,241
53,241
54,208
55,189
56,194
57,172
58,188
59,182
60,98
61,200
62,165
63,209
64,210
65,135
66,222
67,149
68,145
69,163
70,135
71,198
72,215
73,218
74,125
75,145
76,181
77,163
78,169
79,205
80,217
81,173
82,195
83,186
84,190
85,136
86,201
87,248
88,215
89,202
90,188
91,146
92,137
93,237
94,180
95,207
96,153
97,131
98,200
99,219
100,189
101,238
102,221
103,222
104,129
105,156
106,208
107,189
108,151
109,135
110,228
111,227
112,215
113,118
114,206
115,223
116,120
117,175
118,223
119,227
120,192
121,48
122,205
123,223
124,202
125,188
126,183
127,206
128,190
129,157
130,184
131,189
132,216
133,59
134,176
135,210
136,112
137,225
138,195
139,212
140,171
141,223
142,86
143,204
144,205
145,190
146,194
147,203
148,110
149,219
150,137
151,148
152,206
153,161
154,162
155,233
156,246
157,60
158,218
159,194
160,210
161,178
162,129
163,150
164,225
165,227
166,189
167,214
168,163
169,238
170,220
171,165
172,158
173,237
174,146
175,148
176,166
177,118
178,206
179,182
180,206
181,185
182,143
183,54
184,203
185,194
186,182
187,227
188,157
189,189
190,126
191,241
192,182
193,118
194,155
195,216
196,176
197,225
198,239
199,179
200,151
201,220
202,221
203,209
204,198
205,200
206,213
207,194
208,214
209,231
210,120
211,215
212,207
213,219
214,216
215,191
216,210
217,105
218,177
219,210
220,199
221,168
222,244
223,200
224,199
225,225
226,186
227,239
228,212
229,210
230,156
231,210
232,147
233,139
234,168
235,89
236,193
237,119
238,156
239,234
240,149
241,144
242,239
243,208
244,173
245,222
246,199
247,75
248,218
249,173
250,196
251,180
252,182
253,137
254,193
255,176
256,224
257,162
258,196
259,236
260,238
261,145
262,168
263,197
264,153
265,196
266,131
267,191
268,157
269,209
270,238
271,93
272,101
273,185
274,115
275,212
276,185
277,163
278,180
279,170
280,102
281,229
282,97
283,169
284,193
285,124
286,146
287,156
288,224
289,193
290,211
291,231
292,229
293,194
294,166
295,240
296,171
297,194
298,197
299,223
300,203
301,147
302,217
303,187
304,205
305,232
306,231
307,161
308,212
309,182
310,216
311,179
312,187
313,112
314,143
315,126
316,197
317,222
318,171
319,161
320,164
321,131
322,221
323,234
324,232
325,194
326,220
327,236
328,234
329,149
330,167
331,188
332,245
333,214
334,228
335,202
336,193
337,210
338,169
339,192
340,242
341,181
342,80
343,167
344,165
345,146
346,186
347,154
348,247
349,85
350,248
351,199
352,127
353,144
354,214
355,204
356,201
357,149
358,212
359,202
360,144
361,160
362,205
363,168
364,153
365,198
366,83
367,200
368,236
369,205
370,223
371,194
372,229
373,152
374,155
375,135
376,161
377,173
378,187
379,198
380,195
381,170
382,78
383,166
384,224
385,126
386,149
387,232
388,158
389,240
390,184
391,189
392,225
393,177
394,152
395,241
396,231
397,211
398,239
399,120
400,172
401,109
402,244
403,243
404,195
405,130
406,83
407,171
408,202
409,226
410,240
411,239
412,214
413,136
414,103
415,207
416,237
417,250
418,170
419,200
420,176
421,76
422,184
423,155
424,226
425,227
426,129
427,225
428,190
429,150
430,235
431,225
432,96
433,196
434,183
435,151
436,173
437,214
438,211
439,212
440,141
441,224
442,154
443,105
444,200
445,100
446,187
447,179
448,229
449,216
450,211
451,182
452,246
453,139
454,227
455,180
456,214
457,231
458,222
459,202
460,231
461,151
462,184
463,228
464,244
465,148
466,144
467,188
468,215
469,244
470,135
471,234
472,162
473,131
474,179
475,171
476,243
477,174
478,168
479,243
480,188
481,176
482,204
483,222
484,70
485,234
486,141
487,226
488,248
489,110
490,228
491,240
492,147
493,224
494,121
495,250
496,232
497,230
498,171
499,161
500,228
501,236
502,235
503,235
504,193
505,198
506,228
507,188
508,209
509,202
510,140
511,228
512,221
513,143
514,168
515,244
516,228
517,198
518,237
519,233
520,225
521,151
522,164
523,235
524,177
525,243
526,197
527,160
528,221
529,212
530,226
531,223
532,149
533,222
534,216
535,231
536,229
537,111
538,242
539,210
540,179
541,210
542,125
543,207
544,241
545,188
546,181
547,235
548,217
549,194
550,126
551,213
552,204
553,171
554,247
555,215
556,125
557,210
558,145
559,235
560,238
561,246
562,200
563,226
564,154
565,217
566,173
567,223
568,233
569,212
570,230
571,225
572,208
573,221
574,241
575,176
576,221
577,234
578,196
579,243
580,225
581,246
582,207
583,162
584,209
585,159
586,187
587,188
588,191
589,237
590,216
591,184
592,212
593,168
594,158
595,159
596,212
597,235
598,150
599,151
600,147
601,241
602,90
603,121
604,156
605,230
606,155
607,188
608,190
609,140
610,155
611,207
612,205
613,90
614,224
615,153
616,28
617,202
618,236
619,197
620,76
621,198
622,233
623,185
624,167
625,214
626,177
627,219
628,233
629,125
630,222
631,223
632,137
633,165
634,212
635,219
636,241
637,176
638,154
639,111
640,203
641,179
642,240
643,198
644,200
645,177
646,240
647,198
648,221
649,73
650,138
651,220
652,205
653,223
654,200
655,209
656,152
657,217
658,185
659,229
660,158
661,214
662,205
663,187
664,200
665,205
666,236
667,215
668,144
669,217
670,147
671,157
672,195
673,187
674,240
675,206
676,202
677,167
678,145
679,153
680,226
681,152
682,157
683,220
684,217
685,217
686,161
687,233
688,215
689,196
690,104
691,218
692,93
693,248
694,238
695,185
696,134
697,198
698,149
699,158
700,155
701,240
702,234
703,244
704,157
705,201
706,92
707,197
708,163
709,241
710,150
711,233
712,147
713,229
714,166
715,180
716,162
717,245
718,199
719,89
720,208
721,191
722,161
723,87
724,180
725,140
726,201
727,114
728,125
729,214
730,213
731,139
732,190
733,168
734,236
735,196
736,217
737,175
738,198
739,78
740,193
741,218
742,146
743,243
744,223
745,123
746,199
747,209
748,171
749,207
750,105
751,202
752,204
753,187
754,197
755,213
756,202
757,214
758,240
759,147
760,166
761,252
762,244
763,234
764,220
765,216
766,236
767,162
768,228
769,188
770,238
771,98
772,211
773,197
774,145
775,246
776,202
777,235
778,223
779,242
780,175
781,222
782,167
783,197
784,149
785,215
786,62
787,186
788,133
789,219
790,177
791,150
792,103
793,195
794,232
795,114
796,110
797,243
798,94
799,144
800,233
801,162
802,200
803,247
804,244
805,184
806,139
807,201
808,210
809,197
810,204
811,213
812,190
813,160
814,205
815,213
816,134
817,151
818,237
819,203
820,189
821,184
822,234
823,209
824,195
825,195
826,225
827,161
828,245
829,224
830,220
831,207
832,160
833,228
834,170
835,184
836,200
837,190
838,247
839,230
840,172
841,134
842,175
843,218
844,174
845,140
846,177
847,240
848,208
849,216
850,205
851,105
852,85
853,158
854,192
855,175
856,207
857,245
858,217
859,225
860,218
861,166
862,204
863,162
864,202
865,234
866,222
867,244
868,242
869,242
870,194
871,220
872,220
873,191
874,173
875,220
876,173
877,200
878,210
879,188
880,89
881,206
882,203
883,185
884,195
885,173
886,221
887,244
888,167
889,240
890,193
891,116
892,145
893,211
894,196
895,179
896,184
897,91
898,200
899,212
900,177
901,156
902,201
903,191
904,229
905,161
906,222
907,159
908,174
909,172
910,148
911,231
912,127
913,207
914,160
915,241
916,214
917,173
918,183
919,80
920,204
921,190
922,178
923,191
924,209
925,205
926,193
927,208
928,170
929,213
930,127
931,122
932,203
933,235
934,214
935,203
936,170
937,232
938,189
939,206
940,173
941,223
942,178
943,201
944,210
945,146
946,153
947,146
948,212
949,213
950,188
951,154
952,218
953,235
954,214
955,245
956,204
957,215
958,184
959,87
960,204
961,239
962,181
963,222
964,186
965,193
966,135
967,186
968,204
969,217
970,221
971,206
972,194
973,79
974,202
975,211
976,213
977,125
978,218
979,239
980,203
981,215
982,228
983,206
984,187
985,236
986,196
987,236
988,236
989,162
990,240
991,166
992,188
993,226
994,220
995,215
996,211
997,238
998,185
999,218
1000,227
1001,149
1002,203
1003,243
1004,222
1005,225
1006,182
1007,208
1008,199
1009,189
1010,227
1011,209
1012,183
1013,231
1014,200
1015,223
1016,170
1017,218
1018,219
1019,246
1020,206
1021,246
1022,126
1023,193
1024,179
1025,214
1026,208
1027,113
1028,200
1029,185
1030,235
1031,153
1032,109
1033,182
1034,189
1035,207
1036,238
1037,187
1038,224
1039,200
1040,193
1041,157
1042,206
1043,164
1044,153
1045,228
1046,194
1047,168
1048,233
1049,137
1050,172
1051,207
1052,227
1053,187
1054,183
1055,198
1056,239
1057,199
1058,172
1059,216
1060,231
1061,195
1062,196
1063,172
1064,232
1065,209
1066,169
1067,229
1068,246
1069,212
1070,232
1071,213
1072,128
1073,230
1074,241
1075,206
1076,224
1077,202
1078,159
1079,187
1080,220
1081,155
1082,187
1083,126
1084,214
1085,221
1086,212
1087,166
1088,207
1089,179
1090,224
1091,177
1092,228
1093,182
1094,217
1095,239
1096,134
1097,198
1098,212
1099,218
1100,203
1101,222
1102,234
1103,225
1104,177
1105,212
1106,221
1107,137
1108,225
1109,217
1110,201
1111,168
1112,178
1113,227
1114,228
1115,176
1116,223
1117,162
1118,180
1119,173
1120,222
1121,201
1122,162
1123,145
1124,172
1125,183
1126,243
1127,226
1128,186
1129,214
1130,203
1131,239
1132,175
1133,236
1134,181
1135,191
1136,212
1137,218
1138,249
1139,195
1140,243
1141,210
1142,209
1143,143
1144,135
1145,172
1146,7
1147,250
1148,159
1149,211
1150,96
1151,230
1152,182
1153,203
1154,190
1155,193
1156,204
1157,223
1158,213
1159,231
1160,183
1161,231
1162,98
1163,248
1164,167
1165,242
1166,170
1167,219
1168,239
1169,219
1170,185
1171,186
1172,214
1173,210
1174,239
1175,249
1176,218
1177,194
1178,247
1179,135
1180,188
1181,171
1182,145
1183,156
1184,216
1185,241
1186,220
1187,198
1188,103
1189,198
1190,226
1191,127
1192,244
1193,216
1194,232
1195,247
1196,202
1197,181
1198,174
1199,234
1200,164
1201,240
1202,92
1203,218
1204,184
1205,158
1206,155
1207,167
1208,76
1209,197
1210,178
1211,209
1212,209
1213,188
1214,103
1215,93
1216,122
1217,179
1218,161
1219,250
1220,199
1221,199
1222,48
1223,138
1224,179
1225,65
1226,238
1227,100
1228,168
1229,240
1230,139
1231,43
1232,169
1233,187
1234,99
1235,171
1236,197
1237,168
1238,155
1239,218
1240,190
1241,182
1242,129
1243,226
1244,229
1245,248
1246,180
1247,143
1248,239
1249,167
1250,222
1251,176
1252,184
1253,191
1254,121
1255,51
1256,186
1257,231
1258,158
1259,160
1260,137
1261,212
1262,50
1263,245
1264,186
1265,152
1266,108
1267,134
1268,237
1269,188
1270,233
1271,194
1272,194
1273,221
1274,238
1275,225
1276,152
1277,56
1278,211
1279,250
1280,160
1281,119
1282,232
1283,138
1284,147
1285,78
1286,149
1287,0
1288,160
1289,127
1290,232
1291,226
1292,88
1293,183
1294,132
1295,183
1296,242
1297,68
1298,161
1299,117
1300,246
1301,202
1302,235
1303,166
1304,202
1305,231
1306,221
1307,230
1308,106
1309,191
1310,129
1311,156
1312,73
1313,218
1314,222
1315,223
1316,90
1317,189
1318,150
1319,206
1320,78
1321,85
1322,153
1323,239
1324,96
1325,159
1326,127
1327,102
1328,136
1329,212
1330,196
1331,107
1332,115
1333,165
1334,138
1335,147
1336,69
1337,162
1338,0
1339,208
1340,68
1341,198
1342,217
1343,190
1344,60
1345,123
1346,246
1347,54
1348,215
1349,172
1350,242
1351,0
1352,187
1353,0
1354,220
1355,92
1356,233
1357,201
1358,153
1359,133
1360,220
1361,109
1362,164
1363,86
1364,244
1365,242
1366,160
1367,215
1368,175
1369,116
1370,223
1371,194
1372,120
1373,160
1374,239
1375,243
1376,143
1377,203
1378,178
1379,216
1380,218
1381,126
1382,213
1383,230
1384,219
1385,55
1386,242
1387,211
1388,58
1389,20
1390,36
1391,223
1392,169
1393,137
1394,204
1395,44
1396,145
1397,104
1398,177
1399,186
1400,192
1401,205
1402,122
1403,211
1404,227
1405,158
1406,224
1407,105
1408,137
1409,207
1410,187
1411,206
1412,218
1413,215
1414,230
1415,122
1416,157
1417,176
1418,245
1419,188
1420,181
1421,223
1422,244
1423,153
1424,126
1425,232
1426,71
1427,124
1428,205
1429,216
1430,55
1431,168
1432,223
1433,117
1434,140
1435,238
1436,163
1437,139
1438,234
1439,237
1440,230
1441,118
1442,152
1443,247
1444,197
1445,216
1446,145
1447,164
1448,206
1449,125
1450,117
1451,178
1452,195
1453,120
1454,235
1455,245
1456,191
1457,82
1458,174
1459,166
1460,199
1461,218
1462,51
1463,156
1464,80
1465,182
1466,206
1467,217
1468,219
1469,174
1470,127
1471,212
1472,138
1473,163
1474,194
1475,199
1476,197
1477,135
1478,216
1479,140
1480,148
1481,147
1482,240
1483,224
1484,220
1485,94
1486,247
1487,136
1488,243
1489,233
1490,197
1491,11
1492,236
1493,219
1494,251
1495,228
1496,248
1497,216
1498,224
1499,152
1500,150
1501,198
1502,215
1503,165
1504,112
1505,183
1506,83
1507,70
1508,182
1509,198
1510,138
1511,188
1512,169
1513,134
1514,127
1515,233
1516,193
1517,220
1518,222
1519,119
1520,200
1521,236
1522,174
1523,68
1524,175
1525,225
1526,195
1527,214
1528,186
1529,231
1530,164
1531,126
1532,171
1533,238
1534,170
1535,110
1536,147
1537,172
1538,148
1539,225
1540,189
1541,233
1542,47
1543,217
1544,106
1545,106
1546,195
1547,158
1548,121
1549,167
1550,33
1551,95
1552,138
1553,175
1554,164
1555,153
1556,154
1557,212
1558,181
1559,164
1560,235
1561,113
1562,241
1563,172
1564,144
1565,158
1566,113
1567,194
1568,238
1569,64
1570,189
1571,193
1572,242
1573,236
1574,180
1575,242
1576,151
1577,81
1578,12
1579,231
1580,201
1581,133
1582,109
1583,232
1584,185
1585,207
1586,220
1587,149
1588,214
1589,147
1590,233
1591,222
1592,204
1593,203
1594,182
1595,102
1596,162
1597,140
1598,92
1599,139
1600,221
1601,184
1602,150
1603,173
1604,239
1605,228
1606,201
1607,169
1608,232
1609,193
1610,252
1611,145
1612,199
1613,227
1614,176
1615,151
1616,228
1617,172
1618,182
1619,176
1620,148
1621,207
1622,242
1623,175
1624,201
1625,178
1626,133
1627,113
1628,233
1629,109
1630,179
1631,222
1632,214
1633,192
1634,187
1635,233
1636,202
1637,229
1638,63
1639,224
1640,215
1641,170
1642,159
1643,200
1644,222
1645,213
1646,206
1647,253
1648,253
1649,248
1650,223
1651,244
1652,174
1653,168
1654,132
1655,243
1656,199
1657,179
1658,247
1659,222
1660,233
1661,176
1662,194
1663,216
1664,155
1665,248
1666,187
1667,193
1668,149
1669,138
1670,193
1671,195
1672,249
1673,255
1674,178
1675,245
1676,217
1677,234
1678,157
1679,137
1680,228
1681,169
1682,221
1683,193
1684,164
1685,231
1686,168
1687,214
1688,237
1689,157
1690,113
1691,138
1692,221
1693,185
1694,144
1695,162
1696,202
1697,0
1698,214
1699,245
1700,140
1701,219
1702,151
1703,226
1704,196
1705,190
1706,234
1707,124
1708,181
1709,227
1710,206
1711,209
1712,142
1713,128
1714,23
1715,209
1716,229
1717,186
1718,120
1719,223
1720,142
1721,114
1722,171
1723,68
1724,83
1725,185
1726,238
1727,185
1728,164
1729,137
1730,112
1731,229
1732,177
1733,209
1734,154
1735,201
1736,140
1737,136
1738,193
1739,222
1740,126
1741,176
1742,155
1743,232
1744,248
1745,169
1746,145
1747,97
1748,195
1749,190
1750,74
1751,148
1752,106
1753,124
1754,189
1755,203
1756,226
1757,162
1758,231
1759,188
1760,75
1761,37
1762,224
1763,162
1764,219
1765,136
1766,153
1767,175
1768,232
1769,166
1770,220
1771,140
1772,136
1773,150
1774,118
1775,244
1776,242
1777,174
1778,123
1779,179
1780,211
1781,201
1782,29
1783,81
1784,194
1785,156
1786,135
1787,212
1788,207
1789,102
1790,236
1791,249
1792,203
1793,37
1794,201
1795,229
1796,154
1797,175
1798,223
1799,185
1800,177
1801,231
1802,233
1803,111
1804,227
1805,209
1806,185
1807,203
1808,209
1809,221
1810,190
1811,206
1812,166
1813,248
1814,148
1815,177
1816,201
1817,184
1818,158
1819,81
1820,142
1821,203
1822,172
1823,131
1824,210
1825,165
1826,158
1827,195
1828,199
1829,230
1830,218
1831,232
1832,212
1833,197
1834,140
1835,206
1836,166
1837,169
1838,242
1839,211
1840,215
1841,221
1842,198
1843,154
1844,144
1845,140
1846,98
1847,158
1848,236
1849,143
1850,174
1851,194
1852,211
1853,175
1854,188
1855,155
1856,195
1857,246
1858,195
1859,207
1860,225
1861,132
1862,155
1863,234
1864,244
1865,125
1866,184
1867,244
1868,97
1869,248
1870,232
1871,202
1872,208
1873,203
1874,219
1875,219
1876,144
1877,158
1878,206
1879,147
1880,242
1881,160
1882,245
1883,219
1884,172
1885,221
1886,193
1887,124
1888,176
1889,166
1890,236
1891,110
1892,252
1893,237
1894,202
1895,246
1896,115
1897,192
1898,186
1899,181
1900,137
1901,232
1902,145
1903,197
1904,189
1905,197
1906,109
1907,168
1908,234
1909,153
1910,185
1911,247
1912,192
1913,100
1914,103
1915,237
1916,226
1917,237
1918,234
1919,132
1920,204
1921,190
1922,247
1923,206
1924,125
1925,181
1926,200
1927,133
1928,144
1929,163
1930,80
1931,61
1932,245
1933,172
1934,50
1935,254
1936,204
1937,155
1938,181
1939,157
1940,118
1941,235
1942,248
1943,199
1944,121
1945,142
1946,221
1947,224
1948,229
1949,228
1950,211
1951,207
1952,217
1953,205
1954,146
1955,80
1956,221
1957,199
1958,204
1959,204
1960,222
1961,163
1962,52
1963,160
1964,89
1965,211
1966,234
1967,179
1968,205
1969,243
1970,130
1971,189
1972,231
1973,141
1974,195
1975,200
1976,169
1977,183
1978,193
1979,158
1980,165
1981,234
1982,233
1983,220
1984,184
1985,206
1986,212
1987,253
1988,229
1989,246
1990,152
1991,118
1992,237
1993,225
1994,155
1995,234
1996,73
1997,151
1998,230
1999,205
2000,146
2001,46
2002,115
2003,122
2004,204
2005,193
2006,207
2007,236
2008,48
2009,72
2010,248
2011,97
2012,227
2013,232
2014,162
2015,126
2016,190
2017,246
2018,186
2019,221
2020,244
2021,140
2022,201
2023,247
2024,200
2025,106
2026,206
2027,200
2028,152
2029,44
2030,229
2031,191
2032,61
2033,214
2034,127
2035,201
2036,225
2037,169
2038,242
2039,179
2040,208
2041,147
2042,170
2043,240
2044,139
2045,64
2046,230
2047,84
2048,56
2049,180
2050,206
2051,115
2052,102
2053,180
2054,235
2055,230
2056,0
2057,105
2058,200
2059,222
2060,175
2061,164
2062,171
2063,156
2064,200
2065,182
2066,230
2067,82
2068,156
2069,117
2070,198
2071,243
2072,133
2073,213
2074,208
2075,222
2076,230
2077,210
2078,162
2079,144
2080,218
2081,165
2082,154
2083,207
2084,213
2085,152
2086,194
2087,197
2088,226
2089,228
2090,181
2091,105
2092,241
2093,128
2094,161
2095,232
2096,147
2097,184
2098,158
2099,154
2100,0
2101,185
2102,179
2103,155
2104,204
2105,189
2106,206
2107,117
2108,174
2109,188
2110,234
2111,36
2112,202
2113,38
2114,58
2115,203
2116,34
2117,142
2118,93
2119,241
2120,207
2121,201
2122,133
2123,167
2124,244
2125,98
2126,169
2127,230
2128,209
2129,0
2130,122
2131,237
2132,8
2133,202
2134,137
2135,0
2136,206
2137,150
2138,157
2139,19
2140,109
2141,153
2142,169
2143,216
2144,188
2145,190
2146,4
2147,239
2148,78
2149,112
2150,121
2151,194
2152,99
2153,190
2154,201
2155,198
2156,170
2157,182
2158,224
2159,194
2160,51
2161,139
2162,152
2163,155
2164,179
2165,233
2166,114
2167,0
2168,42
2169,238
2170,237
2171,74
2172,221
2173,189
2174,212
2175,177
2176,185
2177,225
2178,149
2179,239
2180,111
2181,238
2182,0
2183,174
2184,109
2185,212
2186,16
2187,230
2188,233
2189,127
2190,198
2191,4
2192,211
2193,114
2194,199
2195,85
2196,230
2197,39
2198,207
2199,169
2200,194
2201,58
2202,228
2203,170
2204,88
2205,231
2206,111
2207,149
2208,164
2209,113
2210,90
2211,178
2212,142
2213,70
2214,195
2215,221
2216,215
2217,155
2218,66
2219,125
2220,191
2221,148
2222,211
2223,217
2224,142
2225,213
2226,221
2227,109
2228,197
2229,207
2230,248
2231,66
2232,184
2233,227
2234,228
2235,181
2236,148
2237,162
2238,171
2239,198
2240,145
2241,246
2242,194
2243,203
2244,243
2245,212
2246,181
2247,160
2248,0
2249,131
2250,144
2251,192
2252,222
2253,143
2254,124
2255,191
2256,185
2257,55
2258,189
2259,152
2260,184
2261,206
2262,196
2263,201
2264,241
2265,184
2266,159
2267,216
2268,225
2269,129
2270,38
2271,233
2272,204
2273,215
2274,193
2275,216
2276,181
2277,94
2278,0
2279,106
2280,170
2281,199
2282,158
2283,167
2284,28
2285,246
2286,100
2287,202
2288,243
2289,202
2290,165
2291,207
2292,66
2293,167
2294,120
2295,242
2296,153
2297,196
2298,226
2299,118
2300,210
2301,158
2302,203
2303,240
2304,170
2305,130
2306,0
2307,36
2308,217
2309,193
2310,207
2311,154
2312,219
2313,237
2314,81
2315,142
2316,48
2317,121
2318,250
2319,135
2320,234
2321,196
2322,154
2323,202
2324,188
2325,224
2326,121
2327,238
2328,164
2329,241
2330,57
2331,199
2332,204
2333,202
2334,194
2335,227
2336,157
2337,111
2338,219
2339,139
2340,212
2341,189
2342,149
2343,167
2344,222
2345,222
2346,149
2347,175
2348,207
2349,218
2350,178
2351,157
2352,207
2353,188
2354,181
2355,176
2356,161
2357,188
2358,206
2359,205
2360,194
2361,130
2362,209
2363,89
2364,226
2365,142
2366,243
2367,87
2368,216
2369,232
2370,184
2371,81
2372,235
2373,195
2374,11
2375,130
2376,211
2377,105
2378,95
2379,237
2380,155
2381,167
2382,164
2383,218
2384,41
2385,137
2386,196
2387,215
2388,149
2389,109
2390,211
2391,206
2392,180
2393,93
2394,82
2395,151
2396,217
2397,155
2398,204
2399,209
