0,170
1,132
2,187
3,216
4,156
5,54
6,198
7,223
8,230
9,141
10,145
11,231
12,211
13,179
14,200
15,168
16,206
17,181
18,233
19,240
20,242
21,120
22,175
23,202
24,243
25,228
26,89
27,117
28,217
29,167
30,50
31,181
32,187
33,239
34,177
35,230
36,232
37,223
38,191
39,228
40,157
41,223
42,216
43,86
44,224
45,213
46,166
47,223
48,139
49,165
50,171
51,218
52,89
53,182
54,177
55,173
56,157
57,192
58,186
59,254
60,223
61,128
62,195
63,227
64,205
65,222
66,250
67,239
68,187
69,70
70,199
71,183
72,188
73,218
74,241
75,166
76,204
77,0
78,189
79,199
80,243
81,243
82,113
83,159
84,217
85,207
86,161
87,208
88,158
89,204
90,195
91,248
92,209
93,167
94,64
95,201
96,223
97,180
98,245
99,199
100,256
101,251
102,197
103,95
104,243
105,219
106,211
107,118
108,166
109,0
110,156
111,177
112,220
113,216
114,245
115,203
116,210
117,220
118,233
119,234
120,151
121,212
122,120
123,0
124,193
125,215
126,224
127,133
128,187
129,162
130,165
131,206
132,203
133,245
134,140
135,196
136,126
137,162
138,123
139,169
140,252
141,231
142,209
143,126
144,157
145,169
146,161
147,178
148,208
149,211
150,111
151,202
152,217
153,181
154,158
155,230
156,249
157,168
158,49
159,114
160,226
161,195
162,230
163,141
164,237
165,63
166,80
167,172
168,161
169,252
170,227
171,163
172,209
173,94
174,218
175,192
176,208
177,214
178,235
179,0
180,146
181,81
182,191
183,230
184,216
185,188
186,225
187,126
188,155
189,189
190,250
191,223
192,125
193,250
194,171
195,223
196,165
197,195
198,160
199,202
200,178
201,218
202,157
203,204
204,253
205,176
206,173
207,205
208,229
209,156
210,136
211,173
212,244
213,237
214,46
215,119
216,221
217,189
218,237
219,184
220,153
221,233
222,215
223,92
224,224
225,250
226,245
227,178
228,216
229,225
230,163
231,175
232,234
233,216
234,192
235,183
236,134
237,212
238,142
239,227
240,224
241,166
242,246
243,180
244,238
245,218
246,225
247,243
248,158
249,207
250,171
251,110
252,202
253,205
254,230
255,248
256,254
257,219
258,187
259,194
260,141
261,209
262,216
263,68
264,229
265,208
266,187
267,143
268,198
269,199
270,69
271,207
272,198
273,252
274,203
275,198
276,219
277,121
278,250
279,160
280,126
281,173
282,217
283,166
284,145
285,217
286,200
287,220
288,216
289,205
290,145
291,223
292,177
293,100
294,201
295,182
296,136
297,90
298,102
299,212
300,168
301,196
302,245
303,125
304,230
305,224
306,144
307,195
308,200
309,243
310,200
311,168
312,168
313,233
314,253
315,167
316,80
317,148
318,239
319,193
320,158
321,95
322,172
323,222
324,195
325,229
326,161
327,243
328,215
329,108
330,216
331,250
332,134
333,223
334,223
335,226
336,200
337,224
338,227
339,125
340,171
341,252
342,227
343,212
344,119
345,170
346,133
347,88
348,81
349,126
350,92
351,141
352,153
353,147
354,197
355,158
356,203
357,220
358,226
359,119
360,214
361,187
362,197
363,120
364,226
365,213
366,191
367,239
368,240
369,102
370,189
371,203
372,60
373,128
374,247
375,144
376,162
377,208
378,131
379,233
380,205
381,125
382,168
383,225
384,178
385,251
386,198
387,96
388,175
389,194
390,215
391,178
392,230
393,150
394,161
395,0
396,176
397,210
398,130
399,230
400,72
401,187
402,211
403,181
404,173
405,206
406,231
407,57
408,209
409,232
410,197
411,134
412,215
413,250
414,218
415,133
416,170
417,107
418,225
419,111
420,230
421,200
422,217
423,243
424,199
425,237
426,217
427,81
428,148
429,195
430,232
431,211
432,213
433,243
434,201
435,174
436,164
437,213
438,195
439,209
440,196
441,167
442,192
443,170
444,188
445,180
446,0
447,156
448,112
449,211
450,65
451,180
452,205
453,171
454,230
455,222
456,207
457,244
458,207
459,254
460,237
461,245
462,240
463,198
464,204
465,142
466,165
467,187
468,96
469,173
470,102
471,205
472,196
473,166
474,164
475,237
476,209
477,174
478,228
479,128
480,113
481,246
482,232
483,248
484,145
485,167
486,224
487,99
488,168
489,229
490,182
491,158
492,173
493,56
494,179
495,147
496,231
497,236
498,241
499,238
500,162
501,205
502,234
503,248
504,158
505,241
506,139
507,205
508,8
509,48
510,214
511,231
512,220
513,251
514,175
515,234
516,180
517,190
518,108
519,225
520,91
521,206
522,175
523,81
524,191
525,199
526,215
527,212
528,208
529,214
530,189
531,209
532,125
533,192
534,250
535,102
536,219
537,232
538,139
539,106
540,185
541,240
542,222
543,188
544,227
545,99
546,175
547,87
548,116
549,256
550,186
551,148
552,227
553,171
554,114
555,211
556,0
557,237
558,158
559,189
560,159
561,201
562,190
563,105
564,226
565,149
566,252
567,254
568,196
569,244
570,220
571,115
572,224
573,227
574,205
575,184
576,227
577,103
578,233
579,255
580,186
581,82
582,94
583,250
584,247
585,130
586,191
587,216
588,184
589,81
590,239
591,231
592,248
593,146
594,154
595,206
596,229
597,246
598,165
599,214
600,159
601,219
602,123
603,211
604,162
605,154
606,182
607,189
608,210
609,121
610,212
611,251
612,181
613,247
614,68
615,253
616,143
617,149
618,138
619,156
620,205
621,212
622,129
623,233
624,108
625,166
626,218
627,193
628,226
629,133
630,205
631,168
632,212
633,222
634,210
635,196
636,159
637,92
638,39
639,226
640,55
641,180
642,180
643,153
644,237
645,226
646,239
647,221
648,191
649,196
650,182
651,249
652,127
653,157
654,0
655,212
656,127
657,246
658,227
659,113
660,200
661,206
662,167
663,198
664,218
665,95
666,233
667,79
668,218
669,59
670,188
671,226
672,25
673,231
674,179
675,230
676,179
677,136
678,213
679,223
680,230
681,153
682,239
683,134
684,205
685,213
686,166
687,128
688,173
689,107
690,244
691,229
692,198
693,203
694,157
695,226
696,105
697,232
698,20
699,55
700,180
701,217
702,170
703,254
704,120
705,230
706,56
707,249
708,50
709,154
710,248
711,250
712,251
713,217
714,134
715,162
716,182
717,227
718,161
719,99
720,127
721,232
722,105
723,218
724,207
725,178
726,156
727,253
728,28
729,208
730,219
731,76
732,235
733,81
734,238
735,148
736,169
737,177
738,214
739,164
740,221
741,228
742,130
743,109
744,190
745,180
746,77
747,254
748,167
749,230
750,158
751,5
752,217
753,75
754,249
755,60
756,230
757,218
758,172
759,239
760,183
761,119
762,242
763,204
764,191
765,237
766,151
767,215
768,141
769,194
770,180
771,216
772,145
773,220
774,196
775,152
776,191
777,212
778,202
779,100
780,228
781,133
782,88
783,241
784,206
785,251
786,238
787,92
788,107
789,206
790,252
791,115
792,190
793,239
794,195
795,215
796,162
797,170
798,233
799,256
800,156
801,222
802,214
803,155
804,166
805,225
806,241
807,211
808,249
809,222
810,234
811,133
812,180
813,220
814,186
815,207
816,204
817,125
818,120
819,185
820,251
821,220
822,0
823,207
824,228
825,204
826,195
827,233
828,209
829,227
830,147
831,190
832,192
833,107
834,131
835,51
836,166
837,111
838,174
839,175
840,228
841,238
842,235
843,215
844,207
845,237
846,110
847,197
848,237
849,163
850,215
851,197
852,177
853,246
854,167
855,158
856,15
857,246
858,177
859,137
860,239
861,203
862,180
863,202
864,165
865,174
866,194
867,229
868,117
869,228
870,190
871,209
872,213
873,212
874,248
875,236
876,175
877,230
878,208
879,193
880,234
881,165
882,0
883,227
884,189
885,217
886,155
887,209
888,186
889,90
890,245
891,196
892,210
893,195
894,115
895,251
896,240
897,230
898,156
899,170
900,119
901,195
902,154
903,157
904,120
905,201
906,130
907,33
908,206
909,223
910,232
911,205
912,128
913,177
914,242
915,212
916,128
917,184
918,163
919,204
920,215
921,171
922,210
923,240
924,247
925,169
926,235
927,146
928,243
929,228
930,231
931,214
932,168
933,240
934,172
935,235
936,229
937,133
938,22
939,252
940,240
941,216
942,126
943,167
944,205
945,237
946,193
947,133
948,167
949,256
950,179
951,242
952,162
953,228
954,242
955,136
956,236
957,245
958,218
959,195
960,209
961,250
962,250
963,124
964,193
965,171
966,250
967,251
968,229
969,163
970,208
971,106
972,177
973,153
974,188
975,179
976,230
977,172
978,223
979,235
980,118
981,255
982,172
983,211
984,226
985,97
986,0
987,235
988,135
989,121
990,133
991,109
992,134
993,180
994,197
995,194
996,219
997,223
998,185
999,249
1000,238
1001,165
1002,241
1003,38
1004,184
1005,181
1006,191
1007,189
1008,142
1009,114
1010,113
1011,167
1012,249
1013,210
1014,219
1015,196
1016,217
1017,203
1018,194
1019,210
1020,150
1021,41
1022,239
1023,181
1024,140
1025,254
1026,192
1027,225
1028,246
1029,206
1030,171
1031,104
1032,130
1033,246
1034,179
1035,248
1036,86
1037,46
1038,179
1039,84
1040,185
1041,169
1042,146
1043,212
1044,130
1045,208
1046,158
1047,197
1048,167
1049,159
1050,203
1051,249
1052,220
1053,176
1054,134
1055,140
1056,192
1057,239
1058,99
1059,198
1060,225
1061,154
1062,222
1063,224
1064,211
1065,229
1066,102
1067,206
1068,233
1069,251
1070,252
1071,160
1072,153
1073,185
1074,131
1075,253
1076,228
1077,252
1078,183
1079,242
1080,156
1081,203
1082,158
1083,194
1084,220
1085,178
1086,174
1087,182
1088,76
1089,189
1090,131
1091,183
1092,48
1093,123
1094,114
1095,222
1096,99
1097,139
1098,132
1099,198
1100,169
1101,242
1102,135
1103,185
1104,238
1105,171
1106,178
1107,250
1108,203
1109,228
1110,254
1111,234
1112,249
1113,239
1114,170
1115,216
1116,189
1117,144
1118,179
1119,207
1120,231
1121,146
1122,144
1123,164
1124,142
1125,231
1126,46
1127,141
1128,57
1129,219
1130,246
1131,256
1132,163
1133,228
1134,77
1135,190
1136,178
1137,178
1138,202
1139,79
1140,233
1141,237
1142,240
1143,105
1144,117
1145,214
1146,178
1147,185
1148,163
1149,178
1150,30
1151,243
1152,109
1153,208
1154,241
1155,142
1156,253
1157,236
1158,192
1159,239
1160,176
1161,228
1162,164
1163,224
1164,113
1165,172
1166,235
1167,182
1168,159
1169,163
1170,242
1171,173
1172,179
1173,198
1174,186
1175,225
1176,144
1177,225
1178,191
1179,247
1180,111
1181,163
1182,169
1183,201
1184,139
1185,244
1186,256
1187,83
1188,80
1189,229
1190,234
1191,212
1192,199
1193,249
1194,248
1195,228
1196,161
1197,169
1198,186
1199,0
1200,105
1201,255
1202,221
1203,213
1204,89
1205,236
1206,217
1207,220
1208,157
1209,238
1210,187
1211,183
1212,214
1213,83
1214,250
1215,0
1216,227
1217,0
1218,176
1219,244
1220,240
1221,161
1222,127
1223,221
1224,140
1225,110
1226,196
1227,169
1228,95
1229,152
1230,162
1231,170
1232,170
1233,239
1234,113
1235,101
1236,136
1237,76
1238,211
1239,241
1240,123
1241,229
1242,197
1243,200
1244,137
1245,66
1246,254
1247,242
1248,189
1249,215
1250,185
1251,181
1252,204
1253,229
1254,208
1255,205
1256,222
1257,154
1258,189
1259,244
1260,236
1261,243
1262,163
1263,253
1264,143
1265,187
1266,181
1267,210
1268,196
1269,239
1270,185
1271,218
1272,213
1273,235
1274,98
1275,179
1276,124
1277,202
1278,219
1279,197
1280,163
1281,203
1282,96
1283,184
1284,238
1285,55
1286,168
1287,51
1288,199
1289,214
1290,151
1291,55
1292,193
1293,118
1294,205
1295,181
1296,234
1297,239
1298,178
1299,240
1300,67
1301,235
1302,222
1303,202
1304,216
1305,143
1306,154
1307,197
1308,142
1309,141
1310,168
1311,199
1312,197
1313,140
1314,214
1315,256
1316,210
1317,124
1318,78
1319,90
1320,198
1321,108
1322,202
1323,245
1324,81
1325,136
1326,187
1327,250
1328,181
1329,219
1330,191
1331,182
1332,255
1333,215
1334,239
1335,187
1336,208
1337,85
1338,202
1339,167
1340,248
1341,253
1342,213
1343,206
1344,240
1345,224
1346,199
1347,254
1348,166
1349,181
1350,227
1351,221
1352,160
1353,235
1354,234
1355,80
1356,173
1357,147
1358,190
1359,104
1360,238
1361,240
1362,219
1363,186
1364,163
1365,186
1366,80
1367,210
1368,137
1369,236
1370,228
1371,206
1372,252
1373,170
1374,199
1375,142
1376,196
1377,213
1378,0
1379,180
1380,218
1381,182
1382,187
1383,234
1384,75
1385,167
1386,160
1387,200
1388,62
1389,236
1390,204
1391,205
1392,127
1393,233
1394,215
1395,227
1396,200
1397,238
1398,148
1399,207
1400,127
1401,201
1402,192
1403,152
1404,189
1405,168
1406,255
1407,36
1408,131
1409,123
1410,205
1411,235
1412,230
1413,229
1414,206
1415,220
1416,72
1417,235
1418,159
1419,38
1420,228
1421,217
1422,222
1423,256
1424,159
1425,194
1426,230
1427,132
1428,175
1429,184
1430,234
1431,172
1432,166
1433,233
1434,211
1435,153
1436,237
1437,232
1438,131
1439,211
1440,206
1441,245
1442,153
1443,250
1444,121
1445,239
1446,229
1447,219
1448,227
1449,194
1450,173
1451,156
1452,241
1453,164
1454,210
1455,226
1456,241
1457,132
1458,175
1459,167
1460,78
1461,180
1462,240
1463,204
1464,0
1465,215
1466,244
1467,210
1468,147
1469,182
1470,131
1471,246
1472,210
1473,186
1474,0
1475,195
1476,148
1477,219
1478,173
1479,206
1480,174
1481,0
1482,234
1483,161
1484,210
1485,206
1486,179
1487,251
1488,179
1489,218
1490,199
1491,250
1492,186
1493,250
1494,167
1495,232
1496,230
1497,198
1498,131
1499,215
1500,75
1501,202
1502,77
1503,166
1504,154
1505,152
1506,100
1507,222
1508,245
1509,170
1510,113
1511,241
1512,96
1513,122
1514,232
1515,162
1516,200
1517,169
1518,231
1519,217
1520,206
1521,219
1522,234
1523,237
1524,155
1525,228
1526,204
1527,164
1528,171
1529,178
1530,178
1531,225
1532,126
1533,23
1534,158
1535,216
1536,227
1537,150
1538,158
1539,235
1540,169
1541,247
1542,251
1543,212
1544,160
1545,148
1546,240
1547,163
1548,149
1549,172
1550,164
1551,102
1552,226
1553,212
1554,103
1555,217
1556,82
1557,202
1558,218
1559,163
1560,186
1561,168
1562,254
1563,174
1564,237
1565,154
1566,235
1567,233
1568,198
1569,142
1570,242
1571,241
1572,199
1573,229
1574,182
1575,212
1576,193
1577,229
1578,193
1579,228
1580,232
1581,234
1582,175
1583,202
1584,126
1585,177
1586,239
1587,236
1588,225
1589,131
1590,237
1591,178
1592,139
1593,173
1594,181
1595,241
1596,182
1597,129
1598,183
1599,146
1600,189
1601,36
1602,200
1603,211
1604,197
1605,243
1606,91
1607,226
1608,131
1609,199
1610,104
1611,217
1612,251
1613,189
1614,222
1615,155
1616,154
1617,177
1618,170
1619,200
1620,229
1621,86
1622,151
1623,207
1624,173
1625,177
1626,162
1627,213
1628,235
1629,123
1630,230
1631,238
1632,184
1633,219
1634,86
1635,201
1636,116
1637,203
1638,34
1639,143
1640,178
1641,198
1642,239
1643,91
1644,168
1645,252
1646,128
1647,223
1648,214
1649,204
1650,218
1651,217
1652,134
1653,176
1654,68
1655,241
1656,153
1657,216
1658,80
1659,178
1660,157
1661,249
1662,189
1663,126
1664,187
1665,241
1666,85
1667,177
1668,225
1669,116
1670,227
1671,143
1672,215
1673,64
1674,214
1675,208
1676,214
1677,219
1678,228
1679,35
1680,122
1681,224
1682,160
1683,152
1684,165
1685,184
1686,236
1687,230
1688,248
1689,206
1690,236
1691,98
1692,127
1693,116
1694,125
1695,85
1696,214
1697,151
1698,222
1699,200
1700,187
1701,252
1702,246
1703,228
1704,256
1705,206
1706,240
1707,256
1708,231
1709,238
1710,198
1711,225
1712,173
1713,172
1714,103
1715,170
1716,137
1717,180
1718,221
1719,194
1720,217
1721,167
1722,191
1723,98
1724,256
1725,231
1726,194
1727,219
1728,226
1729,229
1730,143
1731,205
1732,221
1733,80
1734,139
1735,46
1736,208
1737,252
1738,148
1739,244
1740,207
1741,113
1742,252
1743,187
1744,196
1745,140
1746,175
1747,142
1748,214
1749,107
1750,235
1751,163
1752,148
1753,220
1754,242
1755,202
1756,208
1757,190
1758,246
1759,211
1760,62
1761,18
1762,249
1763,206
1764,153
1765,70
1766,248
1767,185
1768,148
1769,214
1770,0
1771,192
1772,90
1773,184
1774,72
1775,162
1776,126
1777,227
1778,91
1779,190
1780,255
1781,55
1782,204
1783,207
1784,52
1785,182
1786,198
1787,234
1788,189
1789,249
1790,190
1791,30
1792,85
1793,189
1794,65
1795,64
1796,205
1797,65
1798,171
1799,208
1800,146
1801,203
1802,168
1803,85
1804,124
1805,151
1806,91
1807,115
1808,197
1809,107
1810,164
1811,207
1812,209
1813,212
1814,188
1815,166
1816,159
1817,112
1818,125
1819,238
1820,216
1821,138
1822,222
1823,237
1824,220
1825,185
1826,227
1827,191
1828,186
1829,65
1830,121
1831,128
1832,200
1833,240
1834,107
1835,166
1836,222
1837,174
1838,163
1839,127
1840,227
1841,171
1842,246
1843,144
1844,252
1845,0
1846,67
1847,218
1848,85
1849,176
1850,238
1851,95
1852,215
1853,201
1854,146
1855,201
1856,183
1857,212
1858,238
1859,174
1860,152
1861,180
1862,126
1863,148
1864,150
1865,201
1866,189
1867,252
1868,199
1869,219
1870,191
1871,185
1872,159
1873,196
1874,194
1875,217
1876,120
1877,194
1878,244
1879,170
1880,124
1881,94
1882,194
1883,171
1884,247
1885,67
1886,85
1887,246
1888,147
1889,106
1890,234
1891,156
1892,126
1893,219
1894,253
1895,222
1896,202
1897,216
1898,193
1899,171
1900,194
1901,245
1902,200
1903,178
1904,179
1905,162
1906,215
1907,218
1908,138
1909,136
1910,198
1911,200
1912,210
1913,55
1914,115
1915,148
1916,222
1917,216
1918,85
1919,159
1920,226
1921,208
1922,225
1923,160
1924,78
1925,196
1926,212
1927,149
1928,173
1929,187
1930,159
1931,255
1932,219
1933,223
1934,216
1935,239
1936,190
1937,210
1938,47
1939,137
1940,151
1941,227
1942,196
1943,176
1944,247
1945,101
1946,116
1947,181
1948,245
1949,53
1950,162
1951,135
1952,171
1953,72
1954,243
1955,96
1956,208
1957,201
1958,157
1959,156
1960,125
1961,114
1962,180
1963,106
1964,50
1965,169
1966,210
1967,196
1968,245
1969,255
1970,225
1971,252
1972,202
1973,113
1974,223
1975,57
1976,193
1977,228
1978,181
1979,243
1980,187
1981,238
1982,217
1983,229
1984,200
1985,102
1986,240
1987,162
1988,244
1989,207
1990,228
1991,192
1992,232
1993,139
1994,72
1995,196
1996,112
1997,193
1998,192
1999,170
2000,204
2001,224
2002,201
2003,217
2004,169
2005,179
2006,215
2007,232
2008,204
2009,221
2010,218
2011,225
2012,222
2013,211
2014,166
2015,157
2016,233
2017,212
2018,206
2019,203
2020,188
2021,233
2022,80
2023,187
2024,196
2025,231
2026,226
2027,137
2028,180
2029,100
2030,251
2031,233
2032,214
2033,244
2034,161
2035,207
2036,136
2037,134
2038,171
2039,200
2040,133
2041,223
2042,52
2043,182
2044,241
2045,71
2046,256
2047,246
2048,193
2049,165
2050,66
2051,133
2052,141
2053,219
2054,213
2055,227
2056,214
2057,227
2058,200
2059,203
2060,129
2061,220
2062,59
2063,55
2064,84
2065,242
2066,206
2067,140
2068,0
2069,102
2070,192
2071,212
2072,195
2073,226
2074,251
2075,238
2076,139
2077,144
2078,242
2079,143
2080,218
2081,233
2082,203
2083,201
2084,210
2085,147
2086,130
2087,168
2088,188
2089,218
2090,132
2091,254
2092,153
2093,235
2094,204
2095,189
2096,242
2097,189
2098,170
2099,157
2100,151
2101,246
2102,181
2103,140
2104,207
2105,71
2106,233
2107,223
2108,197
2109,242
2110,117
2111,214
2112,145
2113,164
2114,210
2115,215
2116,213
2117,234
2118,230
2119,247
2120,157
2121,48
2122,209
2123,159
2124,218
2125,218
2126,187
2127,167
2128,163
2129,178
2130,231
2131,135
2132,147
2133,154
2134,139
2135,156
2136,230
2137,114
2138,256
2139,213
2140,176
2141,213
2142,159
2143,213
2144,212
2145,227
2146,136
2147,184
2148,211
2149,212
2150,171
2151,254
2152,151
2153,214
2154,236
2155,242
2156,234
2157,201
2158,158
2159,195
2160,129
2161,201
2162,59
2163,234
2164,228
2165,145
2166,233
2167,167
2168,191
2169,252
2170,229
2171,188
2172,85
2173,144
2174,165
2175,181
2176,236
2177,251
2178,204
2179,207
2180,256
2181,189
2182,134
2183,153
2184,166
2185,196
2186,134
2187,13
2188,200
2189,142
2190,165
2191,212
2192,160
2193,48
2194,246
2195,105
2196,97
2197,226
2198,118
2199,153
2200,174
2201,197
2202,234
2203,42
2204,175
2205,166
2206,234
2207,169
2208,173
2209,150
2210,124
2211,206
2212,93
2213,143
2214,229
2215,256
2216,215
2217,192
2218,188
2219,185
2220,154
2221,240
2222,226
2223,145
2224,0
2225,220
2226,219
2227,120
2228,164
2229,153
2230,241
2231,216
2232,112
2233,188
2234,158
2235,237
2236,136
2237,240
2238,213
2239,142
2240,129
2241,180
2242,163
2243,184
2244,136
2245,181
2246,124
2247,158
2248,224
2249,132
2250,214
2251,255
2252,121
2253,214
2254,251
2255,222
2256,109
2257,223
2258,171
2259,95
2260,177
2261,200
2262,209
2263,153
2264,242
2265,94
2266,223
2267,187
2268,0
2269,166
2270,150
2271,51
2272,242
2273,176
2274,228
2275,31
2276,256
2277,235
2278,166
2279,151
2280,231
2281,130
2282,154
2283,100
2284,252
2285,230
2286,118
2287,191
2288,232
2289,227
2290,196
2291,205
2292,238
2293,87
2294,157
2295,186
2296,71
2297,152
2298,251
2299,225
2300,202
2301,200
2302,249
2303,240
2304,239
2305,236
2306,183
2307,142
2308,202
2309,218
2310,165
2311,155
2312,238
2313,227
2314,251
2315,256
2316,194
2317,0
2318,94
2319,218
2320,214
2321,202
2322,243
2323,238
2324,244
2325,227
2326,153
2327,233
2328,130
2329,140
2330,174
2331,154
2332,165
2333,192
2334,234
2335,209
2336,151
2337,193
2338,205
2339,143
2340,237
2341,174
2342,256
2343,210
2344,201
2345,225
2346,235
2347,204
2348,241
2349,184
2350,134
2351,240
2352,87
2353,122
2354,147
2355,236
2356,230
2357,203
2358,195
2359,76
2360,223
2361,92
2362,126
2363,228
2364,189
2365,147
2366,127
2367,246
2368,99
2369,136
2370,245
2371,214
2372,146
2373,229
2374,216
2375,233
2376,198
2377,10
2378,253
2379,249
2380,212
2381,195
2382,129
2383,237
2384,240
2385,211
2386,171
2387,214
2388,231
2389,150
2390,208
2391,123
2392,165
2393,180
2394,136
2395,142
2396,189
2397,246
2398,174
2399,208
