0,32
1,236
2,231
3,188
4,214
5,143
6,188
7,69
8,204
9,130
10,173
11,209
12,237
13,230
14,245
15,150
16,141
17,226
18,179
19,97
20,139
21,185
22,176
23,206
24,122
25,118
26,198
27,161
28,165
29,229
30,227
31,176
32,176
33,178
34,100
35,90
36,231
37,187
38,227
39,245
40,168
41,222
42,179
43,70
44,156
45,239
46,218
47,213
48,180
49,98
50,186
51,179
52,240
53,242
54,209
55,173
56,196
57,164
58,176
59,157
60,94
61,195
62,146
63,206
64,209
65,115
66,221
67,156
68,145
69,130
70,142
71,201
72,217
73,212
74,147
75,137
76,117
77,149
78,163
79,210
80,211
81,163
82,188
83,193
84,201
85,155
86,191
87,248
88,218
89,199
90,173
91,167
92,159
93,237
94,169
95,199
96,142
97,148
98,206
99,228
100,205
101,239
102,210
103,224
104,123
105,144
106,194
107,197
108,185
109,165
110,212
111,204
112,220
113,58
114,210
115,181
116,116
117,171
118,212
119,210
120,201
121,121
122,210
123,230
124,201
125,181
126,183
127,202
128,182
129,117
130,183
131,201
132,221
133,69
134,202
135,178
136,128
137,222
138,190
139,213
140,156
141,223
142,105
143,190
144,204
145,174
146,196
147,208
148,133
149,222
150,125
151,158
152,182
153,163
154,156
155,234
156,246
157,95
158,219
159,201
160,202
161,183
162,151
163,156
164,222
165,232
166,181
167,217
168,164
169,235
170,217
171,162
172,157
173,239
174,159
175,178
176,185
177,128
178,171
179,194
180,186
181,179
182,82
183,106
184,190
185,181
186,192
187,218
188,150
189,193
190,91
191,241
192,186
193,132
194,163
195,212
196,169
197,225
198,246
199,183
200,154
201,219
202,225
203,192
204,179
205,198
206,194
207,201
208,214
209,221
210,168
211,211
212,217
213,216
214,204
215,212
216,211
217,117
218,184
219,212
220,208
221,185
222,243
223,170
224,210
225,223
226,169
227,240
228,224
229,216
230,112
231,206
232,145
233,143
234,149
235,84
236,202
237,130
238,177
239,235
240,170
241,158
242,235
243,211
244,187
245,226
246,204
247,89
248,225
249,181
250,176
251,164
252,201
253,139
254,190
255,185
256,220
257,164
258,209
259,239
260,229
261,145
262,159
263,200
264,158
265,201
266,144
267,188
268,189
269,212
270,235
271,113
272,107
273,161
274,118
275,223
276,188
277,183
278,181
279,162
280,112
281,226
282,119
283,168
284,179
285,117
286,138
287,173
288,214
289,186
290,214
291,232
292,227
293,203
294,189
295,237
296,174
297,181
298,200
299,221
300,198
301,181
302,219
303,178
304,208
305,237
306,235
307,185
308,212
309,194
310,230
311,149
312,186
313,134
314,165
315,158
316,178
317,228
318,178
319,96
320,145
321,141
322,212
323,233
324,227
325,204
326,216
327,239
328,232
329,146
330,166
331,196
332,245
333,210
334,231
335,194
336,176
337,208
338,171
339,211
340,245
341,122
342,112
343,181
344,130
345,165
346,176
347,159
348,247
349,162
350,249
351,202
352,134
353,106
354,218
355,203
356,207
357,161
358,211
359,177
360,159
361,180
362,195
363,137
364,151
365,201
366,90
367,206
368,236
369,200
370,221
371,202
372,232
373,162
374,168
375,138
376,167
377,168
378,171
379,190
380,185
381,168
382,50
383,164
384,230
385,137
386,135
387,236
388,141
389,240
390,192
391,205
392,228
393,136
394,131
395,241
396,232
397,226
398,241
399,140
400,182
401,171
402,244
403,244
404,206
405,138
406,108
407,183
408,204
409,229
410,241
411,233
412,212
413,128
414,140
415,217
416,237
417,249
418,194
419,193
420,193
421,85
422,185
423,157
424,214
425,224
426,133
427,226
428,206
429,165
430,242
431,235
432,102
433,230
434,187
435,150
436,179
437,216
438,220
439,206
440,151
441,227
442,175
443,151
444,200
445,104
446,190
447,198
448,229
449,211
450,216
451,182
452,251
453,145
454,231
455,191
456,220
457,232
458,213
459,201
460,231
461,123
462,194
463,231
464,242
465,146
466,145
467,190
468,216
469,245
470,157
471,234
472,159
473,119
474,189
475,178
476,242
477,188
478,191
479,245
480,198
481,156
482,203
483,211
484,125
485,226
486,131
487,233
488,249
489,122
490,221
491,243
492,139
493,221
494,130
495,251
496,228
497,233
498,181
499,177
500,233
501,238
502,234
503,241
504,169
505,208
506,229
507,193
508,223
509,208
510,131
511,220
512,217
513,151
514,170
515,244
516,232
517,182
518,237
519,226
520,227
521,159
522,159
523,236
524,192
525,241
526,191
527,173
528,219
529,209
530,229
531,223
532,174
533,225
534,221
535,201
536,230
537,132
538,236
539,207
540,188
541,173
542,149
543,206
544,236
545,178
546,159
547,233
548,210
549,208
550,128
551,205
552,185
553,170
554,247
555,204
556,168
557,216
558,158
559,234
560,229
561,247
562,169
563,227
564,158
565,220
566,168
567,226
568,228
569,211
570,216
571,224
572,208
573,194
574,241
575,180
576,223
577,238
578,204
579,242
580,227
581,245
582,219
583,171
584,204
585,161
586,194
587,203
588,213
589,239
590,221
591,170
592,214
593,153
594,170
595,166
596,205
597,239
598,157
599,169
600,153
601,241
602,114
603,114
604,163
605,230
606,158
607,176
608,192
609,133
610,151
611,202
612,197
613,97
614,234
615,146
616,111
617,182
618,238
619,207
620,89
621,202
622,230
623,187
624,184
625,208
626,198
627,227
628,231
629,162
630,216
631,230
632,137
633,159
634,210
635,217
636,237
637,186
638,158
639,125
640,207
641,185
642,243
643,193
644,211
645,167
646,241
647,191
648,217
649,80
650,147
651,216
652,208
653,227
654,198
655,218
656,172
657,213
658,193
659,223
660,148
661,211
662,201
663,185
664,202
665,196
666,234
667,214
668,156
669,215
670,151
671,173
672,200
673,190
674,241
675,208
676,203
677,172
678,157
679,160
680,227
681,160
682,173
683,210
684,223
685,215
686,161
687,233
688,216
689,192
690,117
691,218
692,117
693,246
694,238
695,191
696,133
697,192
698,141
699,162
700,169
701,237
702,232
703,244
704,161
705,202
706,115
707,182
708,159
709,246
710,166
711,229
712,140
713,234
714,171
715,144
716,170
717,249
718,199
719,106
720,213
721,193
722,163
723,142
724,197
725,108
726,198
727,110
728,140
729,219
730,213
731,132
732,181
733,189
734,236
735,188
736,218
737,193
738,198
739,70
740,201
741,223
742,143
743,244
744,232
745,120
746,213
747,157
748,168
749,203
750,98
751,207
752,203
753,195
754,206
755,213
756,208
757,217
758,243
759,141
760,190
761,252
762,247
763,232
764,228
765,218
766,238
767,169
768,224
769,196
770,240
771,104
772,204
773,193
774,139
775,243
776,199
777,239
778,220
779,242
780,178
781,230
782,130
783,204
784,168
785,202
786,103
787,193
788,138
789,222
790,198
791,112
792,117
793,206
794,230
795,112
796,139
797,245
798,143
799,136
800,234
801,161
802,191
803,237
804,244
805,163
806,168
807,206
808,215
809,195
810,218
811,212
812,195
813,175
814,205
815,208
816,136
817,170
818,234
819,206
820,194
821,188
822,234
823,203
824,201
825,189
826,229
827,166
828,245
829,210
830,215
831,199
832,158
833,228
834,170
835,195
836,194
837,179
838,248
839,230
840,127
841,134
842,177
843,214
844,172
845,143
846,176
847,241
848,205
849,223
850,207
851,15
852,121
853,169
854,186
855,155
856,209
857,244
858,162
859,225
860,218
861,173
862,205
863,171
864,186
865,228
866,227
867,244
868,241
869,244
870,190
871,222
872,215
873,198
874,190
875,219
876,185
877,199
878,214
879,182
880,106
881,205
882,201
883,190
884,195
885,167
886,221
887,245
888,155
889,241
890,203
891,104
892,109
893,215
894,208
895,182
896,180
897,84
898,200
899,209
900,177
901,152
902,208
903,198
904,228
905,158
906,221
907,165
908,179
909,179
910,149
911,228
912,135
913,214
914,136
915,241
916,208
917,169
918,184
919,82
920,210
921,163
922,177
923,195
924,210
925,199
926,156
927,206
928,179
929,213
930,147
931,130
932,191
933,231
934,204
935,194
936,206
937,231
938,203
939,145
940,193
941,219
942,185
943,194
944,215
945,174
946,190
947,164
948,206
949,181
950,161
951,168
952,221
953,237
954,214
955,243
956,200
957,207
958,187
959,75
960,207
961,238
962,111
963,217
964,185
965,148
966,140
967,194
968,180
969,223
970,222
971,190
972,201
973,72
974,207
975,177
976,211
977,114
978,215
979,242
980,209
981,203
982,184
983,176
984,180
985,235
986,199
987,232
988,238
989,182
990,241
991,151
992,184
993,221
994,222
995,215
996,187
997,237
998,153
999,222
1000,217
1001,167
1002,181
1003,245
1004,222
1005,237
1006,168
1007,211
1008,202
1009,203
1010,228
1011,198
1012,183
1013,214
1014,212
1015,229
1016,176
1017,217
1018,220
1019,246
1020,183
1021,246
1022,114
1023,180
1024,153
1025,227
1026,220
1027,102
1028,198
1029,192
1030,232
1031,166
1032,119
1033,175
1034,211
1035,201
1036,237
1037,208
1038,232
1039,191
1040,206
1041,146
1042,209
1043,180
1044,162
1045,226
1046,191
1047,158
1048,234
1049,145
1050,192
1051,206
1052,210
1053,190
1054,169
1055,193
1056,241
1057,212
1058,174
1059,211
1060,228
1061,191
1062,201
1063,187
1064,231
1065,210
1066,174
1067,236
1068,244
1069,208
1070,228
1071,197
1072,128
1073,226
1074,242
1075,192
1076,215
1077,212
1078,168
1079,187
1080,227
1081,164
1082,185
1083,155
1084,205
1085,215
1086,215
1087,156
1088,196
1089,189
1090,228
1091,190
1092,230
1093,191
1094,217
1095,235
1096,112
1097,218
1098,215
1099,228
1100,201
1101,227
1102,234
1103,221
1104,168
1105,224
1106,217
1107,157
1108,225
1109,220
1110,215
1111,170
1112,169
1113,224
1114,229
1115,167
1116,233
1117,191
1118,199
1119,163
1120,227
1121,198
1122,164
1123,143
1124,178
1125,181
1126,245
1127,222
1128,189
1129,209
1130,191
1131,235
1132,186
1133,240
1134,174
1135,189
1136,227
1137,222
1138,250
1139,197
1140,248
1141,197
1142,206
1143,118
1144,139
1145,172
1146,109
1147,249
1148,178
1149,219
1150,81
1151,228
1152,193
1153,179
1154,181
1155,190
1156,194
1157,217
1158,213
1159,225
1160,182
1161,231
1162,135
1163,248
1164,160
1165,241
1166,189
1167,225
1168,244
1169,215
1170,187
1171,191
1172,229
1173,194
1174,240
1175,248
1176,219
1177,199
1178,247
1179,146
1180,178
1181,181
1182,156
1183,155
1184,227
1185,242
1186,224
1187,199
1188,100
1189,216
1190,222
1191,127
1192,247
1193,217
1194,231
1195,245
1196,202
1197,193
1198,177
1199,234
1200,190
1201,244
1202,148
1203,215
1204,171
1205,165
1206,164
1207,172
1208,142
1209,204
1210,164
1211,216
1212,215
1213,186
1214,86
1215,103
1216,128
1217,160
1218,123
1219,250
1220,205
1221,205
1222,45
1223,119
1224,191
1225,20
1226,236
1227,109
1228,170
1229,241
1230,130
1231,12
1232,139
1233,173
1234,150
1235,186
1236,194
1237,157
1238,141
1239,209
1240,187
1241,182
1242,131
1243,217
1244,230
1245,248
1246,215
1247,157
1248,238
1249,180
1250,232
1251,165
1252,182
1253,193
1254,70
1255,88
1256,181
1257,237
1258,154
1259,137
1260,160
1261,218
1262,51
1263,245
1264,182
1265,169
1266,95
1267,115
1268,239
1269,192
1270,238
1271,197
1272,192
1273,221
1274,245
1275,233
1276,185
1277,58
1278,211
1279,250
1280,164
1281,88
1282,231
1283,150
1284,135
1285,48
1286,160
1287,0
1288,159
1289,143
1290,235
1291,228
1292,123
1293,179
1294,132
1295,170
1296,237
1297,88
1298,169
1299,106
1300,245
1301,182
1302,237
1303,162
1304,179
1305,231
1306,217
1307,226
1308,81
1309,185
1310,143
1311,180
1312,126
1313,226
1314,226
1315,220
1316,87
1317,193
1318,132
1319,211
1320,109
1321,104
1322,152
1323,239
1324,84
1325,166
1326,113
1327,100
1328,154
1329,226
1330,190
1331,120
1332,96
1333,173
1334,198
1335,112
1336,92
1337,179
1338,0
1339,212
1340,47
1341,214
1342,216
1343,203
1344,112
1345,89
1346,246
1347,126
1348,214
1349,180
1350,228
1351,0
1352,176
1353,20
1354,224
1355,122
1356,220
1357,209
1358,163
1359,128
1360,218
1361,125
1362,164
1363,83
1364,242
1365,238
1366,166
1367,203
1368,149
1369,138
1370,227
1371,194
1372,54
1373,169
1374,239
1375,248
1376,162
1377,202
1378,172
1379,234
1380,201
1381,120
1382,217
1383,232
1384,231
1385,135
1386,237
1387,216
1388,87
1389,48
1390,42
1391,219
1392,172
1393,188
1394,192
1395,64
1396,134
1397,111
1398,192
1399,194
1400,188
1401,211
1402,115
1403,204
1404,233
1405,149
1406,206
1407,82
1408,154
1409,212
1410,183
1411,197
1412,220
1413,210
1414,230
1415,131
1416,177
1417,159
1418,245
1419,182
1420,173
1421,220
1422,244
1423,143
1424,168
1425,237
1426,83
1427,124
1428,222
1429,228
1430,61
1431,190
1432,214
1433,144
1434,141
1435,240
1436,162
1437,152
1438,235
1439,241
1440,232
1441,137
1442,149
1443,241
1444,194
1445,231
1446,123
1447,145
1448,189
1449,115
1450,54
1451,181
1452,203
1453,152
1454,236
1455,246
1456,190
1457,75
1458,186
1459,168
1460,197
1461,217
1462,97
1463,151
1464,81
1465,206
1466,220
1467,225
1468,219
1469,174
1470,134
1471,194
1472,154
1473,155
1474,208
1475,206
1476,213
1477,155
1478,219
1479,156
1480,173
1481,154
1482,235
1483,224
1484,224
1485,86
1486,247
1487,114
1488,240
1489,224
1490,196
1491,88
1492,228
1493,222
1494,251
1495,232
1496,249
1497,232
1498,218
1499,156
1500,144
1501,186
1502,209
1503,167
1504,110
1505,167
1506,99
1507,72
1508,196
1509,198
1510,134
1511,192
1512,176
1513,112
1514,137
1515,232
1516,200
1517,215
1518,223
1519,122
1520,188
1521,238
1522,191
1523,67
1524,155
1525,219
1526,191
1527,207
1528,201
1529,226
1530,155
1531,119
1532,183
1533,242
1534,165
1535,126
1536,135
1537,169
1538,157
1539,221
1540,194
1541,238
1542,48
1543,221
1544,143
1545,106
1546,193
1547,164
1548,71
1549,167
1550,84
1551,96
1552,179
1553,187
1554,187
1555,167
1556,130
1557,199
1558,169
1559,143
1560,234
1561,129
1562,242
1563,169
1564,157
1565,147
1566,125
1567,181
1568,238
1569,84
1570,183
1571,192
1572,244
1573,237
1574,183
1575,242
1576,156
1577,101
1578,91
1579,230
1580,211
1581,140
1582,112
1583,230
1584,194
1585,210
1586,217
1587,151
1588,208
1589,133
1590,236
1591,227
1592,212
1593,203
1594,205
1595,72
1596,168
1597,143
1598,97
1599,125
1600,220
1601,196
1602,163
1603,180
1604,238
1605,218
1606,212
1607,165
1608,233
1609,176
1610,251
1611,147
1612,173
1613,225
1614,170
1615,148
1616,235
1617,189
1618,179
1619,180
1620,130
1621,222
1622,236
1623,172
1624,204
1625,194
1626,120
1627,116
1628,235
1629,133
1630,181
1631,225
1632,205
1633,206
1634,193
1635,231
1636,198
1637,233
1638,64
1639,211
1640,209
1641,182
1642,149
1643,187
1644,229
1645,212
1646,216
1647,253
1648,254
1649,248
1650,222
1651,246
1652,190
1653,146
1654,138
1655,248
1656,207
1657,183
1658,248
1659,218
1660,226
1661,175
1662,192
1663,215
1664,154
1665,248
1666,180
1667,193
1668,141
1669,162
1670,204
1671,201
1672,249
1673,255
1674,222
1675,246
1676,220
1677,233
1678,194
1679,128
1680,226
1681,156
1682,225
1683,192
1684,173
1685,238
1686,181
1687,227
1688,238
1689,146
1690,113
1691,155
1692,217
1693,190
1694,130
1695,157
1696,201
1697,29
1698,224
1699,245
1700,137
1701,225
1702,145
1703,233
1704,222
1705,185
1706,217
1707,145
1708,198
1709,231
1710,200
1711,224
1712,165
1713,140
1714,42
1715,212
1716,229
1717,207
1718,110
1719,223
1720,157
1721,158
1722,175
1723,94
1724,60
1725,181
1726,239
1727,182
1728,186
1729,139
1730,114
1731,225
1732,160
1733,218
1734,153
1735,200
1736,156
1737,122
1738,203
1739,225
1740,115
1741,129
1742,157
1743,231
1744,250
1745,172
1746,171
1747,111
1748,193
1749,188
1750,70
1751,140
1752,124
1753,122
1754,191
1755,210
1756,227
1757,172
1758,221
1759,190
1760,114
1761,37
1762,222
1763,165
1764,223
1765,141
1766,140
1767,186
1768,238
1769,166
1770,205
1771,139
1772,138
1773,164
1774,125
1775,245
1776,243
1777,184
1778,129
1779,181
1780,213
1781,202
1782,24
1783,45
1784,202
1785,154
1786,123
1787,225
1788,209
1789,127
1790,238
1791,247
1792,198
1793,74
1794,202
1795,234
1796,180
1797,200
1798,222
1799,229
1800,177
1801,227
1802,231
1803,109
1804,228
1805,217
1806,180
1807,205
1808,200
1809,222
1810,198
1811,211
1812,169
1813,246
1814,163
1815,178
1816,202
1817,176
1818,167
1819,75
1820,145
1821,194
1822,190
1823,159
1824,217
1825,156
1826,136
1827,208
1828,202
1829,232
1830,224
1831,231
1832,215
1833,168
1834,127
1835,214
1836,167
1837,148
1838,239
1839,210
1840,234
1841,241
1842,214
1843,160
1844,165
1845,133
1846,86
1847,159
1848,228
1849,125
1850,175
1851,203
1852,210
1853,182
1854,192
1855,149
1856,184
1857,240
1858,193
1859,211
1860,225
1861,142
1862,156
1863,232
1864,246
1865,116
1866,171
1867,244
1868,92
1869,249
1870,228
1871,214
1872,194
1873,206
1874,218
1875,220
1876,156
1877,152
1878,201
1879,153
1880,236
1881,170
1882,247
1883,220
1884,164
1885,219
1886,205
1887,132
1888,172
1889,171
1890,234
1891,120
1892,252
1893,237
1894,206
1895,244
1896,113
1897,195
1898,200
1899,172
1900,108
1901,231
1902,125
1903,199
1904,167
1905,197
1906,82
1907,189
1908,229
1909,153
1910,175
1911,247
1912,174
1913,83
1914,104
1915,241
1916,240
1917,238
1918,236
1919,110
1920,201
1921,194
1922,249
1923,206
1924,109
1925,164
1926,190
1927,116
1928,89
1929,176
1930,103
1931,70
1932,247
1933,137
1934,65
1935,254
1936,202
1937,174
1938,194
1939,129
1940,109
1941,243
1942,242
1943,184
1944,126
1945,123
1946,220
1947,216
1948,230
1949,225
1950,203
1951,200
1952,218
1953,199
1954,169
1955,92
1956,221
1957,177
1958,205
1959,214
1960,220
1961,165
1962,82
1963,145
1964,91
1965,225
1966,229
1967,195
1968,207
1969,247
1970,129
1971,193
1972,236
1973,101
1974,201
1975,200
1976,164
1977,188
1978,194
1979,176
1980,171
1981,239
1982,234
1983,221
1984,182
1985,210
1986,210
1987,253
1988,226
1989,238
1990,151
1991,111
1992,241
1993,225
1994,163
1995,232
1996,76
1997,144
1998,230
1999,202
2000,159
2001,32
2002,165
2003,54
2004,201
2005,161
2006,207
2007,244
2008,44
2009,47
2010,247
2011,96
2012,229
2013,219
2014,154
2015,168
2016,156
2017,249
2018,194
2019,221
2020,242
2021,172
2022,200
2023,247
2024,202
2025,99
2026,217
2027,203
2028,153
2029,70
2030,223
2031,211
2032,21
2033,224
2034,131
2035,193
2036,228
2037,159
2038,241
2039,166
2040,202
2041,135
2042,187
2043,239
2044,160
2045,24
2046,231
2047,86
2048,20
2049,157
2050,204
2051,104
2052,113
2053,158
2054,244
2055,236
2056,6
2057,111
2058,201
2059,229
2060,176
2061,173
2062,151
2063,146
2064,193
2065,184
2066,229
2067,107
2068,163
2069,122
2070,206
2071,243
2072,109
2073,213
2074,215
2075,222
2076,226
2077,196
2078,177
2079,139
2080,217
2081,172
2082,135
2083,197
2084,221
2085,141
2086,189
2087,194
2088,243
2089,230
2090,187
2091,67
2092,237
2093,122
2094,182
2095,234
2096,164
2097,178
2098,164
2099,145
2100,93
2101,187
2102,179
2103,166
2104,213
2105,201
2106,198
2107,156
2108,194
2109,161
2110,237
2111,26
2112,176
2113,0
2114,58
2115,217
2116,56
2117,167
2118,169
2119,232
2120,199
2121,224
2122,169
2123,137
2124,245
2125,88
2126,164
2127,238
2128,224
2129,98
2130,134
2131,233
2132,56
2133,223
2134,159
2135,0
2136,208
2137,120
2138,170
2139,96
2140,80
2141,129
2142,180
2143,217
2144,176
2145,198
2146,19
2147,239
2148,84
2149,115
2150,156
2151,198
2152,74
2153,180
2154,209
2155,198
2156,193
2157,189
2158,225
2159,198
2160,150
2161,156
2162,179
2163,159
2164,161
2165,230
2166,161
2167,0
2168,63
2169,239
2170,236
2171,75
2172,220
2173,177
2174,208
2175,220
2176,169
2177,226
2178,161
2179,238
2180,118
2181,236
2182,0
2183,185
2184,116
2185,225
2186,76
2187,229
2188,232
2189,95
2190,204
2191,0
2192,207
2193,111
2194,207
2195,70
2196,200
2197,62
2198,223
2199,168
2200,202
2201,61
2202,224
2203,159
2204,116
2205,233
2206,115
2207,156
2208,166
2209,91
2210,141
2211,179
2212,125
2213,70
2214,163
2215,221
2216,223
2217,154
2218,61
2219,128
2220,195
2221,142
2222,222
2223,216
2224,135
2225,182
2226,210
2227,126
2228,184
2229,207
2230,248
2231,92
2232,158
2233,227
2234,224
2235,182
2236,136
2237,158
2238,174
2239,201
2240,152
2241,242
2242,189
2243,215
2244,243
2245,213
2246,182
2247,182
2248,31
2249,128
2250,159
2251,194
2252,220
2253,165
2254,142
2255,186
2256,171
2257,55
2258,193
2259,128
2260,179
2261,202
2262,208
2263,199
2264,235
2265,183
2266,160
2267,219
2268,230
2269,74
2270,31
2271,233
2272,157
2273,212
2274,185
2275,227
2276,152
2277,94
2278,0
2279,116
2280,186
2281,176
2282,175
2283,163
2284,52
2285,248
2286,112
2287,209
2288,245
2289,203
2290,170
2291,214
2292,34
2293,169
2294,119
2295,242
2296,169
2297,189
2298,228
2299,116
2300,199
2301,173
2302,203
2303,238
2304,174
2305,141
2306,0
2307,0
2308,217
2309,191
2310,211
2311,160
2312,222
2313,226
2314,138
2315,130
2316,100
2317,112
2318,251
2319,120
2320,237
2321,223
2322,152
2323,202
2324,194
2325,217
2326,126
2327,238
2328,153
2329,242
2330,86
2331,166
2332,205
2333,201
2334,184
2335,227
2336,106
2337,125
2338,208
2339,166
2340,220
2341,197
2342,117
2343,161
2344,213
2345,219
2346,135
2347,199
2348,215
2349,218
2350,182
2351,124
2352,214
2353,191
2354,188
2355,177
2356,182
2357,162
2358,217
2359,186
2360,184
2361,120
2362,204
2363,108
2364,226
2365,157
2366,242
2367,112
2368,224
2369,225
2370,202
2371,100
2372,239
2373,191
2374,100
2375,110
2376,219
2377,106
2378,92
2379,241
2380,156
2381,159
2382,161
2383,216
2384,0
2385,139
2386,230
2387,217
2388,153
2389,111
2390,208
2391,207
2392,143
2393,159
2394,114
2395,157
2396,221
2397,157
2398,206
2399,214
