0,16
1,242
2,231
3,182
4,211
5,150
6,189
7,58
8,190
9,130
10,146
11,194
12,229
13,232
14,251
15,154
16,147
17,220
18,182
19,71
20,107
21,169
22,158
23,196
24,2
25,125
26,183
27,141
28,107
29,227
30,226
31,150
32,162
33,170
34,118
35,24
36,233
37,183
38,226
39,243
40,144
41,223
42,165
43,71
44,166
45,242
46,213
47,211
48,165
49,106
50,169
51,150
52,242
53,243
54,205
55,166
56,186
57,149
58,174
59,132
60,71
61,173
62,140
63,192
64,209
65,121
66,219
67,134
68,139
69,136
70,135
71,202
72,207
73,208
74,160
75,120
76,140
77,126
78,174
79,215
80,214
81,157
82,190
83,194
84,189
85,136
86,203
87,248
88,215
89,201
90,157
91,143
92,101
93,237
94,131
95,182
96,125
97,144
98,203
99,221
100,166
101,238
102,208
103,229
104,175
105,145
106,193
107,169
108,153
109,101
110,227
111,197
112,217
113,33
114,217
115,187
116,63
117,145
118,214
119,178
120,193
121,5
122,196
123,230
124,195
125,158
126,177
127,191
128,168
129,86
130,194
131,209
132,215
133,68
134,198
135,144
136,73
137,220
138,192
139,210
140,122
141,219
142,94
143,176
144,202
145,180
146,187
147,207
148,134
149,213
150,134
151,133
152,140
153,166
154,159
155,226
156,242
157,144
158,200
159,188
160,204
161,170
162,90
163,144
164,228
165,236
166,192
167,214
168,172
169,225
170,195
171,174
172,152
173,241
174,153
175,140
176,190
177,92
178,144
179,200
180,183
181,160
182,88
183,100
184,189
185,161
186,149
187,223
188,60
189,173
190,102
191,241
192,188
193,138
194,127
195,206
196,152
197,217
198,241
199,166
200,139
201,219
202,218
203,187
204,161
205,177
206,178
207,186
208,208
209,219
210,139
211,210
212,202
213,220
214,196
215,197
216,197
217,69
218,176
219,207
220,212
221,186
222,243
223,164
224,191
225,221
226,190
227,241
228,210
229,210
230,126
231,205
232,118
233,149
234,131
235,109
236,179
237,111
238,170
239,233
240,150
241,145
242,235
243,212
244,164
245,229
246,198
247,61
248,220
249,172
250,183
251,184
252,176
253,112
254,196
255,188
256,221
257,156
258,187
259,237
260,223
261,111
262,202
263,196
264,125
265,193
266,126
267,188
268,190
269,207
270,238
271,89
272,124
273,159
274,75
275,218
276,163
277,172
278,174
279,156
280,112
281,226
282,138
283,162
284,184
285,85
286,138
287,116
288,193
289,175
290,205
291,232
292,230
293,207
294,206
295,237
296,190
297,184
298,197
299,211
300,201
301,153
302,214
303,174
304,205
305,236
306,238
307,130
308,209
309,176
310,223
311,105
312,179
313,124
314,158
315,170
316,186
317,227
318,177
319,106
320,165
321,138
322,210
323,226
324,224
325,164
326,212
327,239
328,232
329,172
330,154
331,187
332,246
333,216
334,221
335,195
336,151
337,210
338,164
339,200
340,244
341,155
342,77
343,140
344,104
345,146
346,165
347,160
348,247
349,139
350,250
351,192
352,138
353,108
354,197
355,203
356,191
357,162
358,208
359,169
360,121
361,170
362,188
363,149
364,134
365,211
366,104
367,204
368,234
369,173
370,216
371,195
372,239
373,126
374,99
375,155
376,173
377,175
378,142
379,200
380,164
381,146
382,117
383,142
384,224
385,149
386,82
387,220
388,112
389,239
390,165
391,184
392,232
393,93
394,149
395,240
396,230
397,220
398,243
399,93
400,163
401,117
402,240
403,245
404,199
405,112
406,98
407,138
408,200
409,224
410,240
411,231
412,211
413,142
414,130
415,200
416,237
417,249
418,151
419,180
420,154
421,127
422,155
423,137
424,202
425,232
426,121
427,224
428,191
429,151
430,242
431,220
432,98
433,224
434,157
435,114
436,195
437,203
438,202
439,180
440,148
441,225
442,123
443,64
444,189
445,114
446,192
447,186
448,226
449,211
450,203
451,148
452,247
453,145
454,227
455,169
456,216
457,223
458,210
459,200
460,235
461,131
462,166
463,230
464,243
465,120
466,109
467,185
468,204
469,246
470,139
471,234
472,163
473,113
474,170
475,157
476,239
477,193
478,118
479,245
480,186
481,138
482,196
483,205
484,84
485,230
486,116
487,224
488,248
489,108
490,219
491,242
492,130
493,207
494,104
495,251
496,223
497,234
498,151
499,167
500,217
501,238
502,235
503,235
504,169
505,186
506,188
507,191
508,201
509,205
510,126
511,220
512,212
513,123
514,156
515,244
516,233
517,155
518,229
519,230
520,217
521,156
522,152
523,243
524,180
525,240
526,191
527,167
528,201
529,211
530,238
531,223
532,160
533,220
534,218
535,190
536,232
537,140
538,240
539,201
540,172
541,174
542,122
543,191
544,225
545,186
546,148
547,235
548,215
549,174
550,149
551,171
552,179
553,165
554,246
555,208
556,150
557,201
558,136
559,234
560,228
561,246
562,159
563,227
564,145
565,222
566,114
567,222
568,221
569,205
570,204
571,229
572,186
573,190
574,242
575,147
576,222
577,242
578,190
579,242
580,219
581,245
582,208
583,144
584,184
585,158
586,190
587,196
588,194
589,233
590,211
591,143
592,188
593,158
594,142
595,159
596,208
597,237
598,144
599,134
600,139
601,240
602,123
603,107
604,139
605,232
606,147
607,168
608,198
609,119
610,127
611,184
612,191
613,111
614,226
615,128
616,26
617,168
618,235
619,170
620,86
621,192
622,230
623,177
624,132
625,202
626,171
627,215
628,227
629,104
630,219
631,222
632,108
633,157
634,201
635,213
636,235
637,178
638,184
639,138
640,213
641,170
642,242
643,175
644,186
645,139
646,242
647,180
648,198
649,97
650,126
651,208
652,205
653,222
654,200
655,214
656,130
657,202
658,198
659,217
660,150
661,220
662,175
663,179
664,192
665,195
666,230
667,215
668,134
669,213
670,127
671,144
672,188
673,180
674,243
675,213
676,206
677,166
678,145
679,126
680,217
681,143
682,145
683,212
684,218
685,207
686,150
687,229
688,209
689,189
690,101
691,215
692,48
693,247
694,239
695,170
696,135
697,182
698,138
699,154
700,125
701,237
702,235
703,244
704,109
705,215
706,52
707,182
708,136
709,244
710,172
711,229
712,115
713,231
714,174
715,136
716,156
717,248
718,193
719,85
720,206
721,192
722,172
723,103
724,204
725,111
726,190
727,55
728,113
729,204
730,207
731,120
732,181
733,175
734,236
735,192
736,223
737,152
738,187
739,70
740,186
741,222
742,104
743,243
744,226
745,109
746,204
747,129
748,161
749,206
750,93
751,192
752,208
753,200
754,211
755,228
756,202
757,219
758,239
759,137
760,199
761,252
762,246
763,221
764,224
765,219
766,240
767,160
768,205
769,192
770,241
771,105
772,244
773,189
774,137
775,239
776,189
777,242
778,215
779,243
780,184
781,226
782,117
783,191
784,148
785,187
786,108
787,188
788,107
789,221
790,193
791,120
792,131
793,208
794,235
795,108
796,112
797,242
798,100
799,122
800,234
801,155
802,183
803,236
804,245
805,144
806,114
807,202
808,217
809,208
810,208
811,208
812,182
813,146
814,212
815,198
816,132
817,179
818,230
819,201
820,175
821,169
822,228
823,206
824,195
825,182
826,226
827,132
828,246
829,211
830,210
831,205
832,128
833,223
834,165
835,159
836,192
837,167
838,248
839,231
840,52
841,143
842,176
843,215
844,150
845,128
846,148
847,240
848,200
849,221
850,209
851,5
852,115
853,158
854,185
855,129
856,198
857,245
858,142
859,224
860,217
861,153
862,198
863,174
864,188
865,230
866,228
867,241
868,242
869,246
870,169
871,214
872,221
873,176
874,173
875,225
876,173
877,193
878,173
879,185
880,116
881,192
882,220
883,161
884,182
885,139
886,226
887,245
888,181
889,240
890,197
891,98
892,120
893,200
894,176
895,170
896,174
897,72
898,195
899,207
900,190
901,135
902,206
903,168
904,229
905,134
906,207
907,153
908,181
909,162
910,148
911,220
912,112
913,217
914,152
915,241
916,192
917,180
918,188
919,76
920,177
921,152
922,145
923,180
924,193
925,166
926,187
927,200
928,142
929,212
930,126
931,134
932,167
933,213
934,199
935,160
936,183
937,226
938,201
939,115
940,172
941,219
942,165
943,165
944,224
945,141
946,179
947,134
948,199
949,158
950,123
951,139
952,222
953,241
954,197
955,243
956,205
957,211
958,162
959,130
960,189
961,234
962,103
963,226
964,197
965,107
966,125
967,189
968,135
969,222
970,229
971,168
972,171
973,105
974,180
975,140
976,203
977,136
978,216
979,240
980,207
981,198
982,170
983,172
984,167
985,237
986,193
987,224
988,241
989,119
990,243
991,166
992,169
993,206
994,215
995,198
996,163
997,238
998,160
999,212
1000,213
1001,141
1002,173
1003,245
1004,218
1005,234
1006,188
1007,198
1008,185
1009,184
1010,233
1011,196
1012,176
1013,203
1014,202
1015,226
1016,211
1017,206
1018,220
1019,245
1020,198
1021,247
1022,166
1023,167
1024,152
1025,225
1026,213
1027,92
1028,195
1029,196
1030,231
1031,170
1032,144
1033,159
1034,204
1035,195
1036,236
1037,176
1038,227
1039,163
1040,197
1041,142
1042,199
1043,163
1044,159
1045,228
1046,188
1047,159
1048,232
1049,135
1050,169
1051,192
1052,216
1053,200
1054,148
1055,207
1056,243
1057,209
1058,168
1059,214
1060,232
1061,167
1062,199
1063,173
1064,230
1065,214
1066,186
1067,228
1068,244
1069,204
1070,230
1071,193
1072,161
1073,224
1074,242
1075,194
1076,214
1077,196
1078,172
1079,181
1080,231
1081,157
1082,189
1083,132
1084,213
1085,228
1086,210
1087,122
1088,207
1089,152
1090,218
1091,180
1092,205
1093,179
1094,214
1095,239
1096,125
1097,217
1098,209
1099,214
1100,198
1101,228
1102,237
1103,227
1104,169
1105,221
1106,213
1107,137
1108,229
1109,219
1110,180
1111,164
1112,162
1113,224
1114,227
1115,178
1116,227
1117,165
1118,191
1119,141
1120,225
1121,207
1122,172
1123,145
1124,164
1125,152
1126,247
1127,222
1128,184
1129,210
1130,177
1131,241
1132,174
1133,238
1134,157
1135,187
1136,221
1137,199
1138,249
1139,196
1140,247
1141,199
1142,215
1143,102
1144,99
1145,153
1146,49
1147,250
1148,165
1149,202
1150,94
1151,231
1152,194
1153,198
1154,178
1155,191
1156,193
1157,212
1158,214
1159,234
1160,174
1161,238
1162,116
1163,248
1164,174
1165,241
1166,182
1167,217
1168,240
1169,213
1170,179
1171,185
1172,210
1173,184
1174,239
1175,248
1176,219
1177,203
1178,246
1179,131
1180,148
1181,126
1182,141
1183,158
1184,217
1185,245
1186,216
1187,210
1188,111
1189,206
1190,218
1191,148
1192,248
1193,210
1194,231
1195,248
1196,204
1197,184
1198,166
1199,235
1200,165
1201,248
1202,161
1203,207
1204,200
1205,184
1206,130
1207,168
1208,145
1209,206
1210,187
1211,214
1212,215
1213,206
1214,83
1215,185
1216,113
1217,206
1218,153
1219,249
1220,207
1221,209
1222,106
1223,121
1224,188
1225,74
1226,241
1227,126
1228,171
1229,242
1230,103
1231,57
1232,148
1233,191
1234,147
1235,176
1236,186
1237,167
1238,163
1239,218
1240,183
1241,152
1242,132
1243,221
1244,232
1245,249
1246,233
1247,136
1248,241
1249,182
1250,236
1251,195
1252,191
1253,189
1254,119
1255,109
1256,159
1257,242
1258,166
1259,124
1260,159
1261,223
1262,111
1263,247
1264,179
1265,163
1266,88
1267,115
1268,241
1269,207
1270,241
1271,197
1272,193
1273,227
1274,245
1275,234
1276,153
1277,108
1278,212
1279,251
1280,199
1281,175
1282,235
1283,159
1284,168
1285,60
1286,185
1287,0
1288,172
1289,202
1290,235
1291,224
1292,105
1293,198
1294,120
1295,154
1296,242
1297,90
1298,178
1299,111
1300,247
1301,156
1302,240
1303,162
1304,200
1305,232
1306,224
1307,224
1308,128
1309,180
1310,145
1311,171
1312,117
1313,207
1314,235
1315,223
1316,88
1317,187
1318,137
1319,215
1320,139
1321,160
1322,176
1323,242
1324,87
1325,158
1326,161
1327,113
1328,131
1329,215
1330,191
1331,109
1332,140
1333,161
1334,168
1335,156
1336,89
1337,141
1338,62
1339,211
1340,107
1341,179
1342,221
1343,208
1344,128
1345,98
1346,247
1347,131
1348,224
1349,193
1350,241
1351,66
1352,195
1353,42
1354,220
1355,96
1356,235
1357,218
1358,164
1359,165
1360,224
1361,130
1362,175
1363,69
1364,242
1365,243
1366,180
1367,170
1368,160
1369,126
1370,221
1371,207
1372,120
1373,145
1374,243
1375,248
1376,152
1377,198
1378,167
1379,227
1380,208
1381,134
1382,216
1383,234
1384,229
1385,149
1386,240
1387,222
1388,57
1389,49
1390,90
1391,218
1392,171
1393,199
1394,204
1395,105
1396,150
1397,101
1398,188
1399,180
1400,197
1401,205
1402,142
1403,214
1404,232
1405,148
1406,197
1407,115
1408,144
1409,223
1410,183
1411,213
1412,221
1413,208
1414,238
1415,115
1416,170
1417,149
1418,235
1419,196
1420,172
1421,223
1422,246
1423,118
1424,139
1425,242
1426,54
1427,121
1428,224
1429,235
1430,72
1431,207
1432,208
1433,117
1434,156
1435,243
1436,153
1437,164
1438,236
1439,244
1440,234
1441,102
1442,158
1443,243
1444,186
1445,221
1446,168
1447,159
1448,188
1449,109
1450,98
1451,183
1452,200
1453,111
1454,236
1455,247
1456,176
1457,93
1458,174
1459,166
1460,203
1461,226
1462,123
1463,168
1464,75
1465,186
1466,212
1467,223
1468,229
1469,176
1470,138
1471,205
1472,144
1473,159
1474,203
1475,211
1476,193
1477,112
1478,216
1479,174
1480,191
1481,151
1482,228
1483,230
1484,225
1485,141
1486,247
1487,186
1488,245
1489,226
1490,191
1491,68
1492,232
1493,207
1494,252
1495,236
1496,248
1497,226
1498,229
1499,167
1500,146
1501,198
1502,187
1503,167
1504,180
1505,163
1506,156
1507,105
1508,189
1509,190
1510,128
1511,200
1512,148
1513,118
1514,159
1515,234
1516,210
1517,208
1518,219
1519,114
1520,201
1521,237
1522,178
1523,95
1524,157
1525,221
1526,195
1527,213
1528,196
1529,232
1530,164
1531,111
1532,157
1533,241
1534,137
1535,125
1536,136
1537,185
1538,153
1539,232
1540,194
1541,235
1542,65
1543,218
1544,146
1545,110
1546,180
1547,164
1548,55
1549,186
1550,38
1551,137
1552,178
1553,191
1554,208
1555,158
1556,127
1557,221
1558,193
1559,143
1560,234
1561,137
1562,245
1563,181
1564,161
1565,188
1566,144
1567,169
1568,240
1569,143
1570,184
1571,191
1572,243
1573,237
1574,227
1575,248
1576,141
1577,146
1578,93
1579,234
1580,206
1581,167
1582,112
1583,232
1584,185
1585,196
1586,208
1587,163
1588,204
1589,129
1590,233
1591,214
1592,213
1593,207
1594,193
1595,58
1596,150
1597,148
1598,126
1599,154
1600,221
1601,209
1602,144
1603,171
1604,240
1605,218
1606,194
1607,164
1608,230
1609,198
1610,252
1611,157
1612,212
1613,223
1614,194
1615,160
1616,235
1617,190
1618,170
1619,167
1620,151
1621,210
1622,240
1623,177
1624,224
1625,200
1626,147
1627,96
1628,230
1629,161
1630,171
1631,227
1632,202
1633,198
1634,192
1635,235
1636,196
1637,233
1638,86
1639,212
1640,221
1641,216
1642,220
1643,187
1644,224
1645,214
1646,227
1647,254
1648,254
1649,251
1650,238
1651,243
1652,172
1653,140
1654,158
1655,249
1656,194
1657,181
1658,249
1659,232
1660,232
1661,165
1662,195
1663,218
1664,165
1665,249
1666,165
1667,192
1668,98
1669,162
1670,206
1671,198
1672,250
1673,255
1674,204
1675,245
1676,221
1677,234
1678,183
1679,148
1680,227
1681,163
1682,233
1683,226
1684,177
1685,238
1686,170
1687,234
1688,244
1689,154
1690,117
1691,150
1692,226
1693,173
1694,143
1695,189
1696,184
1697,30
1698,221
1699,249
1700,157
1701,215
1702,138
1703,229
1704,235
1705,195
1706,231
1707,146
1708,193
1709,231
1710,203
1711,231
1712,129
1713,135
1714,60
1715,226
1716,231
1717,195
1718,73
1719,219
1720,170
1721,148
1722,204
1723,45
1724,140
1725,184
1726,239
1727,179
1728,183
1729,146
1730,150
1731,227
1732,155
1733,214
1734,149
1735,201
1736,138
1737,198
1738,182
1739,228
1740,91
1741,134
1742,160
1743,233
1744,250
1745,164
1746,152
1747,130
1748,165
1749,184
1750,92
1751,137
1752,154
1753,114
1754,190
1755,214
1756,227
1757,150
1758,235
1759,199
1760,117
1761,64
1762,226
1763,189
1764,217
1765,158
1766,185
1767,168
1768,233
1769,167
1770,214
1771,155
1772,145
1773,150
1774,114
1775,245
1776,244
1777,168
1778,110
1779,176
1780,212
1781,199
1782,106
1783,44
1784,192
1785,182
1786,109
1787,238
1788,206
1789,121
1790,239
1791,245
1792,196
1793,109
1794,200
1795,238
1796,154
1797,182
1798,223
1799,227
1800,181
1801,227
1802,227
1803,136
1804,228
1805,220
1806,189
1807,195
1808,210
1809,227
1810,198
1811,205
1812,170
1813,249
1814,168
1815,170
1816,195
1817,182
1818,166
1819,83
1820,146
1821,199
1822,207
1823,128
1824,219
1825,170
1826,161
1827,194
1828,202
1829,236
1830,231
1831,233
1832,211
1833,162
1834,82
1835,209
1836,189
1837,150
1838,242
1839,216
1840,237
1841,226
1842,216
1843,149
1844,156
1845,145
1846,86
1847,161
1848,223
1849,116
1850,177
1851,205
1852,217
1853,169
1854,186
1855,163
1856,185
1857,242
1858,198
1859,214
1860,230
1861,117
1862,170
1863,237
1864,247
1865,123
1866,208
1867,246
1868,117
1869,249
1870,239
1871,217
1872,191
1873,221
1874,228
1875,232
1876,162
1877,158
1878,200
1879,175
1880,244
1881,162
1882,247
1883,219
1884,162
1885,215
1886,197
1887,131
1888,174
1889,177
1890,238
1891,105
1892,252
1893,240
1894,203
1895,247
1896,83
1897,192
1898,191
1899,154
1900,96
1901,232
1902,184
1903,199
1904,172
1905,198
1906,72
1907,147
1908,239
1909,143
1910,170
1911,248
1912,202
1913,145
1914,118
1915,241
1916,243
1917,242
1918,232
1919,124
1920,195
1921,183
1922,250
1923,200
1924,94
1925,183
1926,210
1927,146
1928,128
1929,169
1930,65
1931,110
1932,247
1933,170
1934,166
1935,254
1936,205
1937,186
1938,189
1939,167
1940,104
1941,242
1942,249
1943,187
1944,108
1945,156
1946,213
1947,226
1948,231
1949,230
1950,194
1951,201
1952,208
1953,199
1954,156
1955,142
1956,217
1957,183
1958,209
1959,205
1960,224
1961,160
1962,98
1963,163
1964,90
1965,219
1966,234
1967,191
1968,206
1969,247
1970,126
1971,179
1972,235
1973,132
1974,205
1975,193
1976,183
1977,158
1978,183
1979,196
1980,167
1981,234
1982,235
1983,227
1984,175
1985,205
1986,210
1987,254
1988,227
1989,238
1990,171
1991,142
1992,237
1993,224
1994,147
1995,238
1996,80
1997,139
1998,231
1999,207
2000,152
2001,127
2002,107
2003,122
2004,178
2005,173
2006,215
2007,245
2008,94
2009,49
2010,248
2011,141
2012,231
2013,215
2014,141
2015,116
2016,185
2017,249
2018,188
2019,227
2020,244
2021,136
2022,198
2023,248
2024,183
2025,104
2026,207
2027,202
2028,166
2029,91
2030,229
2031,213
2032,40
2033,232
2034,187
2035,226
2036,230
2037,155
2038,242
2039,190
2040,202
2041,113
2042,161
2043,249
2044,135
2045,123
2046,235
2047,75
2048,125
2049,163
2050,214
2051,134
2052,151
2053,156
2054,241
2055,237
2056,29
2057,147
2058,199
2059,240
2060,170
2061,164
2062,176
2063,148
2064,198
2065,178
2066,228
2067,164
2068,142
2069,140
2070,202
2071,243
2072,112
2073,219
2074,206
2075,229
2076,225
2077,210
2078,164
2079,175
2080,207
2081,140
2082,133
2083,204
2084,223
2085,157
2086,206
2087,189
2088,232
2089,227
2090,180
2091,74
2092,240
2093,115
2094,166
2095,234
2096,175
2097,186
2098,159
2099,161
2100,98
2101,183
2102,173
2103,157
2104,219
2105,189
2106,187
2107,153
2108,177
2109,169
2110,231
2111,99
2112,200
2113,98
2114,77
2115,215
2116,113
2117,168
2118,155
2119,248
2120,207
2121,205
2122,181
2123,166
2124,245
2125,53
2126,178
2127,242
2128,224
2129,108
2130,173
2131,236
2132,88
2133,220
2134,155
2135,38
2136,196
2137,142
2138,181
2139,141
2140,122
2141,152
2142,190
2143,220
2144,154
2145,196
2146,71
2147,239
2148,62
2149,110
2150,180
2151,203
2152,134
2153,178
2154,216
2155,205
2156,178
2157,199
2158,224
2159,201
2160,166
2161,184
2162,156
2163,163
2164,179
2165,234
2166,166
2167,35
2168,60
2169,247
2170,240
2171,120
2172,217
2173,197
2174,224
2175,214
2176,179
2177,220
2178,139
2179,232
2180,131
2181,238
2182,2
2183,175
2184,129
2185,216
2186,90
2187,227
2188,233
2189,152
2190,203
2191,36
2192,210
2193,125
2194,207
2195,99
2196,227
2197,96
2198,226
2199,163
2200,197
2201,72
2202,218
2203,153
2204,105
2205,239
2206,115
2207,126
2208,171
2209,72
2210,160
2211,178
2212,153
2213,134
2214,154
2215,219
2216,212
2217,157
2218,61
2219,108
2220,203
2221,114
2222,191
2223,215
2224,170
2225,188
2226,217
2227,137
2228,171
2229,203
2230,249
2231,88
2232,166
2233,223
2234,232
2235,196
2236,126
2237,165
2238,165
2239,215
2240,150
2241,245
2242,196
2243,214
2244,243
2245,211
2246,199
2247,185
2248,8
2249,100
2250,181
2251,203
2252,222
2253,174
2254,127
2255,188
2256,177
2257,92
2258,195
2259,160
2260,192
2261,181
2262,184
2263,212
2264,237
2265,176
2266,151
2267,214
2268,226
2269,120
2270,109
2271,234
2272,135
2273,215
2274,185
2275,210
2276,173
2277,119
2278,37
2279,133
2280,197
2281,151
2282,160
2283,139
2284,78
2285,248
2286,84
2287,203
2288,246
2289,203
2290,158
2291,218
2292,81
2293,181
2294,116
2295,243
2296,176
2297,201
2298,228
2299,112
2300,206
2301,166
2302,198
2303,241
2304,176
2305,131
2306,22
2307,94
2308,223
2309,179
2310,215
2311,182
2312,224
2313,228
2314,184
2315,137
2316,72
2317,174
2318,251
2319,150
2320,235
2321,222
2322,148
2323,199
2324,206
2325,212
2326,160
2327,240
2328,147
2329,242
2330,143
2331,196
2332,209
2333,177
2334,196
2335,231
2336,120
2337,127
2338,220
2339,212
2340,222
2341,203
2342,162
2343,178
2344,243
2345,228
2346,178
2347,205
2348,214
2349,222
2350,179
2351,144
2352,205
2353,169
2354,207
2355,189
2356,176
2357,148
2358,209
2359,186
2360,186
2361,175
2362,184
2363,95
2364,227
2365,157
2366,244
2367,133
2368,211
2369,234
2370,182
2371,76
2372,235
2373,172
2374,104
2375,168
2376,211
2377,129
2378,99
2379,240
2380,166
2381,191
2382,178
2383,223
2384,48
2385,137
2386,218
2387,219
2388,155
2389,155
2390,199
2391,205
2392,186
2393,164
2394,101
2395,181
2396,222
2397,141
2398,210
2399,211
