0,165
1,203
2,192
3,212
4,181
5,106
6,199
7,256
8,232
9,172
10,158
11,239
12,193
13,186
14,234
15,187
16,206
17,214
18,242
19,239
20,239
21,156
22,169
23,189
24,243
25,227
26,133
27,89
28,215
29,154
30,54
31,195
32,193
33,239
34,228
35,224
36,237
37,222
38,206
39,233
40,216
41,249
42,191
43,128
44,225
45,217
46,175
47,238
48,143
49,183
50,167
51,218
52,112
53,221
54,220
55,185
56,172
57,195
58,190
59,253
60,234
61,146
62,185
63,220
64,205
65,225
66,250
67,234
68,172
69,163
70,197
71,205
72,180
73,230
74,241
75,150
76,215
77,69
78,208
79,178
80,240
81,239
82,139
83,158
84,223
85,219
86,253
87,203
88,140
89,207
90,204
91,246
92,199
93,182
94,154
95,209
96,221
97,256
98,249
99,189
100,256
101,250
102,177
103,92
104,249
105,225
106,209
107,218
108,175
109,11
110,170
111,191
112,214
113,236
114,246
115,230
116,227
117,221
118,230
119,238
120,176
121,215
122,104
123,82
124,195
125,206
126,234
127,157
128,208
129,155
130,161
131,206
132,225
133,241
134,170
135,188
136,163
137,176
138,130
139,183
140,254
141,234
142,231
143,147
144,166
145,169
146,194
147,172
148,200
149,213
150,73
151,218
152,229
153,206
154,193
155,235
156,247
157,154
158,50
159,130
160,231
161,190
162,218
163,137
164,238
165,28
166,148
167,168
168,160
169,252
170,226
171,152
172,204
173,130
174,228
175,182
176,216
177,212
178,236
179,0
180,170
181,33
182,193
183,221
184,206
185,214
186,230
187,162
188,150
189,224
190,248
191,216
192,111
193,253
194,181
195,243
196,166
197,211
198,162
199,206
200,171
201,214
202,192
203,204
204,252
205,165
206,167
207,212
208,213
209,170
210,141
211,217
212,242
213,239
214,256
215,176
216,220
217,181
218,235
219,174
220,134
221,235
222,215
223,171
224,222
225,253
226,245
227,186
228,222
229,228
230,157
231,170
232,230
233,221
234,194
235,216
236,133
237,211
238,159
239,232
240,221
241,156
242,246
243,182
244,237
245,224
246,230
247,251
248,192
249,211
250,177
251,144
252,206
253,191
254,221
255,248
256,254
257,214
258,187
259,188
260,142
261,198
262,231
263,256
264,219
265,222
266,161
267,150
268,223
269,181
270,187
271,207
272,183
273,252
274,203
275,213
276,219
277,104
278,250
279,172
280,171
281,204
282,235
283,212
284,158
285,229
286,190
287,225
288,221
289,202
290,165
291,229
292,192
293,106
294,202
295,157
296,126
297,150
298,115
299,200
300,160
301,198
302,237
303,177
304,225
305,221
306,169
307,216
308,217
309,249
310,221
311,171
312,175
313,251
314,253
315,177
316,111
317,193
318,222
319,198
320,219
321,152
322,190
323,220
324,204
325,228
326,153
327,248
328,204
329,140
330,232
331,252
332,170
333,217
334,223
335,222
336,187
337,221
338,218
339,113
340,138
341,250
342,237
343,206
344,177
345,174
346,133
347,115
348,112
349,76
350,126
351,184
352,100
353,170
354,200
355,197
356,194
357,228
358,225
359,153
360,220
361,191
362,210
363,112
364,230
365,192
366,197
367,238
368,240
369,105
370,176
371,218
372,107
373,176
374,250
375,148
376,225
377,236
378,148
379,216
380,191
381,124
382,150
383,208
384,167
385,252
386,203
387,91
388,207
389,214
390,238
391,182
392,244
393,150
394,181
395,0
396,216
397,213
398,154
399,234
400,131
401,188
402,214
403,188
404,147
405,222
406,232
407,92
408,216
409,225
410,197
411,131
412,232
413,252
414,216
415,159
416,178
417,97
418,206
419,115
420,225
421,206
422,222
423,244
424,208
425,244
426,226
427,145
428,167
429,194
430,233
431,237
432,213
433,248
434,203
435,183
436,163
437,227
438,225
439,224
440,199
441,132
442,184
443,192
444,176
445,189
446,42
447,212
448,111
449,228
450,80
451,186
452,202
453,181
454,218
455,220
456,206
457,249
458,203
459,253
460,243
461,244
462,250
463,188
464,221
465,160
466,168
467,170
468,132
469,172
470,89
471,179
472,207
473,149
474,182
475,245
476,212
477,179
478,224
479,131
480,166
481,250
482,245
483,249
484,158
485,168
486,226
487,89
488,183
489,233
490,176
491,149
492,204
493,65
494,171
495,168
496,230
497,235
498,243
499,240
500,191
501,205
502,231
503,246
504,144
505,238
506,128
507,206
508,115
509,55
510,230
511,227
512,228
513,250
514,169
515,234
516,203
517,156
518,94
519,229
520,45
521,230
522,171
523,97
524,196
525,227
526,220
527,224
528,217
529,218
530,179
531,212
532,120
533,193
534,251
535,134
536,227
537,228
538,127
539,153
540,215
541,248
542,212
543,194
544,239
545,180
546,188
547,127
548,110
549,256
550,176
551,128
552,227
553,152
554,90
555,202
556,0
557,234
558,147
559,188
560,161
561,213
562,191
563,128
564,213
565,185
566,253
567,254
568,218
569,245
570,205
571,117
572,224
573,231
574,203
575,201
576,224
577,154
578,231
579,255
580,197
581,85
582,205
583,252
584,246
585,98
586,189
587,207
588,193
589,103
590,233
591,226
592,251
593,156
594,180
595,234
596,237
597,248
598,164
599,236
600,158
601,199
602,117
603,217
604,181
605,161
606,182
607,194
608,195
609,121
610,227
611,251
612,194
613,250
614,61
615,253
616,127
617,121
618,153
619,144
620,212
621,216
622,125
623,233
624,189
625,202
626,214
627,205
628,213
629,178
630,208
631,199
632,234
633,215
634,207
635,207
636,172
637,114
638,69
639,227
640,59
641,178
642,187
643,176
644,237
645,227
646,240
647,214
648,173
649,192
650,174
651,251
652,166
653,207
654,0
655,205
656,134
657,246
658,241
659,138
660,224
661,215
662,174
663,179
664,230
665,140
666,231
667,104
668,219
669,141
670,194
671,226
672,0
673,242
674,199
675,214
676,140
677,132
678,201
679,225
680,244
681,156
682,249
683,165
684,245
685,235
686,149
687,168
688,230
689,110
690,246
691,228
692,203
693,220
694,145
695,226
696,129
697,236
698,48
699,167
700,211
701,248
702,143
703,255
704,200
705,220
706,100
707,247
708,78
709,192
710,246
711,251
712,251
713,219
714,115
715,193
716,181
717,223
718,134
719,103
720,149
721,233
722,70
723,226
724,223
725,186
726,153
727,254
728,91
729,199
730,205
731,141
732,233
733,133
734,230
735,138
736,166
737,185
738,218
739,256
740,234
741,212
742,128
743,169
744,183
745,173
746,81
747,255
748,199
749,242
750,204
751,25
752,209
753,134
754,250
755,113
756,233
757,214
758,198
759,236
760,189
761,134
762,234
763,230
764,192
765,240
766,256
767,206
768,139
769,216
770,181
771,218
772,140
773,233
774,202
775,140
776,189
777,231
778,209
779,95
780,220
781,206
782,107
783,241
784,248
785,251
786,240
787,88
788,141
789,230
790,252
791,118
792,195
793,240
794,201
795,234
796,210
797,166
798,233
799,256
800,159
801,245
802,214
803,166
804,189
805,222
806,244
807,197
808,247
809,224
810,219
811,103
812,177
813,232
814,192
815,209
816,210
817,158
818,134
819,198
820,251
821,222
822,0
823,218
824,227
825,194
826,201
827,232
828,196
829,237
830,177
831,196
832,224
833,97
834,172
835,111
836,161
837,123
838,170
839,157
840,237
841,237
842,238
843,226
844,201
845,237
846,124
847,219
848,234
849,166
850,214
851,182
852,190
853,249
854,183
855,136
856,73
857,245
858,178
859,125
860,256
861,198
862,176
863,234
864,184
865,164
866,218
867,239
868,171
869,226
870,183
871,231
872,219
873,209
874,242
875,243
876,221
877,216
878,190
879,193
880,246
881,146
882,18
883,217
884,183
885,219
886,135
887,226
888,207
889,98
890,250
891,224
892,210
893,197
894,156
895,252
896,238
897,224
898,130
899,173
900,142
901,197
902,198
903,155
904,139
905,193
906,153
907,48
908,193
909,239
910,224
911,197
912,78
913,210
914,245
915,229
916,129
917,175
918,167
919,203
920,206
921,181
922,194
923,242
924,251
925,168
926,229
927,139
928,244
929,226
930,226
931,256
932,180
933,239
934,183
935,243
936,232
937,159
938,106
939,251
940,241
941,203
942,116
943,211
944,197
945,232
946,218
947,178
948,193
949,256
950,198
951,243
952,175
953,234
954,244
955,140
956,234
957,246
958,215
959,215
960,218
961,250
962,250
963,165
964,182
965,206
966,251
967,253
968,230
969,180
970,206
971,152
972,200
973,138
974,184
975,170
976,232
977,254
978,228
979,239
980,185
981,255
982,159
983,232
984,242
985,141
986,0
987,239
988,138
989,181
990,158
991,132
992,193
993,223
994,198
995,189
996,206
997,220
998,201
999,252
1000,242
1001,203
1002,249
1003,92
1004,186
1005,183
1006,196
1007,198
1008,151
1009,160
1010,91
1011,181
1012,251
1013,210
1014,233
1015,189
1016,222
1017,222
1018,202
1019,236
1020,195
1021,125
1022,235
1023,185
1024,109
1025,254
1026,166
1027,223
1028,251
1029,175
1030,183
1031,113
1032,69
1033,245
1034,177
1035,248
1036,256
1037,46
1038,186
1039,103
1040,188
1041,180
1042,159
1043,208
1044,136
1045,206
1046,206
1047,178
1048,210
1049,161
1050,219
1051,249
1052,218
1053,164
1054,146
1055,181
1056,186
1057,247
1058,112
1059,203
1060,221
1061,163
1062,213
1063,224
1064,204
1065,237
1066,73
1067,217
1068,229
1069,252
1070,247
1071,193
1072,153
1073,223
1074,123
1075,254
1076,221
1077,251
1078,213
1079,248
1080,160
1081,217
1082,164
1083,178
1084,224
1085,178
1086,171
1087,173
1088,178
1089,197
1090,128
1091,209
1092,83
1093,121
1094,119
1095,227
1096,110
1097,104
1098,156
1099,204
1100,216
1101,238
1102,133
1103,189
1104,238
1105,160
1106,182
1107,249
1108,236
1109,228
1110,254
1111,235
1112,244
1113,239
1114,169
1115,208
1116,199
1117,171
1118,198
1119,188
1120,230
1121,136
1122,168
1123,128
1124,141
1125,239
1126,58
1127,182
1128,110
1129,205
1130,250
1131,256
1132,191
1133,236
1134,92
1135,217
1136,166
1137,167
1138,205
1139,119
1140,240
1141,239
1142,234
1143,139
1144,115
1145,179
1146,199
1147,221
1148,193
1149,161
1150,113
1151,244
1152,128
1153,208
1154,248
1155,176
1156,252
1157,236
1158,218
1159,242
1160,193
1161,228
1162,178
1163,227
1164,127
1165,175
1166,237
1167,200
1168,149
1169,146
1170,236
1171,197
1172,174
1173,201
1174,187
1175,228
1176,158
1177,232
1178,184
1179,243
1180,97
1181,174
1182,159
1183,212
1184,156
1185,245
1186,256
1187,92
1188,160
1189,225
1190,233
1191,232
1192,198
1193,250
1194,247
1195,229
1196,174
1197,167
1198,168
1199,79
1200,103
1201,255
1202,231
1203,237
1204,117
1205,239
1206,229
1207,221
1208,149
1209,237
1210,202
1211,256
1212,221
1213,116
1214,247
1215,0
1216,228
1217,0
1218,188
1219,242
1220,246
1221,163
1222,123
1223,226
1224,142
1225,120
1226,197
1227,198
1228,81
1229,141
1230,165
1231,189
1232,183
1233,239
1234,115
1235,84
1236,153
1237,144
1238,216
1239,247
1240,194
1241,204
1242,193
1243,212
1244,183
1245,84
1246,254
1247,240
1248,177
1249,213
1250,176
1251,190
1252,171
1253,244
1254,212
1255,207
1256,215
1257,146
1258,218
1259,244
1260,232
1261,239
1262,161
1263,253
1264,201
1265,187
1266,189
1267,204
1268,195
1269,243
1270,191
1271,221
1272,216
1273,227
1274,115
1275,179
1276,136
1277,207
1278,207
1279,193
1280,168
1281,198
1282,140
1283,192
1284,243
1285,91
1286,174
1287,64
1288,153
1289,203
1290,141
1291,92
1292,204
1293,126
1294,222
1295,178
1296,233
1297,238
1298,175
1299,250
1300,66
1301,236
1302,218
1303,202
1304,203
1305,111
1306,129
1307,198
1308,127
1309,170
1310,214
1311,203
1312,209
1313,157
1314,222
1315,256
1316,221
1317,166
1318,191
1319,142
1320,192
1321,102
1322,217
1323,244
1324,73
1325,164
1326,181
1327,251
1328,193
1329,218
1330,213
1331,185
1332,255
1333,214
1334,238
1335,176
1336,164
1337,116
1338,196
1339,203
1340,247
1341,254
1342,202
1343,223
1344,236
1345,226
1346,204
1347,253
1348,177
1349,183
1350,229
1351,242
1352,256
1353,220
1354,229
1355,84
1356,182
1357,142
1358,193
1359,58
1360,232
1361,250
1362,217
1363,196
1364,170
1365,186
1366,72
1367,230
1368,151
1369,232
1370,241
1371,185
1372,253
1373,209
1374,197
1375,200
1376,233
1377,215
1378,34
1379,177
1380,256
1381,178
1382,179
1383,238
1384,58
1385,145
1386,144
1387,206
1388,76
1389,247
1390,209
1391,209
1392,172
1393,232
1394,217
1395,217
1396,207
1397,244
1398,139
1399,217
1400,121
1401,220
1402,178
1403,175
1404,174
1405,176
1406,255
1407,0
1408,129
1409,150
1410,204
1411,223
1412,231
1413,232
1414,184
1415,226
1416,59
1417,228
1418,152
1419,60
1420,209
1421,230
1422,185
1423,256
1424,170
1425,186
1426,241
1427,131
1428,162
1429,192
1430,234
1431,119
1432,187
1433,232
1434,202
1435,148
1436,245
1437,227
1438,146
1439,223
1440,212
1441,242
1442,99
1443,251
1444,157
1445,246
1446,231
1447,227
1448,229
1449,184
1450,200
1451,156
1452,241
1453,119
1454,225
1455,230
1456,238
1457,200
1458,211
1459,197
1460,96
1461,191
1462,234
1463,210
1464,39
1465,225
1466,248
1467,231
1468,199
1469,190
1470,143
1471,242
1472,224
1473,212
1474,0
1475,208
1476,141
1477,191
1478,180
1479,213
1480,204
1481,13
1482,235
1483,80
1484,202
1485,214
1486,180
1487,249
1488,166
1489,222
1490,166
1491,250
1492,205
1493,252
1494,154
1495,237
1496,226
1497,189
1498,136
1499,191
1500,64
1501,206
1502,256
1503,148
1504,162
1505,124
1506,117
1507,225
1508,245
1509,175
1510,112
1511,241
1512,92
1513,174
1514,230
1515,182
1516,202
1517,213
1518,229
1519,200
1520,190
1521,211
1522,254
1523,249
1524,157
1525,217
1526,231
1527,177
1528,170
1529,181
1530,169
1531,221
1532,112
1533,25
1534,169
1535,198
1536,232
1537,152
1538,148
1539,235
1540,191
1541,250
1542,251
1543,220
1544,202
1545,122
1546,236
1547,158
1548,192
1549,133
1550,131
1551,157
1552,222
1553,217
1554,98
1555,236
1556,71
1557,203
1558,221
1559,180
1560,190
1561,174
1562,254
1563,181
1564,240
1565,120
1566,235
1567,236
1568,221
1569,167
1570,245
1571,241
1572,256
1573,229
1574,201
1575,198
1576,198
1577,237
1578,189
1579,244
1580,235
1581,242
1582,170
1583,216
1584,121
1585,164
1586,236
1587,223
1588,226
1589,188
1590,242
1591,206
1592,159
1593,155
1594,158
1595,233
1596,218
1597,160
1598,188
1599,164
1600,180
1601,140
1602,199
1603,210
1604,192
1605,247
1606,100
1607,225
1608,129
1609,190
1610,126
1611,225
1612,254
1613,183
1614,220
1615,211
1616,168
1617,173
1618,189
1619,234
1620,226
1621,94
1622,180
1623,210
1624,150
1625,182
1626,162
1627,202
1628,229
1629,131
1630,229
1631,238
1632,199
1633,216
1634,105
1635,197
1636,190
1637,199
1638,89
1639,160
1640,182
1641,207
1642,238
1643,145
1644,159
1645,251
1646,142
1647,221
1648,231
1649,195
1650,240
1651,211
1652,125
1653,181
1654,109
1655,240
1656,126
1657,215
1658,74
1659,187
1660,176
1661,250
1662,178
1663,127
1664,183
1665,242
1666,153
1667,182
1668,205
1669,118
1670,210
1671,124
1672,222
1673,73
1674,222
1675,193
1676,224
1677,208
1678,208
1679,46
1680,136
1681,217
1682,216
1683,172
1684,167
1685,212
1686,242
1687,224
1688,249
1689,206
1690,237
1691,97
1692,182
1693,167
1694,176
1695,92
1696,223
1697,155
1698,224
1699,210
1700,222
1701,250
1702,249
1703,243
1704,256
1705,200
1706,246
1707,256
1708,233
1709,236
1710,211
1711,224
1712,178
1713,167
1714,132
1715,256
1716,136
1717,185
1718,220
1719,188
1720,220
1721,185
1722,214
1723,98
1724,256
1725,226
1726,196
1727,226
1728,214
1729,231
1730,144
1731,190
1732,218
1733,82
1734,168
1735,52
1736,214
1737,250
1738,177
1739,247
1740,214
1741,160
1742,255
1743,184
1744,178
1745,133
1746,172
1747,204
1748,218
1749,164
1750,223
1751,147
1752,143
1753,220
1754,256
1755,202
1756,217
1757,192
1758,243
1759,205
1760,137
1761,56
1762,250
1763,198
1764,189
1765,91
1766,250
1767,190
1768,152
1769,226
1770,0
1771,211
1772,52
1773,167
1774,68
1775,157
1776,125
1777,229
1778,123
1779,160
1780,255
1781,141
1782,205
1783,209
1784,116
1785,203
1786,195
1787,256
1788,184
1789,249
1790,185
1791,35
1792,78
1793,188
1794,54
1795,124
1796,219
1797,17
1798,157
1799,190
1800,174
1801,204
1802,186
1803,130
1804,119
1805,152
1806,115
1807,175
1808,201
1809,116
1810,160
1811,199
1812,201
1813,211
1814,192
1815,197
1816,130
1817,74
1818,99
1819,237
1820,210
1821,173
1822,199
1823,240
1824,220
1825,209
1826,225
1827,180
1828,256
1829,96
1830,119
1831,184
1832,205
1833,248
1834,117
1835,188
1836,221
1837,163
1838,212
1839,128
1840,230
1841,172
1842,244
1843,145
1844,251
1845,83
1846,148
1847,210
1848,141
1849,171
1850,233
1851,108
1852,226
1853,199
1854,145
1855,211
1856,167
1857,215
1858,239
1859,178
1860,162
1861,194
1862,135
1863,185
1864,192
1865,206
1866,176
1867,253
1868,196
1869,233
1870,192
1871,159
1872,61
1873,200
1874,223
1875,236
1876,152
1877,202
1878,243
1879,170
1880,176
1881,109
1882,191
1883,170
1884,245
1885,120
1886,88
1887,243
1888,154
1889,193
1890,230
1891,174
1892,124
1893,218
1894,252
1895,206
1896,192
1897,208
1898,181
1899,256
1900,190
1901,244
1902,207
1903,167
1904,199
1905,196
1906,221
1907,215
1908,178
1909,131
1910,205
1911,219
1912,216
1913,55
1914,102
1915,153
1916,221
1917,197
1918,112
1919,168
1920,235
1921,215
1922,211
1923,194
1924,69
1925,206
1926,213
1927,152
1928,167
1929,183
1930,147
1931,255
1932,230
1933,228
1934,194
1935,241
1936,199
1937,202
1938,22
1939,146
1940,158
1941,228
1942,206
1943,175
1944,247
1945,202
1946,137
1947,196
1948,245
1949,86
1950,169
1951,145
1952,174
1953,73
1954,246
1955,115
1956,188
1957,231
1958,171
1959,152
1960,158
1961,103
1962,165
1963,143
1964,59
1965,153
1966,224
1967,205
1968,243
1969,255
1970,240
1971,253
1972,196
1973,126
1974,220
1975,111
1976,206
1977,230
1978,187
1979,246
1980,195
1981,238
1982,222
1983,229
1984,256
1985,103
1986,244
1987,194
1988,241
1989,207
1990,242
1991,203
1992,245
1993,165
1994,71
1995,211
1996,59
1997,191
1998,186
1999,202
2000,205
2001,214
2002,204
2003,225
2004,163
2005,189
2006,209
2007,234
2008,205
2009,226
2010,221
2011,236
2012,236
2013,222
2014,166
2015,148
2016,233
2017,215
2018,200
2019,226
2020,182
2021,232
2022,58
2023,218
2024,199
2025,238
2026,219
2027,123
2028,252
2029,116
2030,254
2031,227
2032,226
2033,235
2034,163
2035,224
2036,155
2037,154
2038,166
2039,205
2040,143
2041,222
2042,4
2043,182
2044,244
2045,254
2046,256
2047,246
2048,190
2049,163
2050,54
2051,151
2052,148
2053,219
2054,206
2055,228
2056,230
2057,222
2058,210
2059,209
2060,122
2061,224
2062,88
2063,20
2064,80
2065,240
2066,223
2067,106
2068,90
2069,89
2070,194
2071,209
2072,186
2073,227
2074,255
2075,245
2076,138
2077,131
2078,243
2079,132
2080,205
2081,231
2082,233
2083,182
2084,219
2085,147
2086,160
2087,185
2088,212
2089,242
2090,158
2091,254
2092,150
2093,234
2094,218
2095,203
2096,241
2097,187
2098,177
2099,141
2100,187
2101,249
2102,173
2103,150
2104,214
2105,154
2106,240
2107,213
2108,193
2109,239
2110,201
2111,211
2112,156
2113,170
2114,250
2115,233
2116,204
2117,240
2118,226
2119,247
2120,189
2121,70
2122,219
2123,152
2124,256
2125,234
2126,183
2127,183
2128,164
2129,159
2130,232
2131,200
2132,157
2133,168
2134,157
2135,188
2136,230
2137,134
2138,256
2139,203
2140,196
2141,219
2142,213
2143,229
2144,226
2145,237
2146,156
2147,180
2148,212
2149,202
2150,181
2151,254
2152,157
2153,202
2154,238
2155,240
2156,245
2157,212
2158,179
2159,192
2160,111
2161,175
2162,19
2163,235
2164,238
2165,181
2166,233
2167,163
2168,200
2169,252
2170,225
2171,187
2172,105
2173,138
2174,161
2175,168
2176,235
2177,251
2178,206
2179,217
2180,256
2181,201
2182,166
2183,142
2184,173
2185,200
2186,140
2187,21
2188,195
2189,201
2190,168
2191,210
2192,151
2193,96
2194,247
2195,118
2196,147
2197,216
2198,126
2199,142
2200,169
2201,193
2202,235
2203,0
2204,176
2205,156
2206,244
2207,163
2208,163
2209,256
2210,142
2211,243
2212,105
2213,147
2214,222
2215,256
2216,199
2217,232
2218,216
2219,189
2220,165
2221,240
2222,216
2223,172
2224,116
2225,208
2226,213
2227,116
2228,148
2229,160
2230,241
2231,228
2232,138
2233,186
2234,152
2235,238
2236,101
2237,244
2238,217
2239,156
2240,164
2241,191
2242,184
2243,205
2244,132
2245,184
2246,169
2247,205
2248,217
2249,163
2250,230
2251,255
2252,143
2253,204
2254,251
2255,215
2256,109
2257,220
2258,172
2259,48
2260,209
2261,199
2262,228
2263,103
2264,241
2265,27
2266,224
2267,229
2268,0
2269,169
2270,158
2271,89
2272,249
2273,175
2274,231
2275,126
2276,256
2277,232
2278,180
2279,170
2280,223
2281,144
2282,172
2283,63
2284,253
2285,241
2286,115
2287,215
2288,239
2289,235
2290,216
2291,200
2292,245
2293,58
2294,168
2295,136
2296,159
2297,168
2298,250
2299,225
2300,192
2301,204
2302,250
2303,244
2304,239
2305,233
2306,168
2307,151
2308,188
2309,216
2310,163
2311,131
2312,246
2313,222
2314,256
2315,256
2316,191
2317,31
2318,119
2319,213
2320,216
2321,221
2322,240
2323,248
2324,244
2325,207
2326,146
2327,229
2328,117
2329,191
2330,189
2331,149
2332,198
2333,176
2334,236
2335,163
2336,152
2337,226
2338,228
2339,136
2340,236
2341,176
2342,256
2343,194
2344,202
2345,209
2346,237
2347,214
2348,242
2349,211
2350,169
2351,242
2352,88
2353,103
2354,151
2355,240
2356,221
2357,207
2358,197
2359,33
2360,221
2361,134
2362,148
2363,228
2364,224
2365,176
2366,135
2367,246
2368,120
2369,110
2370,244
2371,214
2372,135
2373,244
2374,229
2375,218
2376,224
2377,6
2378,255
2379,247
2380,216
2381,207
2382,115
2383,234
2384,233
2385,213
2386,170
2387,219
2388,222
2389,140
2390,235
2391,143
2392,167
2393,204
2394,138
2395,139
2396,171
2397,245
2398,172
2399,229
