0,0
1,242
2,237
3,170
4,212
5,146
6,201
7,89
8,194
9,130
10,172
11,174
12,228
13,237
14,253
15,145
16,114
17,211
18,127
19,64
20,116
21,156
22,165
23,195
24,0
25,108
26,183
27,151
28,112
29,228
30,221
31,162
32,170
33,169
34,112
35,29
36,232
37,174
38,230
39,243
40,141
41,226
42,178
43,98
44,183
45,231
46,222
47,188
48,167
49,108
50,184
51,138
52,242
53,243
54,206
55,161
56,199
57,167
58,162
59,141
60,52
61,185
62,116
63,202
64,208
65,52
66,226
67,148
68,128
69,155
70,138
71,195
72,203
73,212
74,99
75,134
76,69
77,148
78,177
79,200
80,216
81,140
82,199
83,189
84,190
85,109
86,195
87,248
88,218
89,206
90,166
91,145
92,66
93,219
94,179
95,182
96,131
97,152
98,204
99,222
100,177
101,237
102,215
103,227
104,98
105,155
106,194
107,180
108,152
109,68
110,212
111,212
112,220
113,19
114,220
115,189
116,62
117,151
118,222
119,208
120,205
121,0
122,181
123,230
124,201
125,176
126,183
127,195
128,146
129,62
130,185
131,207
132,205
133,55
134,202
135,184
136,119
137,222
138,202
139,206
140,129
141,207
142,105
143,186
144,203
145,176
146,180
147,205
148,84
149,221
150,114
151,158
152,162
153,163
154,156
155,214
156,236
157,151
158,219
159,186
160,202
161,163
162,119
163,150
164,227
165,236
166,194
167,219
168,164
169,237
170,213
171,160
172,131
173,239
174,158
175,165
176,185
177,91
178,153
179,194
180,192
181,159
182,99
183,72
184,194
185,191
186,152
187,228
188,62
189,182
190,75
191,243
192,176
193,132
194,138
195,211
196,159
197,226
198,246
199,176
200,152
201,223
202,220
203,176
204,191
205,190
206,204
207,174
208,194
209,221
210,168
211,216
212,209
213,216
214,194
215,212
216,211
217,37
218,173
219,202
220,208
221,170
222,245
223,182
224,189
225,222
226,180
227,241
228,211
229,216
230,83
231,205
232,130
233,145
234,136
235,84
236,191
237,101
238,144
239,229
240,129
241,128
242,235
243,211
244,168
245,217
246,196
247,48
248,213
249,158
250,153
251,164
252,192
253,126
254,190
255,147
256,221
257,164
258,197
259,239
260,222
261,108
262,182
263,200
264,136
265,196
266,139
267,191
268,189
269,212
270,238
271,79
272,117
273,159
274,99
275,223
276,166
277,183
278,142
279,154
280,100
281,226
282,81
283,152
284,197
285,46
286,93
287,148
288,199
289,184
290,215
291,232
292,230
293,203
294,189
295,238
296,157
297,186
298,199
299,203
300,198
301,169
302,217
303,182
304,208
305,229
306,242
307,151
308,212
309,168
310,230
311,144
312,184
313,138
314,165
315,109
316,180
317,216
318,181
319,61
320,145
321,112
322,203
323,219
324,224
325,174
326,210
327,239
328,234
329,146
330,162
331,173
332,247
333,217
334,222
335,192
336,129
337,202
338,171
339,211
340,244
341,77
342,76
343,147
344,119
345,132
346,177
347,160
348,247
349,162
350,249
351,187
352,110
353,108
354,202
355,204
356,178
357,159
358,211
359,194
360,127
361,140
362,191
363,137
364,151
365,202
366,71
367,206
368,236
369,194
370,221
371,202
372,232
373,129
374,167
375,155
376,166
377,152
378,153
379,182
380,184
381,155
382,41
383,148
384,230
385,110
386,119
387,236
388,117
389,242
390,169
391,194
392,236
393,118
394,146
395,240
396,234
397,223
398,241
399,92
400,164
401,102
402,237
403,244
404,178
405,112
406,88
407,166
408,196
409,229
410,239
411,223
412,209
413,136
414,90
415,204
416,241
417,248
418,154
419,181
420,168
421,123
422,147
423,111
424,206
425,231
426,85
427,226
428,185
429,151
430,233
431,222
432,80
433,241
434,162
435,118
436,164
437,208
438,215
439,192
440,151
441,225
442,138
443,76
444,185
445,101
446,193
447,188
448,209
449,215
450,226
451,162
452,238
453,134
454,216
455,160
456,216
457,213
458,213
459,201
460,231
461,95
462,158
463,231
464,243
465,127
466,129
467,190
468,196
469,246
470,157
471,232
472,159
473,106
474,171
475,151
476,229
477,176
478,157
479,246
480,190
481,174
482,193
483,208
484,79
485,233
486,99
487,228
488,248
489,114
490,217
491,234
492,130
493,215
494,101
495,250
496,220
497,233
498,159
499,175
500,229
501,240
502,229
503,241
504,166
505,208
506,207
507,196
508,200
509,214
510,119
511,236
512,214
513,149
514,190
515,245
516,232
517,154
518,214
519,237
520,220
521,162
522,136
523,236
524,179
525,242
526,192
527,173
528,219
529,209
530,234
531,227
532,143
533,217
534,221
535,202
536,230
537,173
538,241
539,207
540,188
541,188
542,150
543,198
544,222
545,192
546,171
547,233
548,210
549,184
550,131
551,189
552,192
553,170
554,246
555,222
556,168
557,216
558,145
559,234
560,233
561,247
562,186
563,226
564,153
565,187
566,146
567,228
568,228
569,211
570,216
571,224
572,181
573,214
574,234
575,140
576,228
577,238
578,179
579,242
580,227
581,245
582,204
583,171
584,201
585,158
586,191
587,203
588,178
589,219
590,221
591,147
592,190
593,158
594,125
595,159
596,205
597,239
598,151
599,131
600,153
601,243
602,106
603,80
604,161
605,234
606,158
607,181
608,192
609,118
610,133
611,197
612,197
613,54
614,227
615,130
616,102
617,193
618,238
619,184
620,45
621,209
622,226
623,154
624,129
625,202
626,177
627,213
628,223
629,134
630,221
631,222
632,96
633,165
634,205
635,215
636,235
637,174
638,158
639,87
640,207
641,185
642,229
643,183
644,193
645,151
646,234
647,181
648,210
649,79
650,120
651,224
652,208
653,225
654,196
655,200
656,148
657,211
658,193
659,226
660,130
661,212
662,177
663,163
664,184
665,200
666,234
667,214
668,131
669,209
670,162
671,163
672,174
673,188
674,242
675,209
676,203
677,176
678,148
679,117
680,213
681,153
682,177
683,220
684,223
685,215
686,146
687,217
688,220
689,194
690,113
691,218
692,43
693,246
694,239
695,178
696,133
697,186
698,117
699,135
700,143
701,239
702,235
703,244
704,143
705,209
706,87
707,176
708,149
709,240
710,166
711,229
712,106
713,234
714,171
715,153
716,170
717,247
718,199
719,100
720,206
721,193
722,161
723,70
724,197
725,108
726,191
727,55
728,117
729,219
730,211
731,119
732,173
733,189
734,237
735,197
736,218
737,152
738,187
739,70
740,176
741,223
742,110
743,243
744,232
745,116
746,213
747,107
748,162
749,207
750,94
751,200
752,203
753,184
754,212
755,220
756,203
757,218
758,240
759,109
760,186
761,252
762,245
763,213
764,225
765,218
766,238
767,169
768,227
769,194
770,232
771,104
772,204
773,191
774,140
775,243
776,193
777,239
778,209
779,245
780,180
781,230
782,110
783,204
784,152
785,194
786,73
787,187
788,122
789,222
790,198
791,113
792,128
793,206
794,229
795,116
796,71
797,242
798,80
799,116
800,222
801,152
802,191
803,237
804,244
805,136
806,144
807,202
808,208
809,195
810,218
811,215
812,151
813,138
814,214
815,210
816,136
817,186
818,238
819,193
820,151
821,179
822,219
823,200
824,196
825,178
826,229
827,138
828,245
829,210
830,203
831,203
832,157
833,208
834,182
835,168
836,189
837,153
838,248
839,230
840,139
841,134
842,180
843,213
844,140
845,147
846,156
847,241
848,207
849,223
850,208
851,0
852,121
853,173
854,202
855,121
856,210
857,245
858,166
859,224
860,218
861,160
862,205
863,171
864,195
865,230
866,227
867,241
868,244
869,246
870,183
871,214
872,219
873,186
874,169
875,222
876,165
877,191
878,186
879,189
880,106
881,162
882,199
883,180
884,190
885,137
886,224
887,244
888,177
889,240
890,198
891,57
892,133
893,202
894,165
895,182
896,186
897,45
898,201
899,208
900,177
901,135
902,208
903,182
904,228
905,154
906,201
907,160
908,179
909,159
910,154
911,205
912,102
913,214
914,126
915,241
916,198
917,169
918,184
919,54
920,185
921,172
922,166
923,195
924,204
925,171
926,143
927,209
928,148
929,213
930,128
931,110
932,173
933,226
934,196
935,193
936,206
937,234
938,203
939,99
940,157
941,219
942,174
943,172
944,215
945,174
946,190
947,124
948,213
949,172
950,152
951,146
952,213
953,237
954,214
955,242
956,204
957,213
958,170
959,75
960,192
961,236
962,37
963,228
964,185
965,156
966,116
967,202
968,157
969,223
970,222
971,161
972,190
973,76
974,193
975,174
976,201
977,112
978,212
979,239
980,209
981,215
982,207
983,170
984,148
985,236
986,196
987,230
988,238
989,154
990,243
991,128
992,168
993,214
994,222
995,205
996,198
997,236
998,173
999,216
1000,215
1001,157
1002,179
1003,245
1004,222
1005,237
1006,168
1007,200
1008,209
1009,203
1010,229
1011,192
1012,194
1013,202
1014,212
1015,229
1016,176
1017,182
1018,220
1019,246
1020,183
1021,246
1022,112
1023,173
1024,162
1025,227
1026,206
1027,80
1028,200
1029,193
1030,234
1031,166
1032,119
1033,157
1034,211
1035,199
1036,215
1037,173
1038,232
1039,169
1040,208
1041,129
1042,203
1043,163
1044,149
1045,226
1046,188
1047,160
1048,230
1049,149
1050,192
1051,188
1052,210
1053,177
1054,137
1055,133
1056,243
1057,212
1058,150
1059,208
1060,228
1061,179
1062,204
1063,176
1064,231
1065,204
1066,174
1067,236
1068,244
1069,208
1070,227
1071,197
1072,150
1073,224
1074,243
1075,205
1076,223
1077,196
1078,163
1079,179
1080,227
1081,136
1082,195
1083,155
1084,205
1085,223
1086,215
1087,146
1088,210
1089,149
1090,227
1091,184
1092,214
1093,176
1094,203
1095,238
1096,112
1097,218
1098,213
1099,224
1100,207
1101,227
1102,238
1103,223
1104,168
1105,222
1106,203
1107,137
1108,225
1109,214
1110,186
1111,145
1112,169
1113,217
1114,229
1115,168
1116,233
1117,191
1118,197
1119,164
1120,227
1121,198
1122,164
1123,143
1124,172
1125,162
1126,245
1127,223
1128,173
1129,206
1130,189
1131,239
1132,160
1133,240
1134,174
1135,197
1136,227
1137,178
1138,249
1139,185
1140,248
1141,198
1142,210
1143,118
1144,131
1145,170
1146,109
1147,252
1148,137
1149,219
1150,90
1151,231
1152,193
1153,180
1154,161
1155,190
1156,194
1157,222
1158,198
1159,225
1160,163
1161,231
1162,135
1163,248
1164,154
1165,239
1166,154
1167,221
1168,233
1169,216
1170,187
1171,190
1172,221
1173,188
1174,240
1175,248
1176,219
1177,199
1178,247
1179,113
1180,154
1181,186
1182,156
1183,155
1184,225
1185,242
1186,224
1187,199
1188,100
1189,216
1190,227
1191,110
1192,247
1193,195
1194,227
1195,248
1196,189
1197,185
1198,168
1199,234
1200,166
1201,248
1202,142
1203,219
1204,204
1205,187
1206,121
1207,174
1208,53
1209,216
1210,185
1211,213
1212,215
1213,194
1214,70
1215,132
1216,94
1217,197
1218,116
1219,249
1220,205
1221,213
1222,26
1223,104
1224,170
1225,28
1226,239
1227,109
1228,141
1229,230
1230,124
1231,16
1232,154
1233,181
1234,146
1235,198
1236,194
1237,159
1238,151
1239,209
1240,194
1241,142
1242,98
1243,220
1244,232
1245,248
1246,219
1247,152
1248,239
1249,159
1250,236
1251,181
1252,170
1253,180
1254,74
1255,151
1256,174
1257,240
1258,161
1259,152
1260,154
1261,216
1262,57
1263,249
1264,188
1265,168
1266,56
1267,74
1268,238
1269,199
1270,222
1271,187
1272,183
1273,229
1274,243
1275,211
1276,160
1277,32
1278,197
1279,248
1280,175
1281,86
1282,233
1283,138
1284,141
1285,35
1286,177
1287,0
1288,154
1289,184
1290,235
1291,223
1292,70
1293,183
1294,93
1295,156
1296,240
1297,64
1298,104
1299,32
1300,244
1301,161
1302,237
1303,162
1304,198
1305,231
1306,213
1307,226
1308,43
1309,153
1310,77
1311,180
1312,36
1313,226
1314,226
1315,222
1316,110
1317,170
1318,132
1319,205
1320,74
1321,87
1322,167
1323,239
1324,54
1325,165
1326,29
1327,78
1328,128
1329,226
1330,186
1331,120
1332,132
1333,123
1334,198
1335,83
1336,34
1337,135
1338,23
1339,215
1340,9
1341,214
1342,217
1343,193
1344,113
1345,41
1346,247
1347,89
1348,214
1349,174
1350,228
1351,0
1352,176
1353,7
1354,224
1355,103
1356,224
1357,209
1358,170
1359,129
1360,220
1361,120
1362,175
1363,43
1364,243
1365,244
1366,132
1367,173
1368,82
1369,138
1370,227
1371,194
1372,47
1373,131
1374,236
1375,248
1376,162
1377,202
1378,172
1379,234
1380,206
1381,96
1382,216
1383,232
1384,213
1385,33
1386,242
1387,216
1388,14
1389,48
1390,46
1391,224
1392,191
1393,195
1394,213
1395,81
1396,148
1397,78
1398,186
1399,174
1400,184
1401,211
1402,137
1403,207
1404,233
1405,139
1406,202
1407,122
1408,154
1409,218
1410,183
1411,206
1412,220
1413,220
1414,230
1415,134
1416,169
1417,144
1418,244
1419,194
1420,135
1421,225
1422,246
1423,110
1424,168
1425,233
1426,32
1427,120
1428,222
1429,228
1430,60
1431,182
1432,201
1433,108
1434,147
1435,240
1436,162
1437,94
1438,239
1439,243
1440,232
1441,91
1442,154
1443,245
1444,194
1445,223
1446,141
1447,154
1448,181
1449,111
1450,86
1451,189
1452,194
1453,106
1454,237
1455,246
1456,189
1457,36
1458,186
1459,150
1460,204
1461,223
1462,6
1463,162
1464,112
1465,206
1466,220
1467,225
1468,227
1469,174
1470,139
1471,194
1472,125
1473,160
1474,219
1475,206
1476,213
1477,94
1478,222
1479,159
1480,130
1481,152
1482,242
1483,224
1484,224
1485,86
1486,247
1487,181
1488,243
1489,235
1490,206
1491,88
1492,228
1493,222
1494,251
1495,232
1496,249
1497,232
1498,232
1499,165
1500,141
1501,197
1502,195
1503,174
1504,113
1505,163
1506,145
1507,82
1508,196
1509,198
1510,134
1511,192
1512,157
1513,59
1514,148
1515,232
1516,186
1517,217
1518,223
1519,87
1520,195
1521,238
1522,192
1523,21
1524,114
1525,221
1526,197
1527,203
1528,201
1529,226
1530,154
1531,110
1532,185
1533,242
1534,130
1535,87
1536,130
1537,168
1538,157
1539,231
1540,194
1541,238
1542,38
1543,203
1544,116
1545,124
1546,188
1547,163
1548,36
1549,169
1550,38
1551,96
1552,184
1553,193
1554,158
1555,171
1556,115
1557,220
1558,121
1559,147
1560,228
1561,70
1562,242
1563,185
1564,130
1565,174
1566,112
1567,175
1568,240
1569,0
1570,184
1571,167
1572,244
1573,237
1574,209
1575,242
1576,137
1577,84
1578,86
1579,232
1580,211
1581,141
1582,112
1583,231
1584,186
1585,210
1586,217
1587,136
1588,190
1589,125
1590,236
1591,227
1592,212
1593,203
1594,163
1595,27
1596,152
1597,143
1598,80
1599,135
1600,224
1601,203
1602,150
1603,166
1604,239
1605,227
1606,208
1607,165
1608,239
1609,202
1610,252
1611,157
1612,198
1613,223
1614,179
1615,136
1616,238
1617,189
1618,182
1619,173
1620,158
1621,214
1622,240
1623,179
1624,210
1625,194
1626,86
1627,118
1628,234
1629,161
1630,162
1631,223
1632,205
1633,196
1634,193
1635,231
1636,197
1637,231
1638,51
1639,212
1640,223
1641,182
1642,209
1643,191
1644,232
1645,212
1646,216
1647,253
1648,254
1649,250
1650,234
1651,240
1652,178
1653,120
1654,155
1655,248
1656,206
1657,183
1658,248
1659,225
1660,238
1661,158
1662,194
1663,215
1664,156
1665,249
1666,174
1667,195
1668,141
1669,162
1670,206
1671,201
1672,248
1673,255
1674,193
1675,247
1676,220
1677,234
1678,208
1679,144
1680,229
1681,160
1682,225
1683,228
1684,172
1685,239
1686,181
1687,222
1688,240
1689,168
1690,81
1691,155
1692,228
1693,178
1694,136
1695,166
1696,194
1697,0
1698,217
1699,250
1700,137
1701,225
1702,143
1703,233
1704,222
1705,192
1706,235
1707,145
1708,198
1709,232
1710,202
1711,224
1712,165
1713,136
1714,22
1715,223
1716,229
1717,207
1718,121
1719,229
1720,155
1721,63
1722,191
1723,33
1724,121
1725,188
1726,238
1727,182
1728,175
1729,154
1730,121
1731,225
1732,128
1733,218
1734,130
1735,200
1736,138
1737,127
1738,203
1739,225
1740,73
1741,124
1742,138
1743,234
1744,248
1745,143
1746,148
1747,111
1748,193
1749,188
1750,86
1751,125
1752,124
1753,97
1754,191
1755,210
1756,227
1757,144
1758,233
1759,199
1760,77
1761,37
1762,224
1763,138
1764,223
1765,141
1766,140
1767,186
1768,234
1769,142
1770,204
1771,139
1772,126
1773,171
1774,123
1775,245
1776,243
1777,184
1778,124
1779,181
1780,224
1781,190
1782,47
1783,45
1784,202
1785,154
1786,81
1787,225
1788,203
1789,77
1790,242
1791,248
1792,201
1793,55
1794,202
1795,234
1796,154
1797,200
1798,222
1799,229
1800,182
1801,229
1802,231
1803,93
1804,224
1805,226
1806,196
1807,208
1808,204
1809,222
1810,198
1811,206
1812,141
1813,251
1814,152
1815,163
1816,206
1817,184
1818,157
1819,0
1820,153
1821,222
1822,192
1823,163
1824,202
1825,156
1826,144
1827,208
1828,189
1829,232
1830,224
1831,233
1832,215
1833,168
1834,95
1835,199
1836,167
1837,123
1838,239
1839,214
1840,226
1841,241
1842,221
1843,142
1844,181
1845,133
1846,97
1847,159
1848,229
1849,144
1850,194
1851,203
1852,212
1853,114
1854,186
1855,109
1856,184
1857,239
1858,193
1859,210
1860,229
1861,115
1862,145
1863,232
1864,246
1865,130
1866,171
1867,244
1868,83
1869,248
1870,236
1871,214
1872,185
1873,206
1874,224
1875,222
1876,160
1877,183
1878,201
1879,155
1880,236
1881,174
1882,247
1883,220
1884,164
1885,219
1886,192
1887,132
1888,172
1889,174
1890,235
1891,92
1892,252
1893,239
1894,206
1895,247
1896,128
1897,195
1898,200
1899,167
1900,51
1901,238
1902,125
1903,195
1904,198
1905,208
1906,53
1907,141
1908,233
1909,152
1910,182
1911,249
1912,200
1913,119
1914,70
1915,241
1916,240
1917,239
1918,232
1919,142
1920,204
1921,161
1922,247
1923,201
1924,62
1925,179
1926,195
1927,134
1928,123
1929,142
1930,64
1931,50
1932,246
1933,129
1934,108
1935,254
1936,206
1937,166
1938,194
1939,169
1940,125
1941,240
1942,245
1943,184
1944,115
1945,61
1946,214
1947,220
1948,233
1949,229
1950,211
1951,207
1952,229
1953,150
1954,138
1955,129
1956,208
1957,190
1958,209
1959,214
1960,222
1961,139
1962,75
1963,154
1964,47
1965,221
1966,234
1967,189
1968,207
1969,247
1970,118
1971,197
1972,239
1973,106
1974,203
1975,199
1976,181
1977,178
1978,177
1979,185
1980,152
1981,239
1982,234
1983,222
1984,195
1985,210
1986,211
1987,254
1988,223
1989,249
1990,151
1991,137
1992,245
1993,221
1994,150
1995,234
1996,34
1997,144
1998,232
1999,204
2000,159
2001,52
2002,85
2003,87
2004,192
2005,175
2006,225
2007,242
2008,31
2009,47
2010,249
2011,100
2012,227
2013,226
2014,156
2015,147
2016,211
2017,250
2018,198
2019,224
2020,244
2021,152
2022,193
2023,247
2024,184
2025,60
2026,208
2027,203
2028,155
2029,45
2030,222
2031,211
2032,20
2033,227
2034,129
2035,203
2036,229
2037,145
2038,240
2039,128
2040,207
2041,131
2042,140
2043,240
2044,134
2045,42
2046,231
2047,89
2048,32
2049,151
2050,208
2051,130
2052,94
2053,124
2054,236
2055,237
2056,28
2057,120
2058,197
2059,235
2060,186
2061,155
2062,145
2063,139
2064,199
2065,198
2066,229
2067,122
2068,113
2069,122
2070,197
2071,243
2072,102
2073,224
2074,205
2075,232
2076,226
2077,203
2078,168
2079,140
2080,197
2081,142
2082,87
2083,197
2084,221
2085,149
2086,159
2087,187
2088,243
2089,232
2090,185
2091,83
2092,240
2093,129
2094,150
2095,234
2096,173
2097,176
2098,163
2099,143
2100,27
2101,164
2102,166
2103,166
2104,215
2105,193
2106,208
2107,112
2108,194
2109,134
2110,228
2111,10
2112,176
2113,32
2114,84
2115,217
2116,33
2117,126
2118,179
2119,245
2120,202
2121,226
2122,129
2123,54
2124,245
2125,49
2126,164
2127,235
2128,224
2129,84
2130,92
2131,237
2132,0
2133,215
2134,145
2135,0
2136,208
2137,86
2138,173
2139,24
2140,29
2141,130
2142,178
2143,218
2144,116
2145,174
2146,0
2147,239
2148,84
2149,115
2150,141
2151,194
2152,20
2153,162
2154,209
2155,198
2156,180
2157,184
2158,200
2159,195
2160,108
2161,138
2162,179
2163,139
2164,187
2165,232
2166,161
2167,0
2168,14
2169,244
2170,240
2171,14
2172,220
2173,191
2174,217
2175,220
2176,144
2177,232
2178,126
2179,238
2180,118
2181,236
2182,0
2183,182
2184,116
2185,225
2186,28
2187,228
2188,232
2189,10
2190,207
2191,0
2192,207
2193,104
2194,203
2195,72
2196,230
2197,96
2198,223
2199,172
2200,204
2201,100
2202,223
2203,136
2204,98
2205,238
2206,91
2207,128
2208,166
2209,64
2210,105
2211,189
2212,162
2213,88
2214,170
2215,216
2216,205
2217,153
2218,46
2219,84
2220,162
2221,118
2222,193
2223,221
2224,135
2225,200
2226,219
2227,121
2228,179
2229,207
2230,250
2231,75
2232,135
2233,230
2234,224
2235,196
2236,132
2237,160
2238,165
2239,205
2240,140
2241,245
2242,194
2243,199
2244,243
2245,195
2246,198
2247,162
2248,0
2249,93
2250,171
2251,195
2252,221
2253,149
2254,145
2255,180
2256,163
2257,66
2258,194
2259,136
2260,186
2261,205
2262,183
2263,204
2264,239
2265,172
2266,144
2267,219
2268,232
2269,86
2270,33
2271,231
2272,141
2273,215
2274,170
2275,209
2276,134
2277,105
2278,0
2279,127
2280,181
2281,155
2282,133
2283,154
2284,62
2285,246
2286,70
2287,191
2288,243
2289,200
2290,163
2291,216
2292,16
2293,176
2294,136
2295,243
2296,162
2297,210
2298,226
2299,116
2300,199
2301,150
2302,163
2303,242
2304,172
2305,141
2306,0
2307,0
2308,218
2309,179
2310,211
2311,124
2312,213
2313,229
2314,163
2315,148
2316,38
2317,132
2318,251
2319,138
2320,233
2321,195
2322,126
2323,151
2324,185
2325,197
2326,115
2327,238
2328,153
2329,242
2330,18
2331,159
2332,204
2333,180
2334,193
2335,231
2336,63
2337,119
2338,173
2339,182
2340,220
2341,193
2342,166
2343,161
2344,213
2345,225
2346,162
2347,215
2348,215
2349,218
2350,159
2351,56
2352,185
2353,172
2354,203
2355,177
2356,182
2357,139
2358,213
2359,186
2360,184
2361,63
2362,197
2363,61
2364,234
2365,157
2366,243
2367,83
2368,195
2369,235
2370,202
2371,108
2372,238
2373,190
2374,107
2375,111
2376,219
2377,119
2378,60
2379,241
2380,160
2381,56
2382,139
2383,216
2384,0
2385,132
2386,215
2387,217
2388,153
2389,114
2390,227
2391,185
2392,155
2393,99
2394,90
2395,179
2396,219
2397,120
2398,210
2399,214
