0,14
1,243
2,232
3,182
4,200
5,128
6,192
7,53
8,211
9,134
10,173
11,198
12,235
13,235
14,240
15,136
16,119
17,228
18,122
19,79
20,118
21,177
22,180
23,210
24,32
25,70
26,181
27,171
28,130
29,231
30,228
31,173
32,176
33,172
34,108
35,31
36,232
37,169
38,230
39,244
40,168
41,236
42,182
43,0
44,155
45,241
46,230
47,203
48,159
49,124
50,192
51,164
52,244
53,244
54,213
55,155
56,199
57,149
58,172
59,162
60,67
61,197
62,138
63,214
64,203
65,28
66,229
67,137
68,127
69,165
70,142
71,194
72,211
73,216
74,87
75,130
76,108
77,176
78,142
79,198
80,219
81,138
82,199
83,195
84,190
85,119
86,201
87,248
88,223
89,201
90,181
91,140
92,67
93,235
94,176
95,201
96,133
97,133
98,214
99,227
100,204
101,239
102,214
103,228
104,85
105,146
106,200
107,185
108,147
109,119
110,225
111,224
112,218
113,50
114,209
115,203
116,102
117,171
118,230
119,216
120,167
121,13
122,198
123,218
124,185
125,184
126,179
127,200
128,159
129,118
130,184
131,206
132,222
133,51
134,188
135,196
136,123
137,221
138,188
139,210
140,139
141,211
142,87
143,196
144,213
145,190
146,210
147,207
148,100
149,219
150,133
151,128
152,186
153,168
154,160
155,228
156,246
157,17
158,222
159,198
160,184
161,196
162,119
163,161
164,223
165,240
166,206
167,223
168,148
169,233
170,217
171,157
172,140
173,239
174,153
175,169
176,171
177,126
178,161
179,186
180,197
181,187
182,58
183,48
184,197
185,198
186,171
187,225
188,76
189,186
190,90
191,241
192,188
193,130
194,172
195,214
196,171
197,228
198,238
199,182
200,161
201,222
202,230
203,192
204,189
205,198
206,193
207,191
208,212
209,205
210,163
211,211
212,206
213,204
214,222
215,208
216,218
217,79
218,184
219,218
220,191
221,178
222,245
223,200
224,204
225,231
226,190
227,245
228,220
229,208
230,123
231,212
232,138
233,139
234,152
235,73
236,195
237,108
238,163
239,233
240,114
241,141
242,232
243,198
244,186
245,224
246,206
247,70
248,226
249,157
250,172
251,166
252,212
253,125
254,184
255,143
256,220
257,176
258,205
259,235
260,236
261,113
262,187
263,201
264,169
265,188
266,112
267,196
268,167
269,208
270,239
271,88
272,108
273,183
274,120
275,220
276,178
277,174
278,172
279,174
280,114
281,223
282,106
283,170
284,162
285,112
286,114
287,177
288,213
289,190
290,214
291,228
292,230
293,205
294,184
295,237
296,178
297,189
298,206
299,224
300,190
301,167
302,214
303,177
304,194
305,225
306,237
307,164
308,206
309,179
310,218
311,147
312,181
313,112
314,154
315,87
316,147
317,227
318,186
319,0
320,158
321,123
322,212
323,229
324,231
325,174
326,217
327,237
328,220
329,138
330,174
331,195
332,247
333,225
334,231
335,197
336,157
337,206
338,148
339,199
340,244
341,132
342,93
343,162
344,139
345,154
346,189
347,160
348,247
349,120
350,248
351,195
352,118
353,146
354,229
355,202
356,199
357,150
358,201
359,200
360,150
361,155
362,211
363,137
364,152
365,208
366,89
367,177
368,236
369,203
370,202
371,187
372,215
373,157
374,169
375,160
376,167
377,170
378,169
379,207
380,184
381,158
382,22
383,160
384,221
385,146
386,150
387,219
388,133
389,238
390,153
391,187
392,228
393,138
394,157
395,242
396,235
397,223
398,236
399,100
400,191
401,121
402,245
403,241
404,181
405,127
406,81
407,179
408,208
409,230
410,242
411,238
412,225
413,154
414,105
415,210
416,239
417,250
418,168
419,177
420,169
421,55
422,179
423,147
424,222
425,229
426,95
427,230
428,204
429,161
430,239
431,231
432,92
433,231
434,183
435,130
436,167
437,214
438,224
439,202
440,108
441,224
442,142
443,133
444,210
445,130
446,195
447,189
448,231
449,217
450,220
451,169
452,249
453,132
454,229
455,183
456,217
457,226
458,227
459,192
460,237
461,90
462,178
463,235
464,245
465,149
466,136
467,187
468,209
469,247
470,88
471,236
472,156
473,123
474,187
475,152
476,242
477,190
478,182
479,248
480,201
481,178
482,219
483,212
484,78
485,231
486,118
487,235
488,249
489,97
490,229
491,242
492,144
493,225
494,101
495,251
496,235
497,230
498,174
499,165
500,229
501,242
502,235
503,236
504,192
505,181
506,215
507,213
508,219
509,215
510,138
511,221
512,222
513,137
514,164
515,245
516,227
517,173
518,236
519,228
520,226
521,151
522,167
523,235
524,199
525,244
526,188
527,164
528,224
529,208
530,187
531,222
532,147
533,229
534,220
535,227
536,218
537,102
538,242
539,189
540,122
541,199
542,141
543,218
544,236
545,184
546,159
547,229
548,213
549,200
550,130
551,197
552,200
553,141
554,248
555,203
556,141
557,204
558,160
559,230
560,225
561,249
562,156
563,230
564,158
565,206
566,151
567,230
568,229
569,203
570,220
571,214
572,214
573,208
574,241
575,148
576,218
577,217
578,196
579,242
580,186
581,246
582,220
583,178
584,210
585,132
586,189
587,195
588,191
589,234
590,214
591,168
592,209
593,155
594,154
595,144
596,204
597,226
598,149
599,172
600,121
601,244
602,138
603,94
604,173
605,230
606,148
607,168
608,199
609,134
610,157
611,204
612,162
613,60
614,232
615,157
616,50
617,200
618,234
619,198
620,66
621,198
622,232
623,173
624,175
625,205
626,187
627,224
628,234
629,150
630,221
631,230
632,139
633,154
634,219
635,220
636,240
637,189
638,147
639,119
640,205
641,169
642,241
643,197
644,210
645,178
646,243
647,194
648,234
649,76
650,138
651,229
652,206
653,232
654,204
655,222
656,169
657,224
658,176
659,226
660,139
661,223
662,213
663,183
664,204
665,205
666,234
667,222
668,130
669,210
670,121
671,150
672,198
673,187
674,242
675,211
676,203
677,186
678,159
679,167
680,221
681,145
682,177
683,218
684,227
685,207
686,149
687,234
688,230
689,205
690,98
691,216
692,98
693,250
694,238
695,188
696,129
697,194
698,149
699,165
700,165
701,240
702,242
703,244
704,177
705,225
706,109
707,206
708,164
709,245
710,143
711,229
712,150
713,226
714,164
715,160
716,167
717,249
718,182
719,106
720,212
721,203
722,160
723,105
724,201
725,107
726,203
727,86
728,130
729,209
730,210
731,138
732,182
733,172
734,240
735,172
736,202
737,189
738,188
739,54
740,190
741,226
742,122
743,245
744,220
745,122
746,202
747,146
748,174
749,198
750,85
751,204
752,205
753,186
754,218
755,202
756,198
757,218
758,242
759,103
760,158
761,252
762,246
763,224
764,228
765,221
766,233
767,133
768,215
769,199
770,240
771,74
772,244
773,201
774,150
775,244
776,206
777,233
778,196
779,246
780,162
781,210
782,116
783,213
784,156
785,207
786,32
787,175
788,132
789,224
790,193
791,118
792,112
793,170
794,235
795,91
796,91
797,246
798,90
799,111
800,226
801,175
802,197
803,234
804,244
805,166
806,136
807,211
808,212
809,166
810,220
811,215
812,196
813,165
814,206
815,202
816,148
817,141
818,236
819,203
820,171
821,180
822,231
823,193
824,198
825,187
826,225
827,172
828,243
829,222
830,210
831,205
832,155
833,223
834,153
835,196
836,196
837,157
838,249
839,228
840,138
841,142
842,182
843,212
844,158
845,136
846,154
847,229
848,210
849,216
850,215
851,0
852,104
853,152
854,186
855,179
856,212
857,242
858,180
859,222
860,220
861,186
862,209
863,153
864,193
865,227
866,228
867,245
868,244
869,245
870,196
871,230
872,220
873,208
874,171
875,226
876,193
877,200
878,201
879,194
880,90
881,170
882,211
883,178
884,188
885,168
886,228
887,245
888,160
889,242
890,204
891,84
892,87
893,221
894,187
895,148
896,184
897,31
898,203
899,215
900,169
901,170
902,215
903,181
904,228
905,154
906,202
907,174
908,142
909,185
910,147
911,220
912,127
913,214
914,133
915,239
916,212
917,149
918,181
919,9
920,207
921,184
922,177
923,134
924,213
925,190
926,137
927,207
928,167
929,207
930,134
931,123
932,193
933,226
934,206
935,195
936,171
937,232
938,176
939,142
940,201
941,209
942,201
943,190
944,206
945,142
946,150
947,156
948,211
949,201
950,156
951,157
952,215
953,228
954,216
955,246
956,202
957,217
958,186
959,142
960,211
961,241
962,39
963,230
964,174
965,148
966,116
967,197
968,151
969,195
970,213
971,204
972,198
973,88
974,202
975,186
976,207
977,95
978,218
979,240
980,205
981,207
982,157
983,184
984,165
985,237
986,203
987,236
988,237
989,173
990,243
991,149
992,187
993,228
994,215
995,214
996,208
997,246
998,168
999,223
1000,223
1001,114
1002,152
1003,243
1004,218
1005,223
1006,160
1007,213
1008,203
1009,171
1010,234
1011,198
1012,187
1013,212
1014,202
1015,223
1016,179
1017,200
1018,223
1019,246
1020,226
1021,248
1022,74
1023,194
1024,179
1025,226
1026,205
1027,66
1028,201
1029,193
1030,240
1031,142
1032,85
1033,186
1034,191
1035,209
1036,235
1037,175
1038,233
1039,209
1040,208
1041,136
1042,201
1043,152
1044,141
1045,218
1046,194
1047,156
1048,238
1049,126
1050,160
1051,216
1052,210
1053,193
1054,127
1055,151
1056,243
1057,188
1058,167
1059,218
1060,224
1061,189
1062,205
1063,187
1064,210
1065,199
1066,166
1067,230
1068,246
1069,215
1070,231
1071,182
1072,146
1073,225
1074,243
1075,206
1076,220
1077,211
1078,170
1079,195
1080,220
1081,154
1082,187
1083,131
1084,206
1085,211
1086,208
1087,155
1088,203
1089,149
1090,226
1091,192
1092,231
1093,185
1094,229
1095,237
1096,138
1097,200
1098,214
1099,224
1100,201
1101,222
1102,237
1103,224
1104,156
1105,220
1106,209
1107,121
1108,220
1109,220
1110,182
1111,155
1112,105
1113,237
1114,221
1115,181
1116,228
1117,167
1118,162
1119,176
1120,229
1121,177
1122,157
1123,142
1124,181
1125,169
1126,247
1127,232
1128,185
1129,208
1130,193
1131,239
1132,171
1133,236
1134,184
1135,188
1136,223
1137,214
1138,249
1139,191
1140,244
1141,201
1142,209
1143,138
1144,114
1145,171
1146,57
1147,251
1148,167
1149,211
1150,174
1151,232
1152,181
1153,189
1154,187
1155,192
1156,190
1157,221
1158,207
1159,216
1160,167
1161,220
1162,108
1163,248
1164,170
1165,243
1166,165
1167,227
1168,239
1169,229
1170,167
1171,190
1172,224
1173,176
1174,239
1175,250
1176,219
1177,197
1178,249
1179,167
1180,164
1181,183
1182,144
1183,136
1184,221
1185,231
1186,214
1187,167
1188,114
1189,215
1190,219
1191,115
1192,244
1193,219
1194,235
1195,248
1196,188
1197,196
1198,170
1199,236
1200,180
1201,247
1202,96
1203,223
1204,145
1205,156
1206,132
1207,176
1208,86
1209,196
1210,165
1211,208
1212,210
1213,158
1214,76
1215,161
1216,143
1217,172
1218,116
1219,250
1220,202
1221,183
1222,65
1223,96
1224,160
1225,0
1226,240
1227,94
1228,166
1229,242
1230,117
1231,9
1232,167
1233,172
1234,124
1235,186
1236,199
1237,141
1238,161
1239,205
1240,197
1241,183
1242,125
1243,216
1244,233
1245,250
1246,189
1247,153
1248,242
1249,179
1250,222
1251,154
1252,156
1253,161
1254,108
1255,60
1256,180
1257,241
1258,131
1259,161
1260,187
1261,212
1262,27
1263,248
1264,168
1265,134
1266,91
1267,113
1268,239
1269,188
1270,232
1271,191
1272,179
1273,223
1274,243
1275,234
1276,176
1277,50
1278,169
1279,250
1280,111
1281,92
1282,231
1283,121
1284,122
1285,62
1286,132
1287,0
1288,154
1289,89
1290,227
1291,217
1292,104
1293,161
1294,133
1295,170
1296,242
1297,72
1298,112
1299,34
1300,245
1301,189
1302,235
1303,142
1304,175
1305,227
1306,218
1307,228
1308,0
1309,159
1310,90
1311,163
1312,70
1313,215
1314,210
1315,224
1316,78
1317,192
1318,127
1319,182
1320,87
1321,131
1322,131
1323,230
1324,97
1325,163
1326,55
1327,67
1328,129
1329,214
1330,174
1331,103
1332,117
1333,141
1334,173
1335,75
1336,93
1337,151
1338,27
1339,216
1340,87
1341,172
1342,220
1343,162
1344,97
1345,69
1346,247
1347,25
1348,218
1349,168
1350,228
1351,4
1352,183
1353,0
1354,216
1355,94
1356,220
1357,206
1358,157
1359,96
1360,184
1361,107
1362,148
1363,52
1364,244
1365,243
1366,156
1367,192
1368,74
1369,126
1370,201
1371,199
1372,1
1373,160
1374,240
1375,243
1376,174
1377,200
1378,135
1379,211
1380,201
1381,100
1382,211
1383,222
1384,216
1385,4
1386,243
1387,203
1388,53
1389,76
1390,37
1391,211
1392,181
1393,180
1394,186
1395,50
1396,148
1397,139
1398,192
1399,176
1400,176
1401,185
1402,117
1403,206
1404,225
1405,154
1406,220
1407,110
1408,148
1409,207
1410,203
1411,206
1412,221
1413,204
1414,222
1415,103
1416,169
1417,136
1418,243
1419,195
1420,122
1421,222
1422,246
1423,147
1424,102
1425,242
1426,72
1427,128
1428,191
1429,200
1430,28
1431,164
1432,214
1433,96
1434,121
1435,241
1436,152
1437,141
1438,235
1439,239
1440,225
1441,99
1442,148
1443,241
1444,168
1445,219
1446,144
1447,155
1448,183
1449,95
1450,66
1451,153
1452,202
1453,92
1454,234
1455,248
1456,187
1457,58
1458,156
1459,160
1460,199
1461,216
1462,42
1463,158
1464,138
1465,172
1466,206
1467,223
1468,223
1469,178
1470,121
1471,205
1472,112
1473,131
1474,195
1475,197
1476,197
1477,70
1478,220
1479,133
1480,84
1481,164
1482,236
1483,221
1484,216
1485,138
1486,246
1487,121
1488,243
1489,235
1490,190
1491,14
1492,228
1493,189
1494,251
1495,234
1496,248
1497,220
1498,219
1499,148
1500,128
1501,198
1502,203
1503,175
1504,84
1505,154
1506,24
1507,67
1508,197
1509,188
1510,140
1511,191
1512,153
1513,10
1514,132
1515,233
1516,192
1517,199
1518,217
1519,121
1520,181
1521,234
1522,174
1523,52
1524,121
1525,221
1526,165
1527,189
1528,186
1529,226
1530,160
1531,85
1532,143
1533,225
1534,138
1535,88
1536,120
1537,162
1538,141
1539,223
1540,179
1541,233
1542,54
1543,192
1544,123
1545,107
1546,190
1547,153
1548,58
1549,170
1550,42
1551,97
1552,181
1553,164
1554,107
1555,167
1556,142
1557,185
1558,115
1559,162
1560,224
1561,140
1562,242
1563,163
1564,130
1565,151
1566,96
1567,174
1568,240
1569,81
1570,193
1571,150
1572,245
1573,240
1574,162
1575,220
1576,124
1577,40
1578,44
1579,232
1580,193
1581,120
1582,112
1583,223
1584,193
1585,194
1586,220
1587,106
1588,182
1589,128
1590,232
1591,217
1592,207
1593,200
1594,188
1595,76
1596,141
1597,119
1598,48
1599,109
1600,225
1601,173
1602,136
1603,160
1604,235
1605,228
1606,200
1607,172
1608,230
1609,213
1610,252
1611,155
1612,177
1613,222
1614,162
1615,142
1616,229
1617,178
1618,174
1619,177
1620,159
1621,219
1622,238
1623,149
1624,191
1625,186
1626,85
1627,101
1628,234
1629,125
1630,158
1631,214
1632,216
1633,186
1634,191
1635,238
1636,201
1637,235
1638,51
1639,223
1640,203
1641,183
1642,150
1643,175
1644,218
1645,213
1646,222
1647,254
1648,254
1649,250
1650,234
1651,244
1652,151
1653,156
1654,124
1655,249
1656,184
1657,165
1658,247
1659,221
1660,226
1661,166
1662,176
1663,215
1664,146
1665,249
1666,174
1667,189
1668,171
1669,157
1670,184
1671,197
1672,251
1673,255
1674,192
1675,245
1676,220
1677,230
1678,157
1679,102
1680,229
1681,168
1682,224
1683,169
1684,183
1685,241
1686,169
1687,216
1688,240
1689,158
1690,97
1691,139
1692,212
1693,173
1694,127
1695,143
1696,204
1697,29
1698,219
1699,249
1700,160
1701,219
1702,138
1703,220
1704,215
1705,167
1706,205
1707,124
1708,149
1709,229
1710,196
1711,186
1712,156
1713,139
1714,89
1715,219
1716,231
1717,180
1718,102
1719,225
1720,127
1721,157
1722,153
1723,27
1724,89
1725,168
1726,232
1727,172
1728,166
1729,124
1730,114
1731,226
1732,164
1733,209
1734,136
1735,200
1736,112
1737,92
1738,200
1739,202
1740,68
1741,102
1742,156
1743,229
1744,248
1745,151
1746,158
1747,101
1748,183
1749,149
1750,64
1751,129
1752,110
1753,102
1754,184
1755,201
1756,217
1757,146
1758,221
1759,179
1760,80
1761,73
1762,222
1763,171
1764,214
1765,143
1766,146
1767,172
1768,231
1769,160
1770,194
1771,118
1772,134
1773,153
1774,86
1775,247
1776,243
1777,160
1778,112
1779,174
1780,204
1781,187
1782,21
1783,33
1784,196
1785,136
1786,82
1787,216
1788,206
1789,93
1790,240
1791,249
1792,194
1793,64
1794,200
1795,214
1796,166
1797,190
1798,224
1799,207
1800,175
1801,226
1802,230
1803,76
1804,229
1805,224
1806,188
1807,186
1808,184
1809,206
1810,163
1811,227
1812,151
1813,249
1814,164
1815,176
1816,182
1817,184
1818,172
1819,8
1820,138
1821,194
1822,173
1823,151
1824,210
1825,166
1826,151
1827,206
1828,210
1829,224
1830,210
1831,232
1832,215
1833,148
1834,124
1835,189
1836,163
1837,127
1838,235
1839,204
1840,216
1841,229
1842,198
1843,138
1844,148
1845,76
1846,55
1847,166
1848,216
1849,124
1850,169
1851,197
1852,209
1853,176
1854,181
1855,129
1856,178
1857,244
1858,199
1859,217
1860,225
1861,105
1862,136
1863,230
1864,246
1865,121
1866,212
1867,244
1868,84
1869,249
1870,218
1871,218
1872,177
1873,199
1874,226
1875,234
1876,156
1877,145
1878,180
1879,168
1880,228
1881,149
1882,247
1883,212
1884,171
1885,217
1886,177
1887,122
1888,160
1889,156
1890,235
1891,109
1892,252
1893,242
1894,198
1895,248
1896,134
1897,170
1898,180
1899,170
1900,35
1901,237
1902,141
1903,204
1904,164
1905,205
1906,30
1907,110
1908,229
1909,134
1910,189
1911,250
1912,183
1913,70
1914,91
1915,243
1916,235
1917,238
1918,241
1919,94
1920,209
1921,177
1922,250
1923,204
1924,38
1925,156
1926,205
1927,144
1928,130
1929,151
1930,92
1931,38
1932,247
1933,128
1934,54
1935,254
1936,215
1937,149
1938,189
1939,147
1940,105
1941,239
1942,247
1943,184
1944,146
1945,69
1946,224
1947,217
1948,232
1949,227
1950,191
1951,199
1952,212
1953,172
1954,135
1955,44
1956,211
1957,176
1958,207
1959,194
1960,218
1961,147
1962,60
1963,160
1964,63
1965,214
1966,236
1967,166
1968,205
1969,247
1970,102
1971,180
1972,235
1973,112
1974,183
1975,210
1976,137
1977,164
1978,203
1979,155
1980,154
1981,225
1982,234
1983,198
1984,189
1985,203
1986,220
1987,253
1988,230
1989,249
1990,179
1991,91
1992,241
1993,223
1994,138
1995,235
1996,47
1997,146
1998,234
1999,202
2000,150
2001,61
2002,95
2003,88
2004,203
2005,175
2006,206
2007,242
2008,56
2009,43
2010,249
2011,110
2012,225
2013,222
2014,146
2015,113
2016,186
2017,249
2018,186
2019,221
2020,243
2021,111
2022,210
2023,248
2024,184
2025,103
2026,201
2027,197
2028,139
2029,20
2030,222
2031,212
2032,13
2033,216
2034,131
2035,194
2036,230
2037,134
2038,246
2039,142
2040,187
2041,135
2042,154
2043,239
2044,150
2045,65
2046,234
2047,115
2048,45
2049,171
2050,197
2051,42
2052,64
2053,140
2054,240
2055,233
2056,0
2057,100
2058,202
2059,232
2060,174
2061,133
2062,119
2063,151
2064,189
2065,187
2066,218
2067,91
2068,128
2069,103
2070,197
2071,243
2072,91
2073,222
2074,218
2075,226
2076,222
2077,196
2078,174
2079,88
2080,209
2081,174
2082,117
2083,190
2084,223
2085,127
2086,173
2087,197
2088,224
2089,227
2090,203
2091,62
2092,239
2093,125
2094,167
2095,237
2096,132
2097,172
2098,167
2099,118
2100,8
2101,162
2102,156
2103,155
2104,212
2105,201
2106,213
2107,147
2108,189
2109,112
2110,231
2111,0
2112,127
2113,0
2114,25
2115,183
2116,0
2117,162
2118,174
2119,206
2120,184
2121,217
2122,102
2123,66
2124,246
2125,74
2126,193
2127,236
2128,210
2129,0
2130,126
2131,233
2132,0
2133,200
2134,138
2135,0
2136,204
2137,26
2138,188
2139,0
2140,30
2141,129
2142,170
2143,216
2144,130
2145,195
2146,69
2147,239
2148,50
2149,116
2150,53
2151,176
2152,110
2153,165
2154,193
2155,175
2156,187
2157,197
2158,201
2159,207
2160,44
2161,78
2162,144
2163,136
2164,143
2165,235
2166,172
2167,49
2168,7
2169,247
2170,232
2171,26
2172,213
2173,202
2174,199
2175,208
2176,130
2177,225
2178,153
2179,233
2180,125
2181,238
2182,39
2183,164
2184,12
2185,201
2186,101
2187,225
2188,233
2189,30
2190,195
2191,5
2192,201
2193,112
2194,204
2195,67
2196,188
2197,71
2198,226
2199,172
2200,206
2201,36
2202,232
2203,129
2204,92
2205,239
2206,109
2207,161
2208,160
2209,82
2210,81
2211,165
2212,122
2213,88
2214,165
2215,217
2216,216
2217,147
2218,24
2219,107
2220,164
2221,143
2222,215
2223,212
2224,148
2225,180
2226,215
2227,105
2228,197
2229,207
2230,249
2231,101
2232,119
2233,231
2234,220
2235,160
2236,140
2237,165
2238,153
2239,201
2240,157
2241,244
2242,186
2243,207
2244,244
2245,212
2246,181
2247,126
2248,0
2249,118
2250,153
2251,201
2252,221
2253,140
2254,149
2255,171
2256,181
2257,80
2258,187
2259,98
2260,168
2261,188
2262,193
2263,197
2264,239
2265,194
2266,143
2267,212
2268,228
2269,98
2270,73
2271,236
2272,147
2273,218
2274,168
2275,222
2276,145
2277,78
2278,0
2279,120
2280,159
2281,170
2282,142
2283,165
2284,62
2285,248
2286,124
2287,198
2288,243
2289,196
2290,168
2291,201
2292,15
2293,187
2294,131
2295,243
2296,152
2297,181
2298,226
2299,131
2300,154
2301,129
2302,189
2303,242
2304,171
2305,133
2306,0
2307,0
2308,210
2309,193
2310,202
2311,148
2312,213
2313,232
2314,0
2315,130
2316,78
2317,45
2318,243
2319,138
2320,229
2321,142
2322,148
2323,159
2324,160
2325,210
2326,115
2327,228
2328,141
2329,239
2330,126
2331,135
2332,207
2333,212
2334,186
2335,217
2336,55
2337,90
2338,113
2339,91
2340,202
2341,185
2342,147
2343,159
2344,219
2345,217
2346,128
2347,188
2348,205
2349,214
2350,176
2351,44
2352,203
2353,175
2354,198
2355,208
2356,176
2357,120
2358,197
2359,179
2360,184
2361,89
2362,216
2363,95
2364,237
2365,146
2366,245
2367,46
2368,188
2369,232
2370,196
2371,71
2372,238
2373,191
2374,32
2375,135
2376,216
2377,74
2378,65
2379,233
2380,146
2381,57
2382,148
2383,214
2384,0
2385,150
2386,202
2387,210
2388,142
2389,81
2390,223
2391,197
2392,107
2393,47
2394,75
2395,105
2396,215
2397,141
2398,202
2399,209
