0,17
1,238
2,234
3,198
4,207
5,142
6,195
7,68
8,210
9,128
10,170
11,216
12,233
13,234
14,251
15,142
16,136
17,232
18,126
19,75
20,130
21,170
22,184
23,204
24,16
25,112
26,185
27,157
28,157
29,222
30,229
31,166
32,182
33,175
34,125
35,39
36,233
37,173
38,232
39,245
40,173
41,226
42,171
43,46
44,182
45,242
46,226
47,212
48,180
49,102
50,206
51,170
52,240
53,242
54,213
55,169
56,195
57,155
58,186
59,164
60,62
61,197
62,142
63,211
64,208
65,66
66,225
67,135
68,145
69,136
70,127
71,205
72,213
73,213
74,122
75,165
76,102
77,169
78,167
79,200
80,216
81,143
82,199
83,190
84,203
85,122
86,198
87,248
88,223
89,196
90,180
91,163
92,138
93,239
94,179
95,201
96,143
97,138
98,212
99,226
100,204
101,239
102,224
103,229
104,81
105,151
106,191
107,191
108,178
109,137
110,220
111,216
112,219
113,69
114,204
115,200
116,145
117,175
118,227
119,211
120,197
121,61
122,206
123,226
124,198
125,188
126,176
127,202
128,162
129,87
130,174
131,203
132,222
133,52
134,199
135,180
136,128
137,227
138,187
139,220
140,141
141,225
142,94
143,213
144,209
145,183
146,203
147,207
148,102
149,217
150,127
151,139
152,187
153,169
154,151
155,234
156,246
157,72
158,223
159,206
160,201
161,181
162,138
163,158
164,224
165,232
166,189
167,203
168,158
169,230
170,212
171,149
172,144
173,235
174,160
175,164
176,184
177,115
178,171
179,200
180,180
181,187
182,74
183,103
184,186
185,202
186,174
187,226
188,114
189,195
190,96
191,239
192,178
193,152
194,173
195,215
196,175
197,230
198,241
199,178
200,156
201,219
202,226
203,190
204,196
205,201
206,208
207,207
208,216
209,221
210,145
211,214
212,213
213,214
214,212
215,204
216,214
217,92
218,170
219,214
220,209
221,176
222,245
223,194
224,201
225,222
226,191
227,242
228,222
229,210
230,117
231,212
232,137
233,157
234,160
235,86
236,193
237,97
238,168
239,239
240,138
241,145
242,238
243,213
244,198
245,224
246,205
247,115
248,224
249,174
250,160
251,174
252,211
253,126
254,198
255,171
256,218
257,164
258,212
259,236
260,235
261,131
262,174
263,197
264,180
265,196
266,147
267,187
268,164
269,212
270,237
271,108
272,124
273,174
274,123
275,214
276,186
277,176
278,170
279,162
280,109
281,231
282,99
283,171
284,180
285,109
286,134
287,168
288,217
289,198
290,215
291,232
292,230
293,202
294,181
295,240
296,179
297,180
298,198
299,225
300,202
301,168
302,222
303,180
304,203
305,237
306,230
307,173
308,205
309,188
310,210
311,185
312,182
313,106
314,148
315,125
316,185
317,228
318,187
319,57
320,162
321,121
322,216
323,234
324,231
325,198
326,216
327,238
328,229
329,146
330,170
331,191
332,246
333,212
334,228
335,206
336,170
337,210
338,154
339,211
340,242
341,135
342,87
343,172
344,136
345,151
346,201
347,154
348,248
349,117
350,249
351,202
352,128
353,140
354,219
355,202
356,208
357,152
358,213
359,192
360,144
361,174
362,196
363,137
364,145
365,204
366,101
367,202
368,232
369,193
370,218
371,199
372,235
373,153
374,182
375,162
376,168
377,172
378,162
379,186
380,188
381,172
382,30
383,159
384,228
385,125
386,143
387,234
388,149
389,238
390,175
391,191
392,226
393,164
394,132
395,242
396,233
397,215
398,240
399,137
400,187
401,137
402,246
403,243
404,204
405,141
406,100
407,181
408,211
409,230
410,241
411,233
412,217
413,148
414,111
415,215
416,237
417,250
418,168
419,196
420,191
421,112
422,183
423,144
424,224
425,229
426,120
427,227
428,202
429,183
430,242
431,232
432,105
433,227
434,195
435,144
436,173
437,225
438,222
439,192
440,132
441,228
442,163
443,139
444,215
445,86
446,195
447,189
448,228
449,218
450,231
451,207
452,242
453,149
454,233
455,178
456,220
457,231
458,228
459,203
460,238
461,138
462,189
463,232
464,245
465,166
466,138
467,185
468,212
469,246
470,122
471,236
472,152
473,105
474,195
475,183
476,243
477,201
478,190
479,245
480,198
481,168
482,215
483,225
484,81
485,232
486,106
487,234
488,249
489,122
490,222
491,243
492,140
493,223
494,132
495,251
496,230
497,235
498,174
499,173
500,224
501,237
502,238
503,235
504,172
505,197
506,221
507,199
508,220
509,205
510,136
511,228
512,220
513,158
514,176
515,246
516,226
517,175
518,238
519,237
520,222
521,152
522,167
523,243
524,187
525,242
526,194
527,152
528,219
529,204
530,232
531,228
532,147
533,224
534,224
535,221
536,230
537,147
538,239
539,207
540,211
541,205
542,130
543,217
544,234
545,186
546,167
547,234
548,213
549,203
550,143
551,207
552,211
553,153
554,249
555,219
556,175
557,214
558,160
559,234
560,226
561,247
562,187
563,227
564,162
565,225
566,174
567,226
568,228
569,217
570,231
571,222
572,212
573,219
574,243
575,140
576,220
577,242
578,205
579,243
580,216
581,242
582,215
583,191
584,206
585,150
586,193
587,211
588,200
589,237
590,215
591,168
592,213
593,170
594,172
595,173
596,208
597,238
598,160
599,170
600,156
601,241
602,92
603,90
604,171
605,231
606,158
607,174
608,199
609,149
610,161
611,218
612,192
613,124
614,228
615,175
616,94
617,192
618,237
619,212
620,101
621,196
622,228
623,181
624,172
625,202
626,186
627,219
628,236
629,141
630,218
631,228
632,130
633,152
634,221
635,219
636,241
637,183
638,174
639,145
640,211
641,179
642,243
643,196
644,211
645,164
646,245
647,197
648,223
649,76
650,122
651,223
652,204
653,225
654,203
655,219
656,169
657,216
658,188
659,226
660,140
661,219
662,211
663,184
664,204
665,206
666,235
667,220
668,144
669,208
670,144
671,165
672,195
673,189
674,241
675,214
676,201
677,170
678,157
679,151
680,229
681,153
682,180
683,216
684,230
685,215
686,151
687,233
688,221
689,204
690,111
691,216
692,115
693,249
694,238
695,188
696,127
697,206
698,141
699,156
700,159
701,239
702,239
703,244
704,170
705,216
706,116
707,201
708,171
709,245
710,151
711,231
712,143
713,230
714,166
715,138
716,154
717,245
718,193
719,99
720,209
721,197
722,159
723,109
724,194
725,119
726,211
727,92
728,138
729,224
730,209
731,162
732,179
733,194
734,242
735,192
736,216
737,191
738,198
739,104
740,198
741,229
742,111
743,242
744,225
745,132
746,207
747,161
748,164
749,204
750,100
751,209
752,210
753,186
754,203
755,202
756,202
757,218
758,242
759,122
760,165
761,252
762,247
763,233
764,226
765,217
766,238
767,169
768,220
769,200
770,241
771,90
772,203
773,204
774,135
775,245
776,202
777,238
778,224
779,241
780,176
781,221
782,104
783,206
784,146
785,208
786,94
787,181
788,146
789,224
790,201
791,131
792,118
793,210
794,234
795,110
796,112
797,244
798,98
799,136
800,240
801,167
802,204
803,234
804,243
805,164
806,157
807,209
808,210
809,209
810,218
811,214
812,192
813,164
814,199
815,208
816,123
817,154
818,235
819,208
820,195
821,175
822,234
823,208
824,204
825,195
826,227
827,160
828,244
829,217
830,196
831,209
832,160
833,228
834,153
835,200
836,199
837,177
838,248
839,229
840,136
841,106
842,184
843,206
844,180
845,117
846,139
847,239
848,214
849,220
850,211
851,0
852,103
853,176
854,183
855,123
856,215
857,244
858,179
859,225
860,221
861,147
862,213
863,168
864,186
865,231
866,230
867,243
868,242
869,240
870,198
871,223
872,219
873,200
874,174
875,225
876,185
877,191
878,209
879,194
880,103
881,201
882,192
883,176
884,194
885,168
886,223
887,245
888,163
889,242
890,198
891,96
892,92
893,213
894,193
895,167
896,177
897,83
898,216
899,218
900,147
901,149
902,210
903,204
904,230
905,170
906,214
907,175
908,165
909,181
910,130
911,230
912,127
913,210
914,135
915,241
916,223
917,182
918,181
919,79
920,204
921,175
922,172
923,197
924,221
925,201
926,142
927,208
928,191
929,216
930,158
931,124
932,192
933,225
934,199
935,199
936,199
937,232
938,200
939,173
940,185
941,224
942,191
943,199
944,210
945,159
946,186
947,161
948,209
949,174
950,151
951,172
952,214
953,240
954,211
955,246
956,203
957,216
958,184
959,100
960,213
961,240
962,96
963,227
964,178
965,188
966,147
967,206
968,151
969,218
970,231
971,193
972,208
973,83
974,206
975,186
976,210
977,98
978,223
979,241
980,206
981,219
982,197
983,204
984,171
985,236
986,210
987,236
988,240
989,179
990,241
991,166
992,196
993,228
994,221
995,214
996,210
997,240
998,156
999,221
1000,218
1001,143
1002,192
1003,244
1004,225
1005,229
1006,178
1007,214
1008,206
1009,212
1010,231
1011,196
1012,190
1013,212
1014,209
1015,225
1016,154
1017,213
1018,217
1019,245
1020,226
1021,247
1022,102
1023,182
1024,200
1025,222
1026,211
1027,113
1028,207
1029,202
1030,236
1031,163
1032,102
1033,179
1034,195
1035,208
1036,237
1037,201
1038,231
1039,205
1040,203
1041,150
1042,202
1043,177
1044,171
1045,220
1046,197
1047,160
1048,236
1049,134
1050,189
1051,217
1052,212
1053,188
1054,157
1055,205
1056,238
1057,210
1058,169
1059,216
1060,229
1061,189
1062,203
1063,178
1064,221
1065,211
1066,189
1067,237
1068,246
1069,206
1070,229
1071,195
1072,143
1073,233
1074,243
1075,188
1076,217
1077,203
1078,160
1079,201
1080,228
1081,149
1082,180
1083,136
1084,202
1085,221
1086,220
1087,154
1088,205
1089,157
1090,226
1091,181
1092,219
1093,179
1094,221
1095,240
1096,131
1097,203
1098,213
1099,229
1100,203
1101,226
1102,238
1103,224
1104,176
1105,216
1106,215
1107,155
1108,225
1109,218
1110,198
1111,149
1112,174
1113,226
1114,226
1115,178
1116,227
1117,170
1118,198
1119,171
1120,229
1121,200
1122,162
1123,140
1124,175
1125,188
1126,244
1127,228
1128,185
1129,211
1130,198
1131,239
1132,183
1133,238
1134,173
1135,202
1136,238
1137,219
1138,250
1139,190
1140,246
1141,208
1142,210
1143,126
1144,158
1145,193
1146,38
1147,250
1148,151
1149,219
1150,88
1151,234
1152,203
1153,181
1154,181
1155,191
1156,187
1157,220
1158,208
1159,227
1160,179
1161,231
1162,97
1163,249
1164,159
1165,243
1166,162
1167,222
1168,241
1169,221
1170,183
1171,189
1172,220
1173,196
1174,243
1175,248
1176,221
1177,197
1178,247
1179,153
1180,190
1181,166
1182,152
1183,140
1184,218
1185,247
1186,225
1187,200
1188,143
1189,198
1190,217
1191,107
1192,247
1193,217
1194,235
1195,247
1196,193
1197,194
1198,171
1199,231
1200,184
1201,246
1202,123
1203,229
1204,183
1205,166
1206,137
1207,185
1208,105
1209,196
1210,176
1211,215
1212,213
1213,201
1214,83
1215,106
1216,140
1217,183
1218,125
1219,250
1220,210
1221,188
1222,36
1223,122
1224,184
1225,7
1226,235
1227,106
1228,168
1229,242
1230,126
1231,66
1232,147
1233,172
1234,106
1235,175
1236,199
1237,143
1238,153
1239,203
1240,204
1241,176
1242,112
1243,211
1244,228
1245,248
1246,210
1247,157
1248,239
1249,170
1250,232
1251,172
1252,169
1253,185
1254,88
1255,88
1256,185
1257,234
1258,146
1259,154
1260,151
1261,215
1262,78
1263,247
1264,165
1265,158
1266,104
1267,110
1268,236
1269,194
1270,234
1271,183
1272,188
1273,220
1274,243
1275,231
1276,173
1277,61
1278,196
1279,251
1280,188
1281,74
1282,233
1283,142
1284,123
1285,114
1286,163
1287,42
1288,164
1289,117
1290,235
1291,222
1292,95
1293,185
1294,163
1295,149
1296,237
1297,74
1298,182
1299,83
1300,237
1301,181
1302,240
1303,182
1304,174
1305,232
1306,216
1307,230
1308,71
1309,166
1310,80
1311,168
1312,103
1313,224
1314,231
1315,221
1316,106
1317,178
1318,124
1319,192
1320,73
1321,69
1322,155
1323,239
1324,98
1325,160
1326,120
1327,61
1328,118
1329,219
1330,182
1331,94
1332,98
1333,146
1334,193
1335,121
1336,83
1337,161
1338,77
1339,217
1340,43
1341,203
1342,207
1343,185
1344,50
1345,124
1346,247
1347,93
1348,213
1349,159
1350,241
1351,30
1352,200
1353,0
1354,219
1355,95
1356,229
1357,204
1358,156
1359,142
1360,232
1361,107
1362,157
1363,79
1364,244
1365,241
1366,173
1367,194
1368,88
1369,130
1370,223
1371,197
1372,57
1373,157
1374,240
1375,246
1376,158
1377,199
1378,180
1379,218
1380,208
1381,108
1382,221
1383,232
1384,216
1385,52
1386,233
1387,224
1388,84
1389,33
1390,23
1391,210
1392,161
1393,205
1394,178
1395,49
1396,146
1397,68
1398,154
1399,176
1400,172
1401,202
1402,143
1403,186
1404,225
1405,146
1406,212
1407,98
1408,146
1409,213
1410,189
1411,199
1412,220
1413,221
1414,230
1415,101
1416,177
1417,117
1418,237
1419,190
1420,156
1421,227
1422,243
1423,131
1424,118
1425,232
1426,98
1427,119
1428,208
1429,194
1430,30
1431,171
1432,206
1433,109
1434,147
1435,242
1436,154
1437,142
1438,236
1439,243
1440,237
1441,136
1442,140
1443,239
1444,195
1445,222
1446,146
1447,148
1448,182
1449,127
1450,95
1451,173
1452,202
1453,114
1454,236
1455,245
1456,193
1457,59
1458,187
1459,152
1460,210
1461,218
1462,58
1463,167
1464,92
1465,200
1466,212
1467,221
1468,216
1469,164
1470,132
1471,196
1472,133
1473,166
1474,204
1475,193
1476,196
1477,97
1478,218
1479,153
1480,128
1481,156
1482,236
1483,224
1484,224
1485,110
1486,246
1487,156
1488,238
1489,231
1490,209
1491,33
1492,228
1493,210
1494,250
1495,230
1496,249
1497,229
1498,220
1499,143
1500,127
1501,188
1502,209
1503,168
1504,97
1505,163
1506,100
1507,99
1508,203
1509,190
1510,136
1511,186
1512,173
1513,51
1514,135
1515,232
1516,190
1517,207
1518,232
1519,135
1520,186
1521,238
1522,182
1523,64
1524,151
1525,229
1526,193
1527,202
1528,202
1529,233
1530,157
1531,122
1532,191
1533,239
1534,147
1535,106
1536,130
1537,174
1538,154
1539,219
1540,180
1541,234
1542,81
1543,215
1544,121
1545,100
1546,199
1547,159
1548,70
1549,172
1550,56
1551,98
1552,173
1553,183
1554,139
1555,167
1556,135
1557,199
1558,168
1559,146
1560,232
1561,113
1562,243
1563,173
1564,148
1565,133
1566,115
1567,187
1568,238
1569,130
1570,180
1571,178
1572,243
1573,236
1574,171
1575,244
1576,138
1577,84
1578,33
1579,240
1580,225
1581,148
1582,105
1583,232
1584,185
1585,189
1586,219
1587,147
1588,215
1589,134
1590,235
1591,227
1592,212
1593,205
1594,195
1595,74
1596,141
1597,140
1598,126
1599,108
1600,222
1601,191
1602,170
1603,166
1604,237
1605,214
1606,193
1607,183
1608,224
1609,181
1610,252
1611,157
1612,199
1613,217
1614,178
1615,137
1616,235
1617,171
1618,194
1619,171
1620,147
1621,211
1622,237
1623,181
1624,193
1625,191
1626,108
1627,111
1628,234
1629,181
1630,178
1631,224
1632,213
1633,192
1634,196
1635,234
1636,202
1637,237
1638,59
1639,211
1640,218
1641,166
1642,166
1643,197
1644,216
1645,212
1646,223
1647,253
1648,254
1649,247
1650,238
1651,244
1652,187
1653,148
1654,131
1655,246
1656,189
1657,180
1658,249
1659,220
1660,240
1661,173
1662,196
1663,219
1664,158
1665,249
1666,194
1667,189
1668,170
1669,170
1670,201
1671,210
1672,251
1673,255
1674,192
1675,247
1676,222
1677,235
1678,177
1679,118
1680,227
1681,177
1682,228
1683,194
1684,174
1685,236
1686,175
1687,227
1688,236
1689,179
1690,116
1691,155
1692,226
1693,182
1694,140
1695,167
1696,209
1697,43
1698,213
1699,247
1700,155
1701,228
1702,158
1703,232
1704,211
1705,197
1706,220
1707,154
1708,179
1709,230
1710,199
1711,224
1712,139
1713,136
1714,78
1715,217
1716,232
1717,200
1718,121
1719,221
1720,144
1721,103
1722,185
1723,38
1724,91
1725,177
1726,237
1727,168
1728,171
1729,140
1730,103
1731,226
1732,128
1733,212
1734,141
1735,215
1736,154
1737,128
1738,201
1739,229
1740,83
1741,150
1742,165
1743,233
1744,250
1745,161
1746,144
1747,103
1748,187
1749,195
1750,61
1751,126
1752,122
1753,147
1754,190
1755,208
1756,222
1757,153
1758,231
1759,193
1760,137
1761,50
1762,221
1763,157
1764,219
1765,142
1766,154
1767,150
1768,231
1769,158
1770,211
1771,126
1772,133
1773,162
1774,124
1775,245
1776,241
1777,173
1778,115
1779,179
1780,209
1781,195
1782,62
1783,60
1784,205
1785,154
1786,102
1787,216
1788,210
1789,75
1790,238
1791,248
1792,209
1793,63
1794,201
1795,235
1796,159
1797,184
1798,226
1799,218
1800,179
1801,229
1802,232
1803,143
1804,226
1805,220
1806,172
1807,205
1808,194
1809,229
1810,190
1811,211
1812,180
1813,245
1814,174
1815,170
1816,208
1817,174
1818,160
1819,3
1820,144
1821,215
1822,194
1823,155
1824,215
1825,164
1826,153
1827,222
1828,197
1829,228
1830,217
1831,230
1832,214
1833,162
1834,133
1835,195
1836,165
1837,144
1838,245
1839,214
1840,242
1841,217
1842,208
1843,151
1844,149
1845,100
1846,100
1847,161
1848,231
1849,126
1850,164
1851,203
1852,211
1853,163
1854,178
1855,120
1856,172
1857,246
1858,190
1859,204
1860,227
1861,105
1862,134
1863,236
1864,246
1865,121
1866,212
1867,244
1868,77
1869,249
1870,229
1871,221
1872,197
1873,201
1874,218
1875,225
1876,139
1877,146
1878,199
1879,140
1880,239
1881,176
1882,246
1883,218
1884,170
1885,220
1886,183
1887,140
1888,169
1889,171
1890,234
1891,131
1892,252
1893,239
1894,203
1895,247
1896,145
1897,194
1898,192
1899,171
1900,74
1901,231
1902,148
1903,191
1904,188
1905,208
1906,52
1907,157
1908,236
1909,158
1910,173
1911,247
1912,189
1913,81
1914,87
1915,238
1916,244
1917,240
1918,239
1919,98
1920,199
1921,158
1922,244
1923,219
1924,91
1925,175
1926,184
1927,129
1928,89
1929,161
1930,101
1931,131
1932,241
1933,161
1934,54
1935,254
1936,201
1937,150
1938,190
1939,123
1940,106
1941,235
1942,248
1943,184
1944,120
1945,138
1946,224
1947,224
1948,227
1949,230
1950,205
1951,207
1952,216
1953,177
1954,153
1955,90
1956,220
1957,178
1958,203
1959,202
1960,222
1961,157
1962,84
1963,144
1964,55
1965,218
1966,228
1967,182
1968,207
1969,240
1970,125
1971,183
1972,231
1973,114
1974,185
1975,207
1976,180
1977,160
1978,199
1979,187
1980,178
1981,237
1982,232
1983,213
1984,191
1985,203
1986,206
1987,253
1988,230
1989,239
1990,148
1991,119
1992,233
1993,225
1994,183
1995,230
1996,36
1997,142
1998,233
1999,213
2000,143
2001,84
2002,111
2003,87
2004,198
2005,173
2006,207
2007,235
2008,115
2009,66
2010,247
2011,98
2012,232
2013,229
2014,152
2015,132
2016,181
2017,248
2018,196
2019,223
2020,242
2021,150
2022,204
2023,246
2024,198
2025,101
2026,214
2027,195
2028,145
2029,36
2030,220
2031,198
2032,94
2033,222
2034,113
2035,195
2036,226
2037,148
2038,243
2039,176
2040,201
2041,123
2042,163
2043,237
2044,154
2045,58
2046,230
2047,80
2048,38
2049,182
2050,204
2051,143
2052,114
2053,158
2054,238
2055,232
2056,14
2057,116
2058,196
2059,231
2060,173
2061,164
2062,135
2063,153
2064,201
2065,184
2066,227
2067,106
2068,157
2069,109
2070,210
2071,242
2072,113
2073,220
2074,218
2075,222
2076,224
2077,205
2078,180
2079,149
2080,214
2081,161
2082,128
2083,205
2084,226
2085,146
2086,167
2087,206
2088,249
2089,235
2090,194
2091,109
2092,236
2093,126
2094,166
2095,238
2096,157
2097,166
2098,165
2099,120
2100,0
2101,171
2102,147
2103,162
2104,212
2105,191
2106,209
2107,115
2108,188
2109,143
2110,237
2111,6
2112,183
2113,52
2114,28
2115,220
2116,38
2117,171
2118,186
2119,225
2120,194
2121,204
2122,117
2123,150
2124,244
2125,98
2126,162
2127,218
2128,224
2129,55
2130,134
2131,232
2132,43
2133,223
2134,135
2135,0
2136,213
2137,97
2138,178
2139,8
2140,88
2141,117
2142,166
2143,217
2144,129
2145,197
2146,7
2147,239
2148,139
2149,114
2150,68
2151,191
2152,49
2153,189
2154,206
2155,206
2156,184
2157,181
2158,227
2159,203
2160,110
2161,116
2162,167
2163,153
2164,150
2165,233
2166,154
2167,0
2168,56
2169,241
2170,236
2171,70
2172,218
2173,185
2174,213
2175,220
2176,159
2177,231
2178,136
2179,240
2180,132
2181,237
2182,42
2183,155
2184,49
2185,209
2186,44
2187,228
2188,231
2189,103
2190,199
2191,51
2192,209
2193,114
2194,204
2195,70
2196,185
2197,74
2198,224
2199,156
2200,192
2201,84
2202,217
2203,157
2204,108
2205,234
2206,122
2207,156
2208,162
2209,93
2210,101
2211,174
2212,145
2213,111
2214,152
2215,212
2216,210
2217,159
2218,72
2219,126
2220,169
2221,124
2222,216
2223,211
2224,136
2225,196
2226,221
2227,126
2228,175
2229,207
2230,248
2231,90
2232,155
2233,224
2234,216
2235,204
2236,129
2237,165
2238,178
2239,207
2240,128
2241,241
2242,188
2243,217
2244,243
2245,213
2246,182
2247,137
2248,0
2249,107
2250,147
2251,200
2252,222
2253,117
2254,137
2255,169
2256,171
2257,41
2258,190
2259,116
2260,183
2261,194
2262,203
2263,214
2264,240
2265,195
2266,141
2267,208
2268,231
2269,91
2270,75
2271,235
2272,179
2273,213
2274,180
2275,223
2276,146
2277,80
2278,0
2279,111
2280,193
2281,191
2282,169
2283,159
2284,53
2285,247
2286,101
2287,205
2288,237
2289,198
2290,146
2291,205
2292,52
2293,169
2294,123
2295,241
2296,167
2297,196
2298,227
2299,117
2300,189
2301,154
2302,193
2303,240
2304,165
2305,127
2306,0
2307,0
2308,219
2309,195
2310,209
2311,151
2312,211
2313,232
2314,55
2315,119
2316,79
2317,102
2318,251
2319,124
2320,236
2321,176
2322,151
2323,185
2324,192
2325,211
2326,131
2327,238
2328,172
2329,242
2330,57
2331,170
2332,201
2333,203
2334,196
2335,227
2336,125
2337,112
2338,165
2339,120
2340,217
2341,196
2342,164
2343,143
2344,235
2345,220
2346,154
2347,192
2348,210
2349,216
2350,176
2351,75
2352,200
2353,187
2354,187
2355,178
2356,173
2357,157
2358,205
2359,183
2360,183
2361,130
2362,214
2363,98
2364,235
2365,166
2366,243
2367,93
2368,219
2369,234
2370,194
2371,42
2372,235
2373,192
2374,52
2375,118
2376,213
2377,100
2378,86
2379,237
2380,158
2381,174
2382,167
2383,223
2384,5
2385,127
2386,207
2387,226
2388,128
2389,100
2390,219
2391,205
2392,116
2393,99
2394,84
2395,177
2396,214
2397,157
2398,212
2399,206
