0,205
1,197
2,185
3,226
4,179
5,130
6,199
7,236
8,226
9,128
10,146
11,233
12,209
13,174
14,228
15,183
16,203
17,206
18,242
19,236
20,246
21,115
22,177
23,196
24,244
25,226
26,35
27,82
28,218
29,175
30,51
31,181
32,192
33,239
34,220
35,225
36,236
37,223
38,210
39,241
40,199
41,249
42,217
43,100
44,224
45,212
46,161
47,235
48,134
49,162
50,173
51,220
52,82
53,213
54,194
55,183
56,191
57,193
58,182
59,253
60,232
61,151
62,177
63,229
64,206
65,217
66,250
67,239
68,170
69,128
70,194
71,206
72,175
73,228
74,238
75,164
76,224
77,54
78,207
79,182
80,243
81,242
82,154
83,191
84,224
85,216
86,171
87,203
88,150
89,201
90,214
91,248
92,193
93,175
94,157
95,210
96,222
97,206
98,250
99,178
100,256
101,249
102,185
103,87
104,246
105,217
106,218
107,218
108,172
109,12
110,174
111,189
112,215
113,217
114,246
115,211
116,211
117,231
118,229
119,236
120,164
121,209
122,119
123,79
124,194
125,207
126,233
127,113
128,203
129,158
130,159
131,218
132,223
133,239
134,186
135,196
136,191
137,194
138,122
139,171
140,254
141,235
142,215
143,138
144,157
145,166
146,181
147,194
148,200
149,217
150,126
151,210
152,228
153,198
154,187
155,236
156,249
157,172
158,65
159,134
160,223
161,193
162,221
163,143
164,234
165,46
166,121
167,178
168,163
169,252
170,219
171,150
172,214
173,145
174,242
175,189
176,212
177,213
178,236
179,0
180,164
181,43
182,213
183,232
184,205
185,198
186,229
187,165
188,142
189,227
190,245
191,224
192,136
193,252
194,184
195,242
196,166
197,209
198,194
199,204
200,183
201,208
202,184
203,205
204,252
205,173
206,166
207,210
208,230
209,184
210,166
211,201
212,244
213,237
214,116
215,179
216,212
217,196
218,238
219,186
220,133
221,236
222,200
223,96
224,222
225,252
226,241
227,185
228,222
229,235
230,178
231,177
232,235
233,217
234,189
235,211
236,143
237,215
238,138
239,225
240,230
241,158
242,245
243,183
244,242
245,234
246,233
247,251
248,205
249,212
250,166
251,144
252,212
253,201
254,231
255,248
256,254
257,224
258,180
259,189
260,148
261,193
262,231
263,148
264,223
265,222
266,152
267,137
268,212
269,201
270,147
271,208
272,182
273,252
274,199
275,215
276,229
277,140
278,251
279,194
280,135
281,208
282,219
283,212
284,148
285,221
286,189
287,218
288,220
289,205
290,165
291,232
292,204
293,114
294,204
295,160
296,125
297,108
298,135
299,215
300,176
301,193
302,244
303,190
304,229
305,226
306,152
307,212
308,211
309,249
310,226
311,178
312,180
313,246
314,253
315,158
316,93
317,174
318,244
319,188
320,226
321,109
322,171
323,213
324,218
325,231
326,134
327,239
328,215
329,152
330,232
331,251
332,170
333,215
334,227
335,227
336,199
337,218
338,222
339,109
340,113
341,250
342,233
343,207
344,166
345,160
346,141
347,108
348,49
349,103
350,129
351,175
352,166
353,152
354,208
355,188
356,211
357,229
358,217
359,122
360,211
361,196
362,214
363,145
364,236
365,192
366,198
367,240
368,242
369,171
370,187
371,208
372,135
373,173
374,252
375,134
376,211
377,231
378,134
379,233
380,201
381,107
382,127
383,230
384,194
385,252
386,192
387,95
388,203
389,234
390,241
391,183
392,240
393,128
394,177
395,27
396,215
397,214
398,162
399,236
400,142
401,177
402,217
403,177
404,173
405,208
406,225
407,80
408,206
409,226
410,202
411,136
412,222
413,251
414,195
415,137
416,184
417,87
418,211
419,124
420,230
421,209
422,225
423,245
424,207
425,247
426,229
427,122
428,125
429,188
430,232
431,234
432,224
433,248
434,189
435,179
436,172
437,227
438,206
439,218
440,203
441,145
442,189
443,193
444,202
445,182
446,3
447,206
448,107
449,223
450,85
451,203
452,204
453,197
454,226
455,221
456,201
457,248
458,201
459,249
460,233
461,243
462,247
463,178
464,230
465,195
466,156
467,189
468,152
469,142
470,114
471,192
472,204
473,181
474,175
475,245
476,227
477,184
478,227
479,154
480,158
481,250
482,234
483,248
484,161
485,179
486,225
487,96
488,160
489,231
490,175
491,164
492,204
493,61
494,187
495,147
496,231
497,222
498,240
499,234
500,170
501,194
502,249
503,247
504,159
505,246
506,121
507,205
508,122
509,61
510,228
511,228
512,221
513,251
514,184
515,237
516,191
517,184
518,125
519,227
520,32
521,226
522,175
523,86
524,198
525,211
526,215
527,220
528,226
529,226
530,189
531,208
532,156
533,187
534,251
535,125
536,229
537,232
538,125
539,110
540,225
541,246
542,216
543,195
544,228
545,141
546,206
547,151
548,94
549,256
550,173
551,144
552,226
553,154
554,92
555,206
556,0
557,234
558,174
559,201
560,140
561,211
562,197
563,116
564,216
565,170
566,253
567,254
568,213
569,246
570,219
571,117
572,231
573,238
574,215
575,197
576,228
577,156
578,232
579,255
580,200
581,122
582,204
583,254
584,246
585,121
586,193
587,215
588,206
589,120
590,235
591,227
592,249
593,165
594,166
595,227
596,240
597,248
598,165
599,236
600,168
601,204
602,130
603,221
604,167
605,147
606,173
607,202
608,191
609,141
610,212
611,251
612,188
613,251
614,72
615,253
616,125
617,131
618,143
619,161
620,191
621,205
622,143
623,233
624,169
625,196
626,217
627,197
628,213
629,171
630,206
631,196
632,233
633,212
634,214
635,194
636,172
637,97
638,69
639,223
640,49
641,185
642,189
643,146
644,238
645,231
646,240
647,233
648,186
649,205
650,183
651,250
652,143
653,153
654,0
655,215
656,144
657,250
658,238
659,177
660,226
661,211
662,185
663,207
664,214
665,136
666,236
667,126
668,229
669,154
670,181
671,219
672,38
673,231
674,200
675,230
676,158
677,148
678,202
679,223
680,236
681,155
682,245
683,158
684,206
685,226
686,159
687,193
688,202
689,143
690,244
691,230
692,208
693,200
694,152
695,234
696,143
697,241
698,68
699,153
700,217
701,228
702,158
703,254
704,180
705,235
706,104
707,247
708,92
709,134
710,250
711,251
712,252
713,222
714,133
715,179
716,193
717,221
718,148
719,122
720,136
721,226
722,87
723,225
724,219
725,195
726,144
727,254
728,36
729,197
730,216
731,159
732,227
733,131
734,237
735,156
736,167
737,187
738,222
739,196
740,232
741,226
742,159
743,165
744,183
745,184
746,124
747,255
748,195
749,240
750,191
751,63
752,208
753,145
754,250
755,160
756,232
757,207
758,207
759,239
760,195
761,129
762,240
763,221
764,189
765,240
766,158
767,211
768,164
769,209
770,168
771,218
772,143
773,222
774,200
775,133
776,186
777,226
778,191
779,119
780,231
781,188
782,115
783,244
784,209
785,251
786,239
787,87
788,121
789,225
790,251
791,86
792,195
793,239
794,195
795,238
796,157
797,162
798,231
799,256
800,146
801,232
802,221
803,178
804,179
805,226
806,240
807,205
808,246
809,226
810,214
811,142
812,165
813,233
814,194
815,204
816,208
817,177
818,138
819,202
820,253
821,216
822,0
823,219
824,220
825,200
826,195
827,234
828,216
829,233
830,209
831,197
832,212
833,106
834,169
835,151
836,191
837,121
838,188
839,159
840,234
841,236
842,238
843,229
844,216
845,237
846,108
847,197
848,239
849,154
850,220
851,196
852,192
853,249
854,175
855,133
856,79
857,245
858,180
859,145
860,237
861,202
862,179
863,222
864,171
865,154
866,222
867,239
868,179
869,227
870,196
871,227
872,215
873,214
874,240
875,241
876,214
877,226
878,195
879,213
880,246
881,153
882,4
883,224
884,186
885,233
886,139
887,220
888,217
889,86
890,250
891,208
892,204
893,193
894,172
895,253
896,237
897,231
898,159
899,168
900,165
901,194
902,205
903,142
904,146
905,203
906,103
907,13
908,189
909,237
910,238
911,207
912,49
913,209
914,244
915,213
916,134
917,184
918,164
919,209
920,211
921,184
922,197
923,242
924,240
925,159
926,226
927,128
928,238
929,229
930,222
931,231
932,168
933,240
934,176
935,244
936,237
937,154
938,90
939,250
940,239
941,213
942,103
943,204
944,202
945,234
946,213
947,167
948,173
949,256
950,200
951,243
952,185
953,231
954,247
955,139
956,236
957,244
958,216
959,215
960,211
961,251
962,252
963,171
964,193
965,203
966,251
967,253
968,217
969,173
970,215
971,113
972,189
973,134
974,173
975,170
976,228
977,157
978,227
979,233
980,179
981,255
982,153
983,220
984,236
985,142
986,0
987,233
988,162
989,182
990,149
991,159
992,133
993,222
994,210
995,174
996,211
997,224
998,193
999,251
1000,241
1001,207
1002,250
1003,91
1004,179
1005,174
1006,199
1007,202
1008,151
1009,123
1010,122
1011,167
1012,247
1013,201
1014,229
1015,202
1016,215
1017,227
1018,192
1019,228
1020,213
1021,130
1022,236
1023,176
1024,127
1025,254
1026,193
1027,226
1028,250
1029,197
1030,210
1031,116
1032,75
1033,247
1034,182
1035,248
1036,79
1037,71
1038,178
1039,164
1040,189
1041,163
1042,150
1043,209
1044,147
1045,221
1046,173
1047,201
1048,175
1049,146
1050,225
1051,249
1052,222
1053,187
1054,152
1055,160
1056,189
1057,245
1058,135
1059,211
1060,230
1061,158
1062,216
1063,214
1064,195
1065,236
1066,70
1067,219
1068,225
1069,249
1070,251
1071,183
1072,181
1073,209
1074,149
1075,254
1076,225
1077,251
1078,217
1079,246
1080,174
1081,216
1082,157
1083,191
1084,230
1085,200
1086,181
1087,165
1088,164
1089,185
1090,127
1091,202
1092,126
1093,148
1094,124
1095,223
1096,117
1097,113
1098,157
1099,204
1100,220
1101,241
1102,137
1103,194
1104,240
1105,179
1106,182
1107,250
1108,231
1109,229
1110,254
1111,231
1112,245
1113,242
1114,160
1115,221
1116,205
1117,144
1118,186
1119,189
1120,230
1121,153
1122,175
1123,159
1124,167
1125,239
1126,152
1127,182
1128,96
1129,214
1130,250
1131,256
1132,211
1133,235
1134,88
1135,217
1136,184
1137,170
1138,218
1139,153
1140,242
1141,238
1142,233
1143,120
1144,99
1145,212
1146,184
1147,229
1148,167
1149,162
1150,52
1151,244
1152,126
1153,208
1154,243
1155,149
1156,253
1157,238
1158,221
1159,240
1160,185
1161,228
1162,186
1163,229
1164,113
1165,174
1166,242
1167,188
1168,155
1169,143
1170,242
1171,204
1172,187
1173,198
1174,185
1175,224
1176,145
1177,223
1178,198
1179,247
1180,106
1181,202
1182,176
1183,206
1184,169
1185,242
1186,256
1187,129
1188,117
1189,220
1190,234
1191,212
1192,195
1193,250
1194,247
1195,229
1196,154
1197,192
1198,167
1199,100
1200,97
1201,255
1202,224
1203,236
1204,107
1205,232
1206,228
1207,217
1208,144
1209,233
1210,201
1211,195
1212,206
1213,161
1214,248
1215,0
1216,227
1217,0
1218,187
1219,241
1220,245
1221,182
1222,124
1223,234
1224,142
1225,75
1226,179
1227,199
1228,38
1229,167
1230,163
1231,162
1232,156
1233,243
1234,83
1235,79
1236,152
1237,119
1238,210
1239,246
1240,171
1241,216
1242,197
1243,214
1244,159
1245,87
1246,254
1247,243
1248,171
1249,212
1250,178
1251,201
1252,187
1253,243
1254,215
1255,216
1256,216
1257,159
1258,201
1259,243
1260,237
1261,242
1262,191
1263,253
1264,210
1265,201
1266,193
1267,218
1268,172
1269,242
1270,198
1271,225
1272,217
1273,229
1274,152
1275,182
1276,149
1277,215
1278,213
1279,188
1280,155
1281,182
1282,148
1283,204
1284,238
1285,55
1286,172
1287,48
1288,174
1289,199
1290,130
1291,103
1292,208
1293,113
1294,226
1295,184
1296,236
1297,238
1298,156
1299,250
1300,79
1301,238
1302,226
1303,205
1304,220
1305,144
1306,133
1307,199
1308,159
1309,160
1310,202
1311,198
1312,217
1313,179
1314,211
1315,256
1316,216
1317,179
1318,178
1319,99
1320,190
1321,115
1322,198
1323,239
1324,52
1325,176
1326,189
1327,251
1328,185
1329,224
1330,205
1331,185
1332,255
1333,213
1334,239
1335,185
1336,200
1337,135
1338,194
1339,203
1340,248
1341,254
1342,206
1343,215
1344,235
1345,220
1346,201
1347,254
1348,207
1349,185
1350,231
1351,241
1352,162
1353,237
1354,232
1355,122
1356,163
1357,119
1358,191
1359,89
1360,237
1361,238
1362,229
1363,180
1364,164
1365,178
1366,58
1367,219
1368,172
1369,237
1370,245
1371,205
1372,253
1373,180
1374,190
1375,177
1376,204
1377,219
1378,62
1379,177
1380,198
1381,189
1382,194
1383,238
1384,24
1385,161
1386,165
1387,197
1388,113
1389,248
1390,204
1391,207
1392,168
1393,249
1394,217
1395,232
1396,190
1397,244
1398,146
1399,216
1400,165
1401,208
1402,207
1403,187
1404,191
1405,184
1406,255
1407,28
1408,109
1409,131
1410,192
1411,227
1412,228
1413,241
1414,196
1415,222
1416,69
1417,234
1418,160
1419,42
1420,222
1421,231
1422,193
1423,256
1424,179
1425,193
1426,242
1427,146
1428,189
1429,178
1430,226
1431,143
1432,176
1433,237
1434,198
1435,162
1436,241
1437,232
1438,130
1439,210
1440,207
1441,246
1442,112
1443,251
1444,163
1445,248
1446,225
1447,224
1448,221
1449,176
1450,204
1451,161
1452,239
1453,127
1454,223
1455,236
1456,237
1457,196
1458,209
1459,186
1460,130
1461,211
1462,232
1463,210
1464,79
1465,217
1466,248
1467,223
1468,175
1469,185
1470,120
1471,239
1472,226
1473,207
1474,0
1475,202
1476,140
1477,202
1478,182
1479,209
1480,204
1481,16
1482,231
1483,90
1484,201
1485,214
1486,191
1487,251
1488,180
1489,214
1490,200
1491,251
1492,189
1493,250
1494,145
1495,236
1496,233
1497,191
1498,143
1499,210
1500,73
1501,203
1502,131
1503,157
1504,147
1505,125
1506,157
1507,223
1508,246
1509,173
1510,95
1511,241
1512,88
1513,165
1514,231
1515,182
1516,214
1517,203
1518,233
1519,207
1520,203
1521,218
1522,239
1523,250
1524,139
1525,221
1526,227
1527,176
1528,161
1529,188
1530,162
1531,226
1532,124
1533,47
1534,178
1535,208
1536,227
1537,163
1538,167
1539,235
1540,180
1541,250
1542,248
1543,219
1544,208
1545,145
1546,243
1547,160
1548,144
1549,145
1550,129
1551,159
1552,230
1553,225
1554,123
1555,235
1556,66
1557,208
1558,217
1559,178
1560,178
1561,176
1562,254
1563,181
1564,242
1565,152
1566,235
1567,233
1568,222
1569,172
1570,245
1571,237
1572,196
1573,232
1574,198
1575,202
1576,198
1577,239
1578,189
1579,230
1580,232
1581,242
1582,146
1583,192
1584,122
1585,167
1586,240
1587,236
1588,226
1589,212
1590,240
1591,189
1592,157
1593,129
1594,168
1595,241
1596,210
1597,154
1598,197
1599,172
1600,183
1601,178
1602,206
1603,221
1604,199
1605,250
1606,115
1607,226
1608,142
1609,190
1610,128
1611,233
1612,254
1613,182
1614,228
1615,193
1616,154
1617,154
1618,189
1619,226
1620,222
1621,89
1622,160
1623,197
1624,152
1625,178
1626,180
1627,202
1628,229
1629,163
1630,231
1631,239
1632,202
1633,211
1634,155
1635,202
1636,168
1637,195
1638,126
1639,206
1640,181
1641,212
1642,239
1643,115
1644,183
1645,250
1646,128
1647,232
1648,230
1649,190
1650,241
1651,211
1652,161
1653,175
1654,134
1655,239
1656,104
1657,205
1658,82
1659,176
1660,171
1661,248
1662,177
1663,122
1664,179
1665,241
1666,165
1667,180
1668,225
1669,117
1670,226
1671,130
1672,217
1673,55
1674,214
1675,202
1676,218
1677,229
1678,222
1679,58
1680,149
1681,221
1682,216
1683,154
1684,165
1685,199
1686,235
1687,225
1688,246
1689,214
1690,235
1691,122
1692,164
1693,168
1694,152
1695,81
1696,227
1697,105
1698,221
1699,214
1700,219
1701,248
1702,251
1703,243
1704,256
1705,185
1706,241
1707,256
1708,232
1709,233
1710,212
1711,217
1712,191
1713,167
1714,129
1715,166
1716,142
1717,192
1718,221
1719,190
1720,222
1721,180
1722,206
1723,106
1724,256
1725,221
1726,199
1727,216
1728,217
1729,227
1730,152
1731,204
1732,218
1733,97
1734,155
1735,30
1736,207
1737,250
1738,167
1739,243
1740,211
1741,90
1742,255
1743,181
1744,168
1745,161
1746,173
1747,212
1748,220
1749,179
1750,233
1751,153
1752,144
1753,217
1754,244
1755,196
1756,210
1757,190
1758,243
1759,209
1760,74
1761,67
1762,249
1763,221
1764,191
1765,115
1766,250
1767,182
1768,151
1769,224
1770,0
1771,190
1772,64
1773,167
1774,98
1775,153
1776,104
1777,234
1778,122
1779,174
1780,254
1781,139
1782,213
1783,199
1784,121
1785,177
1786,205
1787,236
1788,199
1789,249
1790,192
1791,108
1792,81
1793,182
1794,129
1795,117
1796,216
1797,43
1798,171
1799,203
1800,174
1801,197
1802,178
1803,120
1804,145
1805,162
1806,67
1807,170
1808,212
1809,121
1810,160
1811,210
1812,212
1813,212
1814,171
1815,187
1816,122
1817,102
1818,94
1819,236
1820,212
1821,202
1822,226
1823,242
1824,217
1825,204
1826,226
1827,181
1828,181
1829,72
1830,127
1831,188
1832,190
1833,250
1834,155
1835,184
1836,222
1837,183
1838,214
1839,145
1840,224
1841,164
1842,245
1843,169
1844,251
1845,29
1846,125
1847,216
1848,88
1849,179
1850,232
1851,139
1852,207
1853,199
1854,148
1855,194
1856,161
1857,208
1858,239
1859,187
1860,157
1861,180
1862,128
1863,178
1864,178
1865,200
1866,178
1867,253
1868,202
1869,219
1870,196
1871,171
1872,72
1873,194
1874,203
1875,229
1876,162
1877,209
1878,247
1879,174
1880,168
1881,88
1882,207
1883,177
1884,250
1885,114
1886,108
1887,245
1888,150
1889,170
1890,228
1891,176
1892,120
1893,211
1894,253
1895,213
1896,200
1897,235
1898,201
1899,196
1900,187
1901,244
1902,202
1903,155
1904,192
1905,192
1906,212
1907,209
1908,184
1909,127
1910,198
1911,218
1912,199
1913,141
1914,134
1915,173
1916,223
1917,203
1918,138
1919,166
1920,234
1921,217
1922,220
1923,197
1924,164
1925,210
1926,226
1927,156
1928,167
1929,202
1930,141
1931,255
1932,231
1933,216
1934,194
1935,245
1936,194
1937,201
1938,81
1939,98
1940,166
1941,220
1942,212
1943,169
1944,245
1945,210
1946,140
1947,181
1948,245
1949,94
1950,158
1951,156
1952,181
1953,119
1954,243
1955,134
1956,192
1957,225
1958,191
1959,161
1960,157
1961,127
1962,192
1963,139
1964,23
1965,175
1966,210
1967,200
1968,249
1969,255
1970,239
1971,253
1972,194
1973,132
1974,219
1975,162
1976,194
1977,230
1978,181
1979,244
1980,187
1981,240
1982,224
1983,229
1984,223
1985,130
1986,240
1987,200
1988,241
1989,200
1990,237
1991,192
1992,239
1993,159
1994,102
1995,213
1996,70
1997,198
1998,203
1999,196
2000,208
2001,221
2002,208
2003,225
2004,177
2005,196
2006,205
2007,230
2008,211
2009,227
2010,229
2011,233
2012,232
2013,215
2014,158
2015,159
2016,226
2017,212
2018,200
2019,229
2020,179
2021,234
2022,90
2023,218
2024,204
2025,234
2026,231
2027,137
2028,191
2029,137
2030,254
2031,230
2032,227
2033,245
2034,183
2035,225
2036,120
2037,144
2038,160
2039,200
2040,131
2041,231
2042,23
2043,193
2044,244
2045,138
2046,256
2047,246
2048,197
2049,167
2050,40
2051,143
2052,153
2053,226
2054,213
2055,229
2056,212
2057,226
2058,208
2059,204
2060,123
2061,210
2062,84
2063,39
2064,115
2065,231
2066,232
2067,125
2068,77
2069,127
2070,177
2071,210
2072,187
2073,221
2074,253
2075,245
2076,161
2077,141
2078,241
2079,156
2080,205
2081,232
2082,226
2083,184
2084,213
2085,156
2086,128
2087,163
2088,209
2089,230
2090,158
2091,254
2092,147
2093,237
2094,211
2095,201
2096,241
2097,187
2098,223
2099,134
2100,175
2101,249
2102,171
2103,161
2104,207
2105,168
2106,242
2107,223
2108,173
2109,240
2110,170
2111,206
2112,151
2113,186
2114,215
2115,234
2116,214
2117,246
2118,231
2119,249
2120,173
2121,40
2122,207
2123,162
2124,230
2125,232
2126,197
2127,186
2128,155
2129,177
2130,234
2131,188
2132,157
2133,186
2134,142
2135,180
2136,222
2137,158
2138,256
2139,209
2140,204
2141,219
2142,188
2143,223
2144,222
2145,220
2146,146
2147,201
2148,211
2149,210
2150,183
2151,254
2152,167
2153,212
2154,238
2155,243
2156,241
2157,214
2158,160
2159,199
2160,131
2161,190
2162,48
2163,243
2164,232
2165,155
2166,239
2167,191
2168,201
2169,252
2170,225
2171,192
2172,130
2173,161
2174,168
2175,186
2176,240
2177,251
2178,207
2179,210
2180,256
2181,196
2182,178
2183,135
2184,178
2185,207
2186,128
2187,45
2188,208
2189,194
2190,193
2191,209
2192,156
2193,69
2194,251
2195,123
2196,108
2197,227
2198,112
2199,152
2200,164
2201,200
2202,239
2203,0
2204,180
2205,134
2206,244
2207,193
2208,172
2209,137
2210,148
2211,243
2212,113
2213,139
2214,232
2215,256
2216,225
2217,232
2218,205
2219,183
2220,176
2221,237
2222,219
2223,176
2224,111
2225,218
2226,220
2227,136
2228,142
2229,170
2230,243
2231,224
2232,135
2233,212
2234,163
2235,240
2236,114
2237,249
2238,220
2239,158
2240,167
2241,195
2242,189
2243,196
2244,192
2245,180
2246,155
2247,217
2248,222
2249,162
2250,235
2251,255
2252,127
2253,214
2254,251
2255,219
2256,109
2257,228
2258,176
2259,61
2260,201
2261,200
2262,230
2263,126
2264,245
2265,146
2266,226
2267,218
2268,0
2269,171
2270,145
2271,104
2272,249
2273,183
2274,227
2275,132
2276,256
2277,238
2278,184
2279,183
2280,229
2281,174
2282,169
2283,37
2284,252
2285,221
2286,113
2287,210
2288,232
2289,241
2290,208
2291,202
2292,243
2293,102
2294,186
2295,152
2296,146
2297,166
2298,252
2299,217
2300,212
2301,209
2302,249
2303,244
2304,240
2305,232
2306,165
2307,132
2308,216
2309,217
2310,187
2311,145
2312,241
2313,224
2314,251
2315,256
2316,199
2317,15
2318,122
2319,212
2320,222
2321,208
2322,237
2323,246
2324,245
2325,228
2326,179
2327,238
2328,139
2329,182
2330,208
2331,158
2332,195
2333,185
2334,236
2335,215
2336,183
2337,220
2338,225
2339,138
2340,235
2341,171
2342,256
2343,202
2344,207
2345,204
2346,230
2347,217
2348,241
2349,218
2350,164
2351,236
2352,91
2353,89
2354,156
2355,248
2356,222
2357,208
2358,198
2359,122
2360,221
2361,110
2362,84
2363,227
2364,214
2365,181
2366,143
2367,246
2368,141
2369,152
2370,242
2371,205
2372,125
2373,243
2374,219
2375,223
2376,219
2377,0
2378,255
2379,246
2380,209
2381,187
2382,125
2383,237
2384,243
2385,212
2386,175
2387,206
2388,224
2389,140
2390,230
2391,142
2392,124
2393,205
2394,128
2395,155
2396,188
2397,247
2398,181
2399,220
