0,27
1,245
2,230
3,183
4,214
5,150
6,194
7,93
8,198
9,151
10,150
11,210
12,230
13,236
14,238
15,165
16,139
17,232
18,193
19,123
20,148
21,177
22,188
23,211
24,115
25,126
26,185
27,151
28,156
29,228
30,230
31,180
32,167
33,173
34,128
35,63
36,235
37,200
38,232
39,244
40,150
41,230
42,163
43,38
44,187
45,237
46,222
47,206
48,168
49,77
50,189
51,150
52,241
53,244
54,209
55,174
56,190
57,164
58,178
59,166
60,82
61,189
62,140
63,212
64,209
65,138
66,230
67,155
68,143
69,160
70,124
71,188
72,211
73,214
74,169
75,133
76,173
77,166
78,190
79,217
80,212
81,170
82,195
83,197
84,200
85,107
86,195
87,248
88,221
89,212
90,181
91,165
92,152
93,235
94,184
95,202
96,144
97,139
98,203
99,226
100,177
101,238
102,229
103,231
104,105
105,153
106,196
107,189
108,143
109,136
110,218
111,222
112,209
113,35
114,214
115,219
116,101
117,151
118,224
119,223
120,196
121,124
122,191
123,224
124,191
125,198
126,177
127,200
128,182
129,140
130,212
131,197
132,212
133,56
134,195
135,179
136,86
137,223
138,208
139,221
140,148
141,215
142,67
143,198
144,212
145,182
146,188
147,207
148,142
149,212
150,129
151,134
152,179
153,160
154,142
155,234
156,247
157,68
158,223
159,191
160,194
161,163
162,111
163,146
164,225
165,234
166,195
167,225
168,158
169,240
170,220
171,157
172,165
173,242
174,154
175,153
176,183
177,87
178,183
179,188
180,213
181,180
182,128
183,167
184,185
185,194
186,170
187,231
188,96
189,197
190,132
191,241
192,183
193,144
194,155
195,216
196,172
197,226
198,240
199,179
200,137
201,222
202,229
203,203
204,204
205,201
206,209
207,193
208,211
209,204
210,138
211,221
212,212
213,212
214,208
215,202
216,213
217,103
218,173
219,209
220,195
221,187
222,245
223,190
224,206
225,228
226,178
227,244
228,218
229,212
230,126
231,209
232,147
233,139
234,162
235,87
236,189
237,147
238,187
239,234
240,170
241,135
242,237
243,207
244,167
245,224
246,203
247,87
248,218
249,176
250,211
251,169
252,183
253,109
254,188
255,175
256,222
257,172
258,202
259,238
260,230
261,160
262,203
263,201
264,144
265,192
266,88
267,183
268,165
269,209
270,242
271,104
272,122
273,167
274,81
275,219
276,181
277,170
278,165
279,189
280,103
281,224
282,131
283,163
284,184
285,109
286,175
287,163
288,220
289,204
290,214
291,229
292,233
293,204
294,185
295,238
296,182
297,186
298,204
299,224
300,187
301,169
302,212
303,177
304,205
305,229
306,220
307,157
308,194
309,196
310,218
311,164
312,181
313,122
314,151
315,156
316,175
317,221
318,175
319,146
320,167
321,175
322,214
323,228
324,228
325,184
326,218
327,238
328,232
329,142
330,152
331,203
332,246
333,211
334,228
335,208
336,185
337,216
338,149
339,188
340,243
341,175
342,157
343,155
344,140
345,156
346,184
347,158
348,247
349,105
350,249
351,193
352,132
353,138
354,209
355,208
356,197
357,166
358,219
359,196
360,143
361,154
362,205
363,163
364,144
365,203
366,104
367,195
368,229
369,197
370,198
371,202
372,230
373,151
374,110
375,136
376,167
377,191
378,163
379,207
380,191
381,166
382,93
383,161
384,224
385,140
386,142
387,232
388,139
389,236
390,159
391,193
392,229
393,170
394,139
395,242
396,234
397,224
398,237
399,138
400,180
401,95
402,245
403,242
404,192
405,151
406,85
407,166
408,198
409,230
410,240
411,230
412,214
413,137
414,87
415,211
416,241
417,249
418,172
419,183
420,165
421,89
422,169
423,144
424,226
425,232
426,124
427,230
428,189
429,149
430,238
431,231
432,118
433,230
434,187
435,111
436,159
437,217
438,216
439,197
440,135
441,224
442,146
443,141
444,200
445,133
446,184
447,187
448,225
449,217
450,225
451,170
452,242
453,138
454,223
455,175
456,216
457,232
458,217
459,200
460,240
461,147
462,165
463,229
464,245
465,133
466,133
467,186
468,206
469,246
470,115
471,232
472,152
473,116
474,179
475,153
476,243
477,184
478,120
479,245
480,191
481,185
482,207
483,214
484,48
485,233
486,106
487,234
488,249
489,121
490,222
491,239
492,144
493,217
494,93
495,251
496,232
497,232
498,167
499,172
500,235
501,238
502,234
503,232
504,173
505,178
506,228
507,207
508,208
509,218
510,138
511,240
512,222
513,125
514,176
515,246
516,230
517,201
518,235
519,238
520,228
521,159
522,140
523,235
524,181
525,243
526,195
527,146
528,214
529,199
530,210
531,223
532,183
533,229
534,221
535,226
536,229
537,128
538,243
539,197
540,185
541,212
542,121
543,216
544,232
545,185
546,172
547,231
548,215
549,199
550,127
551,205
552,217
553,146
554,249
555,224
556,153
557,210
558,171
559,227
560,239
561,247
562,195
563,229
564,157
565,219
566,178
567,228
568,234
569,226
570,227
571,236
572,216
573,226
574,242
575,148
576,223
577,241
578,194
579,242
580,214
581,246
582,208
583,153
584,207
585,163
586,195
587,202
588,191
589,235
590,211
591,166
592,209
593,157
594,147
595,155
596,206
597,236
598,151
599,151
600,138
601,243
602,143
603,85
604,138
605,234
606,159
607,193
608,186
609,132
610,160
611,198
612,197
613,85
614,230
615,129
616,26
617,203
618,235
619,196
620,102
621,190
622,232
623,182
624,149
625,206
626,184
627,222
628,233
629,150
630,220
631,226
632,149
633,158
634,214
635,214
636,238
637,170
638,157
639,141
640,203
641,181
642,241
643,186
644,197
645,145
646,242
647,187
648,221
649,74
650,132
651,226
652,202
653,226
654,207
655,208
656,162
657,218
658,183
659,227
660,139
661,216
662,202
663,194
664,188
665,194
666,234
667,219
668,148
669,211
670,125
671,159
672,191
673,184
674,243
675,213
676,205
677,192
678,162
679,137
680,222
681,152
682,158
683,216
684,221
685,203
686,149
687,230
688,219
689,200
690,110
691,213
692,54
693,250
694,238
695,186
696,125
697,202
698,144
699,161
700,156
701,241
702,237
703,244
704,178
705,214
706,95
707,193
708,170
709,246
710,155
711,225
712,125
713,224
714,161
715,180
716,171
717,249
718,187
719,105
720,209
721,189
722,165
723,107
724,202
725,101
726,200
727,55
728,114
729,207
730,209
731,133
732,188
733,180
734,239
735,189
736,228
737,175
738,184
739,77
740,197
741,216
742,148
743,245
744,225
745,127
746,197
747,126
748,159
749,215
750,76
751,202
752,202
753,197
754,208
755,218
756,200
757,216
758,244
759,149
760,172
761,252
762,245
763,230
764,228
765,217
766,235
767,144
768,212
769,198
770,241
771,87
772,218
773,199
774,139
775,246
776,199
777,242
778,211
779,245
780,171
781,218
782,98
783,202
784,131
785,207
786,66
787,181
788,121
789,218
790,181
791,126
792,103
793,188
794,234
795,126
796,110
797,243
798,131
799,123
800,235
801,168
802,194
803,233
804,245
805,161
806,128
807,206
808,214
809,190
810,210
811,212
812,195
813,153
814,214
815,200
816,140
817,160
818,238
819,201
820,167
821,166
822,230
823,208
824,191
825,188
826,225
827,160
828,243
829,211
830,203
831,212
832,163
833,226
834,176
835,189
836,188
837,162
838,248
839,229
840,144
841,148
842,184
843,219
844,146
845,135
846,159
847,236
848,209
849,219
850,209
851,85
852,160
853,156
854,192
855,145
856,213
857,244
858,177
859,217
860,213
861,183
862,197
863,155
864,198
865,233
866,227
867,244
868,245
869,244
870,200
871,221
872,218
873,200
874,171
875,218
876,175
877,187
878,199
879,170
880,105
881,210
882,216
883,179
884,186
885,159
886,231
887,244
888,175
889,242
890,204
891,92
892,88
893,214
894,170
895,164
896,174
897,97
898,198
899,212
900,195
901,168
902,203
903,202
904,230
905,156
906,210
907,161
908,173
909,165
910,137
911,226
912,112
913,209
914,140
915,240
916,214
917,165
918,180
919,42
920,194
921,185
922,181
923,157
924,211
925,191
926,170
927,218
928,190
929,206
930,118
931,147
932,199
933,235
934,188
935,210
936,182
937,236
938,180
939,164
940,158
941,208
942,180
943,215
944,222
945,149
946,194
947,139
948,209
949,211
950,166
951,142
952,218
953,240
954,219
955,246
956,206
957,213
958,177
959,130
960,203
961,241
962,135
963,230
964,178
965,163
966,147
967,183
968,169
969,215
970,212
971,176
972,201
973,101
974,211
975,190
976,206
977,119
978,220
979,241
980,206
981,225
982,190
983,212
984,166
985,238
986,200
987,230
988,239
989,160
990,241
991,153
992,193
993,232
994,222
995,211
996,194
997,245
998,171
999,226
1000,218
1001,144
1002,177
1003,244
1004,225
1005,229
1006,125
1007,211
1008,196
1009,205
1010,230
1011,202
1012,178
1013,200
1014,203
1015,226
1016,170
1017,205
1018,218
1019,246
1020,191
1021,247
1022,103
1023,157
1024,171
1025,224
1026,223
1027,136
1028,192
1029,193
1030,240
1031,179
1032,110
1033,179
1034,188
1035,216
1036,232
1037,178
1038,228
1039,196
1040,201
1041,123
1042,214
1043,163
1044,153
1045,221
1046,195
1047,155
1048,234
1049,145
1050,189
1051,207
1052,212
1053,182
1054,164
1055,177
1056,241
1057,193
1058,174
1059,212
1060,228
1061,192
1062,198
1063,168
1064,218
1065,212
1066,190
1067,227
1068,245
1069,212
1070,236
1071,186
1072,131
1073,235
1074,241
1075,208
1076,218
1077,197
1078,140
1079,185
1080,223
1081,153
1082,150
1083,135
1084,200
1085,221
1086,212
1087,138
1088,209
1089,174
1090,224
1091,184
1092,227
1093,177
1094,215
1095,244
1096,122
1097,207
1098,214
1099,230
1100,197
1101,222
1102,237
1103,225
1104,172
1105,218
1106,220
1107,118
1108,223
1109,227
1110,190
1111,168
1112,165
1113,223
1114,228
1115,174
1116,226
1117,166
1118,190
1119,170
1120,233
1121,177
1122,161
1123,151
1124,170
1125,171
1126,247
1127,229
1128,193
1129,211
1130,200
1131,240
1132,180
1133,236
1134,176
1135,194
1136,216
1137,204
1138,249
1139,187
1140,246
1141,188
1142,205
1143,106
1144,159
1145,177
1146,54
1147,251
1148,145
1149,200
1150,122
1151,228
1152,192
1153,197
1154,167
1155,188
1156,199
1157,226
1158,212
1159,231
1160,187
1161,228
1162,120
1163,249
1164,175
1165,241
1166,170
1167,228
1168,243
1169,222
1170,186
1171,187
1172,225
1173,194
1174,240
1175,248
1176,216
1177,187
1178,247
1179,152
1180,193
1181,156
1182,161
1183,166
1184,220
1185,239
1186,219
1187,182
1188,128
1189,210
1190,225
1191,142
1192,247
1193,212
1194,231
1195,248
1196,190
1197,194
1198,159
1199,236
1200,181
1201,246
1202,150
1203,215
1204,188
1205,172
1206,131
1207,184
1208,150
1209,210
1210,170
1211,226
1212,205
1213,186
1214,78
1215,153
1216,105
1217,182
1218,133
1219,250
1220,203
1221,202
1222,64
1223,126
1224,176
1225,76
1226,240
1227,103
1228,162
1229,236
1230,134
1231,39
1232,157
1233,173
1234,108
1235,187
1236,193
1237,184
1238,162
1239,207
1240,202
1241,166
1242,115
1243,225
1244,229
1245,250
1246,216
1247,138
1248,239
1249,173
1250,233
1251,165
1252,192
1253,206
1254,57
1255,72
1256,184
1257,241
1258,146
1259,140
1260,169
1261,214
1262,102
1263,248
1264,181
1265,167
1266,84
1267,93
1268,239
1269,193
1270,231
1271,191
1272,192
1273,228
1274,241
1275,225
1276,150
1277,106
1278,201
1279,251
1280,215
1281,167
1282,233
1283,154
1284,140
1285,46
1286,176
1287,5
1288,158
1289,168
1290,235
1291,224
1292,107
1293,191
1294,130
1295,168
1296,243
1297,63
1298,169
1299,122
1300,246
1301,195
1302,243
1303,108
1304,199
1305,233
1306,219
1307,228
1308,84
1309,182
1310,149
1311,162
1312,110
1313,226
1314,230
1315,223
1316,71
1317,192
1318,130
1319,216
1320,96
1321,94
1322,167
1323,241
1324,44
1325,155
1326,167
1327,99
1328,154
1329,216
1330,172
1331,111
1332,115
1333,176
1334,167
1335,168
1336,134
1337,137
1338,1
1339,216
1340,105
1341,186
1342,215
1343,197
1344,134
1345,112
1346,247
1347,109
1348,201
1349,180
1350,233
1351,0
1352,201
1353,31
1354,219
1355,94
1356,228
1357,209
1358,166
1359,155
1360,204
1361,112
1362,173
1363,60
1364,244
1365,247
1366,190
1367,178
1368,162
1369,143
1370,202
1371,199
1372,143
1373,153
1374,240
1375,248
1376,154
1377,205
1378,162
1379,222
1380,216
1381,112
1382,218
1383,231
1384,223
1385,130
1386,241
1387,199
1388,55
1389,43
1390,56
1391,223
1392,179
1393,198
1394,193
1395,29
1396,156
1397,97
1398,200
1399,178
1400,182
1401,198
1402,129
1403,216
1404,224
1405,153
1406,209
1407,100
1408,151
1409,219
1410,187
1411,205
1412,220
1413,210
1414,228
1415,121
1416,165
1417,127
1418,245
1419,190
1420,159
1421,221
1422,246
1423,117
1424,154
1425,248
1426,66
1427,116
1428,201
1429,203
1430,42
1431,196
1432,222
1433,127
1434,149
1435,239
1436,152
1437,158
1438,232
1439,242
1440,224
1441,104
1442,146
1443,249
1444,185
1445,220
1446,151
1447,171
1448,201
1449,121
1450,51
1451,186
1452,196
1453,103
1454,236
1455,248
1456,181
1457,128
1458,167
1459,180
1460,202
1461,234
1462,101
1463,165
1464,67
1465,202
1466,211
1467,215
1468,234
1469,159
1470,130
1471,202
1472,156
1473,166
1474,191
1475,212
1476,201
1477,118
1478,218
1479,161
1480,162
1481,161
1482,245
1483,225
1484,217
1485,155
1486,246
1487,152
1488,245
1489,236
1490,185
1491,53
1492,231
1493,206
1494,251
1495,232
1496,248
1497,223
1498,218
1499,175
1500,144
1501,207
1502,211
1503,171
1504,129
1505,170
1506,94
1507,100
1508,191
1509,198
1510,124
1511,195
1512,164
1513,173
1514,142
1515,232
1516,194
1517,201
1518,216
1519,128
1520,192
1521,236
1522,177
1523,102
1524,138
1525,221
1526,189
1527,207
1528,192
1529,232
1530,137
1531,120
1532,171
1533,229
1534,148
1535,108
1536,123
1537,171
1538,155
1539,235
1540,175
1541,239
1542,68
1543,216
1544,155
1545,111
1546,198
1547,174
1548,98
1549,173
1550,33
1551,102
1552,150
1553,178
1554,193
1555,167
1556,122
1557,212
1558,185
1559,142
1560,232
1561,130
1562,244
1563,154
1564,150
1565,164
1566,89
1567,211
1568,241
1569,90
1570,191
1571,193
1572,246
1573,238
1574,184
1575,242
1576,149
1577,137
1578,133
1579,237
1580,204
1581,153
1582,130
1583,231
1584,184
1585,196
1586,219
1587,138
1588,187
1589,148
1590,238
1591,225
1592,203
1593,195
1594,180
1595,6
1596,160
1597,131
1598,88
1599,163
1600,225
1601,206
1602,177
1603,160
1604,241
1605,224
1606,206
1607,158
1608,228
1609,196
1610,252
1611,137
1612,193
1613,223
1614,162
1615,157
1616,237
1617,166
1618,181
1619,194
1620,149
1621,219
1622,240
1623,179
1624,208
1625,201
1626,109
1627,104
1628,234
1629,160
1630,163
1631,219
1632,204
1633,198
1634,191
1635,234
1636,193
1637,234
1638,42
1639,215
1640,216
1641,191
1642,177
1643,208
1644,228
1645,211
1646,234
1647,254
1648,253
1649,251
1650,238
1651,244
1652,175
1653,160
1654,147
1655,249
1656,193
1657,175
1658,247
1659,220
1660,240
1661,168
1662,190
1663,219
1664,161
1665,249
1666,174
1667,192
1668,111
1669,153
1670,206
1671,206
1672,251
1673,255
1674,201
1675,247
1676,225
1677,235
1678,157
1679,124
1680,232
1681,172
1682,229
1683,198
1684,175
1685,235
1686,166
1687,226
1688,239
1689,155
1690,101
1691,131
1692,220
1693,180
1694,94
1695,165
1696,190
1697,26
1698,216
1699,249
1700,152
1701,218
1702,137
1703,219
1704,217
1705,186
1706,222
1707,146
1708,186
1709,232
1710,207
1711,201
1712,141
1713,128
1714,44
1715,222
1716,233
1717,191
1718,107
1719,221
1720,160
1721,148
1722,194
1723,70
1724,63
1725,181
1726,241
1727,204
1728,187
1729,160
1730,112
1731,223
1732,174
1733,210
1734,150
1735,196
1736,154
1737,154
1738,193
1739,221
1740,105
1741,139
1742,159
1743,230
1744,251
1745,157
1746,167
1747,101
1748,201
1749,170
1750,105
1751,140
1752,125
1753,101
1754,182
1755,219
1756,223
1757,149
1758,234
1759,195
1760,87
1761,69
1762,221
1763,152
1764,215
1765,138
1766,154
1767,165
1768,230
1769,171
1770,205
1771,142
1772,138
1773,175
1774,105
1775,246
1776,245
1777,179
1778,121
1779,182
1780,210
1781,198
1782,20
1783,51
1784,202
1785,155
1786,129
1787,224
1788,203
1789,126
1790,242
1791,249
1792,205
1793,101
1794,202
1795,232
1796,148
1797,188
1798,219
1799,203
1800,167
1801,227
1802,230
1803,136
1804,224
1805,217
1806,153
1807,187
1808,198
1809,207
1810,198
1811,213
1812,166
1813,247
1814,148
1815,178
1816,201
1817,190
1818,158
1819,81
1820,145
1821,193
1822,182
1823,153
1824,212
1825,158
1826,154
1827,192
1828,204
1829,231
1830,222
1831,233
1832,215
1833,155
1834,102
1835,204
1836,171
1837,160
1838,239
1839,212
1840,229
1841,227
1842,209
1843,140
1844,171
1845,100
1846,110
1847,159
1848,219
1849,124
1850,191
1851,193
1852,209
1853,155
1854,178
1855,153
1856,192
1857,244
1858,197
1859,213
1860,225
1861,160
1862,130
1863,235
1864,246
1865,126
1866,187
1867,242
1868,94
1869,249
1870,237
1871,222
1872,194
1873,204
1874,224
1875,223
1876,172
1877,160
1878,190
1879,161
1880,229
1881,169
1882,245
1883,214
1884,171
1885,218
1886,203
1887,135
1888,179
1889,170
1890,234
1891,116
1892,252
1893,238
1894,206
1895,247
1896,128
1897,195
1898,196
1899,183
1900,107
1901,235
1902,125
1903,205
1904,169
1905,204
1906,72
1907,151
1908,230
1909,142
1910,172
1911,250
1912,196
1913,116
1914,114
1915,240
1916,234
1917,237
1918,237
1919,90
1920,196
1921,186
1922,249
1923,198
1924,102
1925,175
1926,190
1927,138
1928,90
1929,158
1930,73
1931,64
1932,247
1933,146
1934,61
1935,254
1936,206
1937,188
1938,181
1939,97
1940,119
1941,241
1942,246
1943,190
1944,119
1945,165
1946,220
1947,222
1948,234
1949,229
1950,210
1951,215
1952,230
1953,174
1954,134
1955,79
1956,217
1957,190
1958,210
1959,206
1960,224
1961,128
1962,68
1963,155
1964,95
1965,219
1966,235
1967,192
1968,211
1969,245
1970,115
1971,186
1972,235
1973,109
1974,196
1975,206
1976,180
1977,176
1978,188
1979,191
1980,181
1981,232
1982,236
1983,225
1984,191
1985,209
1986,212
1987,253
1988,225
1989,251
1990,128
1991,120
1992,238
1993,225
1994,165
1995,231
1996,42
1997,150
1998,232
1999,211
2000,158
2001,25
2002,142
2003,105
2004,197
2005,165
2006,226
2007,245
2008,43
2009,46
2010,248
2011,94
2012,233
2013,234
2014,139
2015,110
2016,195
2017,249
2018,188
2019,223
2020,248
2021,129
2022,199
2023,247
2024,184
2025,88
2026,209
2027,199
2028,149
2029,32
2030,234
2031,202
2032,22
2033,217
2034,137
2035,197
2036,229
2037,161
2038,244
2039,195
2040,198
2041,125
2042,160
2043,241
2044,148
2045,85
2046,234
2047,99
2048,37
2049,177
2050,214
2051,130
2052,115
2053,156
2054,234
2055,234
2056,4
2057,153
2058,201
2059,233
2060,185
2061,153
2062,150
2063,143
2064,203
2065,184
2066,228
2067,132
2068,134
2069,105
2070,203
2071,245
2072,112
2073,219
2074,211
2075,225
2076,226
2077,215
2078,170
2079,183
2080,215
2081,150
2082,141
2083,207
2084,217
2085,146
2086,183
2087,194
2088,236
2089,222
2090,179
2091,70
2092,239
2093,125
2094,165
2095,236
2096,156
2097,196
2098,175
2099,158
2100,138
2101,166
2102,169
2103,159
2104,218
2105,195
2106,206
2107,156
2108,182
2109,164
2110,228
2111,45
2112,139
2113,0
2114,71
2115,199
2116,99
2117,143
2118,146
2119,242
2120,206
2121,209
2122,177
2123,210
2124,245
2125,79
2126,169
2127,240
2128,217
2129,123
2130,184
2131,234
2132,84
2133,226
2134,138
2135,0
2136,203
2137,132
2138,156
2139,99
2140,122
2141,141
2142,192
2143,216
2144,164
2145,194
2146,80
2147,240
2148,103
2149,132
2150,174
2151,201
2152,141
2153,162
2154,198
2155,183
2156,176
2157,183
2158,226
2159,196
2160,154
2161,183
2162,182
2163,158
2164,190
2165,233
2166,164
2167,53
2168,24
2169,245
2170,239
2171,83
2172,217
2173,186
2174,217
2175,200
2176,175
2177,229
2178,168
2179,234
2180,128
2181,237
2182,0
2183,177
2184,148
2185,217
2186,136
2187,229
2188,233
2189,146
2190,200
2191,49
2192,198
2193,102
2194,205
2195,74
2196,200
2197,113
2198,226
2199,173
2200,191
2201,111
2202,217
2203,160
2204,102
2205,236
2206,114
2207,153
2208,170
2209,88
2210,113
2211,184
2212,155
2213,69
2214,164
2215,214
2216,212
2217,172
2218,63
2219,108
2220,193
2221,140
2222,210
2223,221
2224,146
2225,206
2226,213
2227,83
2228,176
2229,209
2230,250
2231,82
2232,165
2233,234
2234,224
2235,189
2236,128
2237,163
2238,157
2239,203
2240,168
2241,248
2242,199
2243,209
2244,245
2245,208
2246,190
2247,197
2248,9
2249,118
2250,168
2251,200
2252,223
2253,161
2254,135
2255,188
2256,179
2257,107
2258,195
2259,145
2260,187
2261,185
2262,203
2263,209
2264,242
2265,182
2266,141
2267,209
2268,224
2269,89
2270,89
2271,236
2272,160
2273,220
2274,176
2275,218
2276,171
2277,115
2278,36
2279,128
2280,181
2281,165
2282,153
2283,150
2284,78
2285,247
2286,135
2287,219
2288,243
2289,200
2290,173
2291,218
2292,45
2293,173
2294,112
2295,242
2296,155
2297,202
2298,226
2299,147
2300,220
2301,176
2302,193
2303,243
2304,172
2305,145
2306,0
2307,45
2308,219
2309,185
2310,205
2311,134
2312,220
2313,231
2314,148
2315,130
2316,65
2317,133
2318,251
2319,129
2320,233
2321,215
2322,164
2323,191
2324,194
2325,212
2326,141
2327,237
2328,187
2329,242
2330,142
2331,184
2332,201
2333,189
2334,189
2335,228
2336,97
2337,110
2338,197
2339,162
2340,201
2341,209
2342,150
2343,164
2344,220
2345,223
2346,158
2347,235
2348,209
2349,214
2350,176
2351,158
2352,193
2353,188
2354,196
2355,181
2356,170
2357,178
2358,201
2359,181
2360,180
2361,118
2362,216
2363,90
2364,227
2365,140
2366,243
2367,119
2368,209
2369,236
2370,186
2371,99
2372,236
2373,195
2374,111
2375,164
2376,214
2377,134
2378,88
2379,238
2380,160
2381,185
2382,184
2383,212
2384,1
2385,138
2386,211
2387,216
2388,142
2389,122
2390,210
2391,199
2392,159
2393,150
2394,87
2395,192
2396,222
2397,143
2398,205
2399,210
