0,150
1,165
2,181
3,213
4,204
5,0
6,204
7,237
8,232
9,138
10,144
11,235
12,203
13,169
14,219
15,151
16,204
17,195
18,231
19,240
20,233
21,112
22,179
23,212
24,243
25,228
26,34
27,30
28,216
29,176
30,0
31,187
32,174
33,239
34,223
35,231
36,236
37,226
38,219
39,241
40,220
41,251
42,198
43,51
44,223
45,213
46,167
47,236
48,142
49,170
50,163
51,215
52,100
53,208
54,221
55,184
56,174
57,185
58,212
59,253
60,234
61,178
62,181
63,226
64,205
65,220
66,250
67,231
68,185
69,193
70,205
71,209
72,174
73,230
74,239
75,160
76,236
77,0
78,212
79,225
80,239
81,240
82,114
83,139
84,222
85,209
86,166
87,205
88,154
89,207
90,185
91,247
92,199
93,154
94,92
95,210
96,229
97,162
98,250
99,189
100,256
101,250
102,157
103,101
104,247
105,213
106,209
107,213
108,128
109,4
110,159
111,195
112,211
113,234
114,246
115,222
116,227
117,194
118,231
119,240
120,191
121,210
122,93
123,86
124,201
125,203
126,230
127,46
128,213
129,154
130,159
131,210
132,225
133,244
134,127
135,197
136,128
137,156
138,128
139,156
140,253
141,234
142,218
143,116
144,199
145,189
146,189
147,155
148,208
149,218
150,131
151,220
152,220
153,182
154,159
155,232
156,248
157,147
158,55
159,93
160,230
161,185
162,228
163,151
164,239
165,52
166,116
167,188
168,146
169,252
170,223
171,134
172,214
173,85
174,210
175,190
176,220
177,216
178,225
179,0
180,107
181,12
182,189
183,224
184,205
185,197
186,227
187,176
188,154
189,225
190,248
191,221
192,120
193,253
194,191
195,235
196,163
197,191
198,149
199,199
200,165
201,217
202,190
203,192
204,253
205,166
206,164
207,216
208,216
209,144
210,85
211,202
212,244
213,237
214,120
215,180
216,212
217,182
218,230
219,176
220,170
221,222
222,207
223,90
224,224
225,253
226,245
227,183
228,221
229,232
230,123
231,175
232,234
233,217
234,178
235,205
236,153
237,212
238,135
239,226
240,223
241,176
242,248
243,179
244,233
245,184
246,223
247,252
248,196
249,214
250,184
251,131
252,192
253,175
254,226
255,248
256,254
257,219
258,193
259,176
260,145
261,204
262,232
263,57
264,211
265,218
266,162
267,155
268,232
269,180
270,188
271,208
272,186
273,253
274,213
275,187
276,210
277,128
278,250
279,160
280,134
281,199
282,217
283,208
284,156
285,217
286,192
287,218
288,212
289,203
290,171
291,230
292,187
293,92
294,203
295,141
296,90
297,86
298,58
299,214
300,174
301,188
302,244
303,102
304,230
305,226
306,139
307,214
308,215
309,240
310,224
311,172
312,177
313,246
314,253
315,171
316,133
317,112
318,212
319,200
320,220
321,0
322,171
323,226
324,190
325,233
326,148
327,247
328,215
329,72
330,232
331,252
332,118
333,217
334,223
335,231
336,190
337,219
338,222
339,99
340,98
341,252
342,235
343,209
344,164
345,145
346,131
347,132
348,60
349,49
350,113
351,164
352,64
353,153
354,204
355,185
356,193
357,211
358,219
359,126
360,209
361,192
362,209
363,145
364,232
365,198
366,183
367,239
368,240
369,45
370,164
371,206
372,0
373,171
374,247
375,116
376,204
377,237
378,141
379,219
380,166
381,110
382,158
383,220
384,170
385,252
386,192
387,87
388,172
389,227
390,240
391,188
392,240
393,120
394,141
395,0
396,211
397,210
398,164
399,236
400,0
401,175
402,214
403,164
404,189
405,210
406,225
407,46
408,201
409,232
410,196
411,132
412,224
413,251
414,181
415,118
416,117
417,77
418,208
419,91
420,232
421,189
422,221
423,243
424,198
425,241
426,224
427,6
428,140
429,185
430,220
431,231
432,211
433,245
434,200
435,165
436,191
437,206
438,194
439,227
440,203
441,143
442,201
443,182
444,176
445,156
446,0
447,207
448,116
449,227
450,85
451,170
452,196
453,138
454,234
455,218
456,205
457,245
458,202
459,250
460,236
461,244
462,249
463,193
464,229
465,122
466,155
467,186
468,136
469,160
470,87
471,182
472,200
473,138
474,180
475,239
476,212
477,169
478,230
479,127
480,192
481,246
482,236
483,241
484,114
485,164
486,230
487,0
488,163
489,233
490,163
491,162
492,189
493,11
494,196
495,159
496,229
497,217
498,245
499,238
500,187
501,198
502,245
503,247
504,154
505,243
506,94
507,199
508,88
509,37
510,231
511,230
512,223
513,251
514,189
515,234
516,169
517,206
518,114
519,211
520,4
521,230
522,183
523,90
524,180
525,196
526,218
527,218
528,210
529,197
530,184
531,218
532,123
533,183
534,250
535,57
536,218
537,228
538,133
539,132
540,174
541,245
542,214
543,186
544,231
545,161
546,196
547,145
548,102
549,256
550,194
551,148
552,226
553,157
554,80
555,210
556,0
557,235
558,129
559,184
560,151
561,195
562,192
563,111
564,222
565,180
566,247
567,253
568,204
569,246
570,209
571,108
572,206
573,240
574,204
575,195
576,227
577,115
578,233
579,255
580,176
581,70
582,196
583,251
584,246
585,95
586,184
587,220
588,201
589,81
590,235
591,231
592,251
593,123
594,178
595,225
596,240
597,245
598,156
599,236
600,133
601,206
602,115
603,214
604,158
605,133
606,196
607,192
608,205
609,123
610,213
611,251
612,175
613,249
614,48
615,253
616,131
617,173
618,126
619,110
620,200
621,218
622,128
623,233
624,172
625,214
626,218
627,203
628,210
629,150
630,189
631,214
632,237
633,223
634,216
635,198
636,172
637,89
638,84
639,231
640,71
641,155
642,176
643,118
644,236
645,231
646,241
647,211
648,190
649,178
650,186
651,250
652,103
653,179
654,0
655,206
656,134
657,250
658,235
659,52
660,229
661,206
662,168
663,208
664,230
665,110
666,234
667,138
668,209
669,7
670,201
671,224
672,28
673,235
674,204
675,225
676,96
677,132
678,192
679,224
680,244
681,157
682,245
683,149
684,204
685,224
686,122
687,184
688,186
689,86
690,231
691,232
692,201
693,213
694,184
695,228
696,109
697,234
698,0
699,142
700,216
701,226
702,141
703,255
704,184
705,232
706,103
707,248
708,28
709,133
710,245
711,247
712,253
713,222
714,146
715,172
716,93
717,220
718,74
719,84
720,127
721,235
722,52
723,218
724,228
725,163
726,121
727,253
728,81
729,201
730,201
731,87
732,223
733,86
734,243
735,128
736,188
737,167
738,221
739,196
740,226
741,222
742,82
743,96
744,191
745,164
746,84
747,255
748,194
749,240
750,211
751,0
752,205
753,123
754,250
755,61
756,230
757,200
758,194
759,235
760,192
761,71
762,214
763,232
764,178
765,245
766,156
767,213
768,134
769,210
770,175
771,220
772,149
773,233
774,206
775,132
776,190
777,226
778,187
779,71
780,209
781,174
782,62
783,244
784,207
785,250
786,241
787,76
788,70
789,226
790,251
791,91
792,186
793,238
794,197
795,199
796,103
797,156
798,238
799,256
800,155
801,246
802,213
803,133
804,178
805,208
806,246
807,218
808,248
809,222
810,235
811,71
812,184
813,230
814,172
815,217
816,209
817,109
818,5
819,197
820,251
821,218
822,0
823,217
824,230
825,220
826,185
827,231
828,204
829,238
830,146
831,190
832,220
833,66
834,210
835,3
836,143
837,126
838,173
839,159
840,234
841,239
842,235
843,224
844,195
845,240
846,102
847,201
848,235
849,169
850,215
851,146
852,183
853,246
854,103
855,152
856,80
857,245
858,176
859,138
860,237
861,193
862,192
863,218
864,135
865,140
866,217
867,241
868,164
869,222
870,179
871,222
872,217
873,212
874,243
875,241
876,197
877,229
878,209
879,153
880,246
881,122
882,0
883,223
884,178
885,221
886,72
887,229
888,189
889,55
890,249
891,212
892,198
893,198
894,177
895,253
896,241
897,231
898,137
899,156
900,95
901,193
902,196
903,143
904,109
905,203
906,84
907,50
908,189
909,215
910,223
911,204
912,65
913,105
914,245
915,216
916,137
917,157
918,146
919,201
920,216
921,166
922,193
923,242
924,244
925,168
926,227
927,123
928,238
929,229
930,228
931,231
932,125
933,240
934,178
935,227
936,230
937,130
938,3
939,250
940,240
941,198
942,90
943,141
944,209
945,240
946,212
947,180
948,145
949,256
950,183
951,241
952,160
953,234
954,243
955,116
956,238
957,245
958,218
959,185
960,224
961,250
962,250
963,161
964,197
965,206
966,250
967,253
968,220
969,169
970,194
971,108
972,207
973,127
974,188
975,161
976,233
977,167
978,227
979,235
980,61
981,255
982,177
983,227
984,239
985,80
986,0
987,236
988,145
989,186
990,174
991,144
992,111
993,214
994,192
995,163
996,203
997,223
998,192
999,251
1000,242
1001,204
1002,250
1003,2
1004,186
1005,167
1006,178
1007,194
1008,140
1009,73
1010,81
1011,175
1012,248
1013,205
1014,230
1015,170
1016,214
1017,228
1018,183
1019,236
1020,192
1021,119
1022,237
1023,182
1024,129
1025,254
1026,66
1027,230
1028,248
1029,159
1030,177
1031,129
1032,76
1033,248
1034,181
1035,248
1036,108
1037,25
1038,196
1039,69
1040,181
1041,162
1042,164
1043,209
1044,143
1045,224
1046,182
1047,212
1048,145
1049,143
1050,229
1051,250
1052,225
1053,137
1054,148
1055,131
1056,184
1057,245
1058,86
1059,200
1060,226
1061,164
1062,220
1063,221
1064,193
1065,231
1066,69
1067,197
1068,232
1069,248
1070,252
1071,184
1072,155
1073,198
1074,80
1075,253
1076,220
1077,248
1078,197
1079,244
1080,156
1081,208
1082,152
1083,202
1084,222
1085,138
1086,162
1087,188
1088,50
1089,194
1090,107
1091,197
1092,42
1093,110
1094,90
1095,204
1096,102
1097,155
1098,126
1099,202
1100,214
1101,237
1102,120
1103,159
1104,238
1105,168
1106,180
1107,250
1108,234
1109,228
1110,253
1111,232
1112,248
1113,241
1114,153
1115,208
1116,206
1117,128
1118,188
1119,196
1120,229
1121,124
1122,145
1123,130
1124,135
1125,238
1126,16
1127,195
1128,123
1129,216
1130,249
1131,256
1132,217
1133,237
1134,90
1135,210
1136,189
1137,175
1138,184
1139,42
1140,229
1141,238
1142,237
1143,123
1144,111
1145,170
1146,173
1147,179
1148,175
1149,160
1150,212
1151,245
1152,104
1153,205
1154,241
1155,146
1156,253
1157,234
1158,230
1159,239
1160,185
1161,230
1162,165
1163,223
1164,133
1165,149
1166,243
1167,193
1168,169
1169,155
1170,240
1171,151
1172,185
1173,194
1174,182
1175,208
1176,136
1177,225
1178,187
1179,246
1180,60
1181,150
1182,148
1183,220
1184,165
1185,240
1186,256
1187,99
1188,212
1189,223
1190,237
1191,234
1192,193
1193,249
1194,248
1195,228
1196,183
1197,171
1198,145
1199,0
1200,89
1201,255
1202,223
1203,234
1204,83
1205,225
1206,219
1207,219
1208,174
1209,235
1210,173
1211,208
1212,212
1213,43
1214,250
1215,0
1216,228
1217,0
1218,188
1219,242
1220,245
1221,145
1222,68
1223,198
1224,131
1225,116
1226,199
1227,177
1228,50
1229,138
1230,168
1231,171
1232,138
1233,235
1234,109
1235,80
1236,125
1237,104
1238,212
1239,232
1240,185
1241,220
1242,187
1243,219
1244,193
1245,11
1246,254
1247,239
1248,186
1249,214
1250,168
1251,197
1252,185
1253,234
1254,213
1255,208
1256,220
1257,145
1258,199
1259,245
1260,237
1261,239
1262,111
1263,251
1264,201
1265,200
1266,179
1267,213
1268,190
1269,239
1270,141
1271,220
1272,217
1273,224
1274,99
1275,182
1276,72
1277,196
1278,213
1279,200
1280,162
1281,188
1282,98
1283,195
1284,244
1285,25
1286,175
1287,15
1288,147
1289,222
1290,148
1291,0
1292,200
1293,116
1294,210
1295,163
1296,239
1297,237
1298,175
1299,250
1300,33
1301,238
1302,217
1303,173
1304,218
1305,105
1306,106
1307,201
1308,132
1309,166
1310,191
1311,204
1312,168
1313,126
1314,216
1315,256
1316,218
1317,166
1318,174
1319,135
1320,204
1321,106
1322,202
1323,245
1324,46
1325,154
1326,184
1327,251
1328,184
1329,223
1330,205
1331,187
1332,255
1333,220
1334,238
1335,178
1336,204
1337,77
1338,194
1339,183
1340,247
1341,253
1342,200
1343,207
1344,235
1345,214
1346,191
1347,254
1348,161
1349,181
1350,232
1351,240
1352,154
1353,231
1354,232
1355,41
1356,173
1357,152
1358,170
1359,76
1360,234
1361,244
1362,218
1363,149
1364,155
1365,188
1366,53
1367,218
1368,135
1369,234
1370,239
1371,169
1372,253
1373,217
1374,194
1375,168
1376,206
1377,211
1378,10
1379,192
1380,194
1381,193
1382,187
1383,236
1384,34
1385,180
1386,53
1387,207
1388,59
1389,248
1390,200
1391,201
1392,111
1393,233
1394,215
1395,235
1396,196
1397,238
1398,136
1399,178
1400,125
1401,201
1402,164
1403,169
1404,157
1405,146
1406,255
1407,0
1408,107
1409,132
1410,183
1411,229
1412,233
1413,231
1414,185
1415,224
1416,50
1417,235
1418,151
1419,63
1420,213
1421,211
1422,208
1423,256
1424,176
1425,194
1426,240
1427,142
1428,172
1429,182
1430,230
1431,109
1432,158
1433,234
1434,199
1435,125
1436,240
1437,230
1438,127
1439,219
1440,217
1441,245
1442,25
1443,252
1444,156
1445,247
1446,228
1447,218
1448,224
1449,186
1450,197
1451,141
1452,239
1453,160
1454,214
1455,215
1456,240
1457,198
1458,206
1459,191
1460,28
1461,175
1462,240
1463,205
1464,38
1465,221
1466,249
1467,215
1468,158
1469,192
1470,115
1471,241
1472,215
1473,211
1474,0
1475,193
1476,149
1477,224
1478,187
1479,170
1480,199
1481,0
1482,229
1483,99
1484,201
1485,204
1486,183
1487,251
1488,176
1489,220
1490,159
1491,250
1492,186
1493,250
1494,145
1495,232
1496,226
1497,202
1498,136
1499,207
1500,50
1501,197
1502,162
1503,161
1504,131
1505,127
1506,133
1507,217
1508,239
1509,178
1510,72
1511,239
1512,95
1513,175
1514,231
1515,156
1516,190
1517,196
1518,234
1519,203
1520,190
1521,209
1522,242
1523,248
1524,96
1525,219
1526,229
1527,172
1528,198
1529,184
1530,168
1531,225
1532,84
1533,21
1534,153
1535,203
1536,213
1537,149
1538,150
1539,234
1540,178
1541,248
1542,250
1543,222
1544,185
1545,92
1546,240
1547,147
1548,125
1549,174
1550,131
1551,180
1552,223
1553,218
1554,38
1555,236
1556,53
1557,193
1558,203
1559,158
1560,186
1561,172
1562,254
1563,189
1564,242
1565,158
1566,234
1567,238
1568,215
1569,169
1570,242
1571,236
1572,192
1573,217
1574,195
1575,206
1576,160
1577,231
1578,194
1579,240
1580,231
1581,237
1582,184
1583,208
1584,111
1585,171
1586,239
1587,230
1588,224
1589,212
1590,241
1591,197
1592,155
1593,165
1594,176
1595,236
1596,228
1597,123
1598,199
1599,149
1600,191
1601,194
1602,197
1603,203
1604,197
1605,236
1606,50
1607,227
1608,121
1609,198
1610,137
1611,211
1612,254
1613,183
1614,226
1615,218
1616,119
1617,163
1618,201
1619,204
1620,224
1621,135
1622,164
1623,200
1624,168
1625,188
1626,123
1627,201
1628,225
1629,66
1630,231
1631,240
1632,192
1633,215
1634,68
1635,201
1636,166
1637,188
1638,0
1639,162
1640,147
1641,210
1642,242
1643,78
1644,161
1645,253
1646,109
1647,221
1648,218
1649,195
1650,240
1651,200
1652,135
1653,122
1654,35
1655,241
1656,127
1657,236
1658,72
1659,147
1660,158
1661,249
1662,180
1663,139
1664,183
1665,241
1666,44
1667,193
1668,208
1669,145
1670,222
1671,78
1672,222
1673,23
1674,215
1675,199
1676,214
1677,197
1678,214
1679,0
1680,138
1681,221
1682,208
1683,166
1684,166
1685,184
1686,232
1687,225
1688,246
1689,201
1690,229
1691,12
1692,137
1693,162
1694,156
1695,66
1696,178
1697,155
1698,222
1699,210
1700,222
1701,249
1702,252
1703,242
1704,256
1705,192
1706,247
1707,256
1708,230
1709,241
1710,201
1711,223
1712,163
1713,171
1714,87
1715,168
1716,107
1717,172
1718,218
1719,191
1720,218
1721,175
1722,224
1723,81
1724,256
1725,223
1726,199
1727,223
1728,229
1729,232
1730,102
1731,199
1732,219
1733,12
1734,153
1735,53
1736,202
1737,251
1738,152
1739,244
1740,205
1741,77
1742,253
1743,184
1744,197
1745,108
1746,176
1747,215
1748,213
1749,172
1750,232
1751,170
1752,137
1753,219
1754,244
1755,203
1756,211
1757,186
1758,240
1759,207
1760,8
1761,32
1762,249
1763,208
1764,184
1765,50
1766,251
1767,190
1768,145
1769,222
1770,0
1771,206
1772,0
1773,160
1774,86
1775,155
1776,135
1777,236
1778,88
1779,173
1780,254
1781,34
1782,215
1783,212
1784,90
1785,193
1786,195
1787,236
1788,190
1789,248
1790,115
1791,45
1792,73
1793,199
1794,4
1795,0
1796,206
1797,52
1798,162
1799,195
1800,229
1801,197
1802,176
1803,104
1804,121
1805,137
1806,67
1807,153
1808,190
1809,95
1810,163
1811,201
1812,212
1813,195
1814,172
1815,184
1816,131
1817,103
1818,69
1819,238
1820,213
1821,108
1822,204
1823,238
1824,210
1825,214
1826,225
1827,192
1828,178
1829,41
1830,128
1831,180
1832,198
1833,244
1834,78
1835,137
1836,220
1837,135
1838,219
1839,94
1840,227
1841,155
1842,245
1843,135
1844,251
1845,113
1846,114
1847,214
1848,26
1849,177
1850,232
1851,58
1852,205
1853,201
1854,120
1855,209
1856,159
1857,219
1858,236
1859,166
1860,151
1861,177
1862,141
1863,190
1864,198
1865,213
1866,180
1867,252
1868,205
1869,235
1870,193
1871,155
1872,7
1873,190
1874,200
1875,217
1876,83
1877,178
1878,240
1879,166
1880,133
1881,83
1882,193
1883,149
1884,247
1885,75
1886,62
1887,245
1888,128
1889,198
1890,230
1891,117
1892,96
1893,216
1894,252
1895,217
1896,194
1897,208
1898,193
1899,161
1900,180
1901,246
1902,204
1903,168
1904,194
1905,189
1906,219
1907,214
1908,182
1909,112
1910,202
1911,218
1912,183
1913,0
1914,142
1915,154
1916,220
1917,202
1918,106
1919,169
1920,236
1921,215
1922,225
1923,189
1924,26
1925,185
1926,199
1927,158
1928,164
1929,166
1930,154
1931,255
1932,217
1933,227
1934,204
1935,241
1936,195
1937,203
1938,0
1939,85
1940,140
1941,230
1942,186
1943,178
1944,247
1945,212
1946,118
1947,200
1948,243
1949,73
1950,168
1951,122
1952,156
1953,14
1954,240
1955,78
1956,182
1957,234
1958,126
1959,138
1960,98
1961,83
1962,152
1963,91
1964,38
1965,153
1966,209
1967,202
1968,247
1969,255
1970,240
1971,252
1972,198
1973,141
1974,219
1975,0
1976,147
1977,223
1978,194
1979,243
1980,186
1981,226
1982,213
1983,231
1984,225
1985,0
1986,243
1987,194
1988,241
1989,202
1990,241
1991,180
1992,240
1993,125
1994,59
1995,209
1996,78
1997,191
1998,161
1999,194
2000,194
2001,225
2002,206
2003,193
2004,167
2005,192
2006,205
2007,228
2008,199
2009,222
2010,226
2011,235
2012,227
2013,218
2014,159
2015,166
2016,221
2017,203
2018,198
2019,222
2020,198
2021,233
2022,61
2023,213
2024,192
2025,241
2026,227
2027,125
2028,202
2029,114
2030,254
2031,236
2032,228
2033,237
2034,153
2035,225
2036,160
2037,113
2038,166
2039,196
2040,115
2041,223
2042,0
2043,153
2044,244
2045,127
2046,256
2047,246
2048,190
2049,167
2050,0
2051,161
2052,140
2053,222
2054,188
2055,227
2056,219
2057,219
2058,207
2059,215
2060,113
2061,219
2062,48
2063,0
2064,52
2065,242
2066,196
2067,114
2068,0
2069,106
2070,185
2071,204
2072,184
2073,228
2074,252
2075,245
2076,138
2077,116
2078,240
2079,142
2080,214
2081,232
2082,229
2083,195
2084,220
2085,85
2086,97
2087,161
2088,204
2089,227
2090,95
2091,254
2092,172
2093,235
2094,223
2095,196
2096,240
2097,185
2098,161
2099,111
2100,194
2101,246
2102,165
2103,159
2104,210
2105,162
2106,242
2107,233
2108,134
2109,239
2110,204
2111,215
2112,129
2113,187
2114,210
2115,233
2116,208
2117,244
2118,226
2119,246
2120,157
2121,20
2122,215
2123,142
2124,228
2125,214
2126,184
2127,150
2128,145
2129,164
2130,234
2131,118
2132,150
2133,144
2134,148
2135,182
2136,225
2137,76
2138,256
2139,213
2140,192
2141,213
2142,219
2143,227
2144,222
2145,234
2146,153
2147,167
2148,216
2149,210
2150,188
2151,254
2152,145
2153,243
2154,238
2155,242
2156,246
2157,223
2158,170
2159,177
2160,120
2161,182
2162,17
2163,210
2164,240
2165,174
2166,231
2167,171
2168,192
2169,252
2170,227
2171,187
2172,39
2173,127
2174,169
2175,164
2176,239
2177,249
2178,204
2179,208
2180,256
2181,171
2182,131
2183,120
2184,184
2185,201
2186,123
2187,0
2188,210
2189,198
2190,155
2191,219
2192,127
2193,35
2194,244
2195,104
2196,123
2197,217
2198,89
2199,146
2200,142
2201,193
2202,235
2203,42
2204,163
2205,169
2206,238
2207,171
2208,194
2209,155
2210,138
2211,239
2212,130
2213,142
2214,224
2215,256
2216,179
2217,239
2218,201
2219,184
2220,187
2221,241
2222,220
2223,171
2224,0
2225,199
2226,220
2227,113
2228,140
2229,138
2230,243
2231,231
2232,114
2233,170
2234,121
2235,236
2236,114
2237,243
2238,209
2239,152
2240,173
2241,157
2242,190
2243,218
2244,130
2245,185
2246,168
2247,189
2248,221
2249,106
2250,234
2251,255
2252,88
2253,210
2254,251
2255,223
2256,105
2257,220
2258,166
2259,96
2260,213
2261,201
2262,229
2263,151
2264,240
2265,36
2266,201
2267,205
2268,0
2269,156
2270,144
2271,78
2272,249
2273,199
2274,233
2275,34
2276,256
2277,233
2278,129
2279,141
2280,219
2281,104
2282,172
2283,66
2284,252
2285,238
2286,115
2287,187
2288,233
2289,202
2290,177
2291,201
2292,241
2293,14
2294,138
2295,159
2296,185
2297,169
2298,251
2299,235
2300,196
2301,204
2302,250
2303,238
2304,227
2305,233
2306,171
2307,156
2308,202
2309,215
2310,164
2311,141
2312,247
2313,220
2314,252
2315,256
2316,195
2317,0
2318,70
2319,213
2320,213
2321,200
2322,242
2323,247
2324,248
2325,226
2326,134
2327,224
2328,4
2329,200
2330,185
2331,158
2332,196
2333,178
2334,232
2335,169
2336,134
2337,218
2338,180
2339,51
2340,232
2341,187
2342,256
2343,212
2344,206
2345,216
2346,234
2347,202
2348,241
2349,159
2350,154
2351,240
2352,28
2353,113
2354,142
2355,228
2356,224
2357,209
2358,190
2359,21
2360,225
2361,61
2362,32
2363,229
2364,215
2365,188
2366,136
2367,246
2368,77
2369,140
2370,241
2371,215
2372,103
2373,245
2374,219
2375,228
2376,219
2377,0
2378,254
2379,247
2380,217
2381,196
2382,71
2383,237
2384,242
2385,221
2386,139
2387,189
2388,237
2389,122
2390,233
2391,78
2392,155
2393,175
2394,125
2395,129
2396,161
2397,248
2398,172
2399,224
