0,0
1,239
2,227
3,164
4,211
5,156
6,174
7,65
8,192
9,128
10,99
11,177
12,228
13,227
14,246
15,144
16,153
17,212
18,130
19,75
20,145
21,141
22,128
23,194
24,6
25,86
26,183
27,142
28,95
29,208
30,219
31,147
32,176
33,152
34,83
35,29
36,233
37,180
38,214
39,242
40,121
41,214
42,153
43,50
44,143
45,232
46,210
47,195
48,124
49,92
50,167
51,141
52,238
53,241
54,200
55,155
56,195
57,151
58,155
59,123
60,76
61,179
62,130
63,185
64,207
65,0
66,210
67,134
68,133
69,147
70,104
71,180
72,204
73,217
74,124
75,149
76,99
77,124
78,184
79,197
80,219
81,148
82,192
83,195
84,188
85,107
86,194
87,248
88,216
89,206
90,96
91,149
92,76
93,221
94,131
95,163
96,69
97,134
98,192
99,223
100,164
101,239
102,178
103,220
104,106
105,147
106,193
107,159
108,125
109,93
110,229
111,177
112,217
113,2
114,202
115,155
116,94
117,131
118,214
119,185
120,197
121,0
122,180
123,226
124,206
125,132
126,179
127,190
128,156
129,82
130,178
131,198
132,202
133,61
134,196
135,134
136,46
137,217
138,186
139,197
140,132
141,204
142,84
143,177
144,210
145,182
146,161
147,207
148,78
149,211
150,104
151,130
152,150
153,170
154,148
155,206
156,241
157,146
158,202
159,184
160,209
161,152
162,78
163,138
164,226
165,222
166,147
167,211
168,174
169,214
170,196
171,167
172,143
173,237
174,79
175,99
176,181
177,93
178,150
179,188
180,107
181,158
182,24
183,44
184,173
185,153
186,125
187,204
188,48
189,161
190,105
191,237
192,175
193,131
194,138
195,207
196,155
197,208
198,241
199,164
200,136
201,219
202,212
203,182
204,162
205,175
206,178
207,169
208,202
209,231
210,158
211,196
212,209
213,221
214,201
215,202
216,195
217,32
218,174
219,202
220,208
221,174
222,244
223,156
224,192
225,216
226,147
227,241
228,216
229,213
230,90
231,193
232,126
233,151
234,134
235,115
236,181
237,116
238,143
239,227
240,147
241,127
242,235
243,214
244,137
245,221
246,192
247,33
248,206
249,164
250,152
251,179
252,155
253,113
254,202
255,158
256,212
257,150
258,187
259,239
260,213
261,113
262,196
263,200
264,122
265,194
266,114
267,167
268,181
269,219
270,230
271,73
272,123
273,161
274,119
275,216
276,186
277,172
278,142
279,155
280,97
281,231
282,103
283,148
284,203
285,37
286,110
287,137
288,193
289,166
290,199
291,232
292,227
293,200
294,196
295,231
296,145
297,187
298,201
299,210
300,196
301,161
302,216
303,175
304,216
305,226
306,243
307,134
308,215
309,166
310,231
311,81
312,177
313,117
314,154
315,112
316,200
317,219
318,172
319,31
320,146
321,134
322,196
323,214
324,223
325,171
326,196
327,238
328,236
329,140
330,166
331,179
332,246
333,207
334,217
335,164
336,113
337,204
338,166
339,204
340,243
341,84
342,6
343,148
344,128
345,132
346,147
347,159
348,247
349,130
350,250
351,189
352,120
353,80
354,191
355,207
356,179
357,147
358,208
359,160
360,110
361,140
362,188
363,150
364,154
365,200
366,70
367,206
368,232
369,171
370,224
371,203
372,234
373,108
374,89
375,159
376,171
377,161
378,141
379,176
380,134
381,158
382,16
383,150
384,232
385,112
386,95
387,235
388,129
389,241
390,124
391,189
392,227
393,105
394,155
395,240
396,227
397,205
398,238
399,115
400,161
401,99
402,233
403,245
404,178
405,117
406,83
407,138
408,195
409,228
410,240
411,230
412,210
413,117
414,126
415,197
416,236
417,249
418,158
419,183
420,142
421,116
422,165
423,116
424,212
425,222
426,112
427,222
428,186
429,125
430,236
431,223
432,86
433,227
434,168
435,117
436,155
437,203
438,197
439,183
440,149
441,224
442,138
443,36
444,167
445,52
446,188
447,187
448,221
449,206
450,204
451,138
452,246
453,132
454,209
455,134
456,215
457,206
458,211
459,204
460,232
461,112
462,169
463,231
464,244
465,129
466,83
467,188
468,185
469,245
470,92
471,226
472,164
473,107
474,176
475,153
476,231
477,173
478,112
479,244
480,188
481,141
482,182
483,208
484,94
485,226
486,109
487,219
488,248
489,120
490,214
491,229
492,137
493,205
494,114
495,251
496,219
497,233
498,143
499,175
500,199
501,237
502,232
503,240
504,146
505,207
506,169
507,181
508,201
509,197
510,117
511,205
512,216
513,119
514,133
515,244
516,227
517,142
518,209
519,218
520,214
521,157
522,108
523,240
524,177
525,235
526,197
527,160
528,211
529,206
530,221
531,232
532,153
533,196
534,220
535,177
536,231
537,144
538,239
539,217
540,206
541,144
542,149
543,193
544,232
545,186
546,148
547,234
548,217
549,171
550,140
551,179
552,134
553,166
554,248
555,149
556,157
557,218
558,130
559,236
560,212
561,246
562,115
563,228
564,130
565,177
566,118
567,210
568,202
569,168
570,194
571,230
572,184
573,171
574,232
575,148
576,215
577,242
578,173
579,238
580,218
581,242
582,178
583,162
584,189
585,167
586,169
587,207
588,182
589,229
590,213
591,151
592,186
593,139
594,132
595,139
596,212
597,239
598,149
599,155
600,155
601,242
602,97
603,82
604,135
605,227
606,154
607,144
608,203
609,116
610,141
611,185
612,215
613,75
614,215
615,115
616,54
617,165
618,236
619,179
620,52
621,191
622,232
623,162
624,152
625,187
626,177
627,206
628,223
629,109
630,221
631,221
632,107
633,159
634,198
635,212
636,231
637,175
638,176
639,108
640,207
641,183
642,231
643,182
644,192
645,146
646,238
647,169
648,196
649,84
650,125
651,203
652,208
653,224
654,182
655,212
656,143
657,210
658,200
659,226
660,126
661,204
662,175
663,170
664,195
665,179
666,235
667,214
668,124
669,212
670,84
671,142
672,175
673,159
674,240
675,205
676,200
677,162
678,153
679,86
680,205
681,130
682,144
683,207
684,219
685,217
686,145
687,223
688,207
689,176
690,101
691,220
692,27
693,246
694,238
695,175
696,133
697,183
698,135
699,133
700,131
701,220
702,235
703,244
704,119
705,226
706,60
707,170
708,134
709,239
710,185
711,227
712,105
713,228
714,169
715,119
716,171
717,249
718,192
719,102
720,207
721,194
722,164
723,80
724,194
725,116
726,189
727,0
728,113
729,220
730,220
731,92
732,170
733,198
734,238
735,185
736,230
737,143
738,186
739,67
740,179
741,212
742,124
743,243
744,226
745,110
746,200
747,69
748,167
749,210
750,93
751,190
752,208
753,195
754,190
755,222
756,200
757,218
758,236
759,119
760,181
761,252
762,247
763,203
764,225
765,220
766,238
767,159
768,217
769,176
770,234
771,114
772,251
773,170
774,143
775,242
776,192
777,241
778,197
779,241
780,168
781,228
782,99
783,192
784,83
785,190
786,80
787,146
788,88
789,225
790,202
791,114
792,139
793,200
794,227
795,140
796,79
797,243
798,84
799,126
800,230
801,146
802,185
803,241
804,244
805,130
806,122
807,201
808,205
809,205
810,214
811,214
812,162
813,150
814,213
815,200
816,142
817,160
818,222
819,190
820,163
821,165
822,219
823,208
824,195
825,184
826,231
827,140
828,243
829,208
830,214
831,205
832,110
833,211
834,154
835,153
836,193
837,162
838,248
839,231
840,106
841,114
842,178
843,218
844,155
845,131
846,141
847,240
848,191
849,221
850,202
851,100
852,127
853,159
854,184
855,121
856,199
857,245
858,161
859,225
860,218
861,144
862,202
863,170
864,150
865,222
866,227
867,238
868,242
869,239
870,164
871,215
872,214
873,172
874,164
875,219
876,161
877,196
878,175
879,176
880,102
881,164
882,204
883,170
884,192
885,138
886,219
887,245
888,184
889,240
890,177
891,82
892,110
893,201
894,153
895,178
896,167
897,34
898,191
899,210
900,191
901,134
902,209
903,150
904,228
905,137
906,197
907,141
908,174
909,177
910,114
911,196
912,113
913,213
914,136
915,239
916,193
917,171
918,189
919,43
920,150
921,146
922,102
923,189
924,193
925,173
926,112
927,202
928,124
929,221
930,130
931,99
932,153
933,193
934,181
935,161
936,176
937,219
938,196
939,105
940,183
941,216
942,153
943,147
944,214
945,158
946,182
947,131
948,210
949,125
950,111
951,144
952,212
953,239
954,157
955,243
956,187
957,215
958,144
959,97
960,193
961,216
962,27
963,198
964,190
965,61
966,107
967,193
968,116
969,233
970,226
971,160
972,159
973,75
974,167
975,111
976,205
977,127
978,216
979,238
980,208
981,176
982,96
983,147
984,164
985,236
986,186
987,218
988,235
989,129
990,241
991,134
992,166
993,202
994,222
995,204
996,146
997,238
998,141
999,211
1000,212
1001,158
1002,181
1003,245
1004,223
1005,231
1006,201
1007,189
1008,183
1009,204
1010,227
1011,197
1012,163
1013,188
1014,213
1015,228
1016,188
1017,178
1018,218
1019,245
1020,184
1021,247
1022,57
1023,129
1024,128
1025,226
1026,199
1027,83
1028,195
1029,180
1030,232
1031,162
1032,134
1033,150
1034,201
1035,195
1036,211
1037,159
1038,230
1039,159
1040,196
1041,112
1042,199
1043,170
1044,144
1045,220
1046,190
1047,175
1048,229
1049,120
1050,191
1051,185
1052,223
1053,178
1054,149
1055,165
1056,240
1057,211
1058,148
1059,208
1060,229
1061,163
1062,198
1063,172
1064,229
1065,209
1066,172
1067,234
1068,244
1069,206
1070,226
1071,221
1072,129
1073,216
1074,243
1075,162
1076,211
1077,198
1078,165
1079,175
1080,234
1081,148
1082,174
1083,146
1084,208
1085,220
1086,218
1087,132
1088,176
1089,123
1090,221
1091,176
1092,212
1093,171
1094,201
1095,234
1096,118
1097,229
1098,211
1099,212
1100,203
1101,226
1102,232
1103,226
1104,175
1105,213
1106,204
1107,136
1108,228
1109,206
1110,163
1111,133
1112,188
1113,220
1114,234
1115,175
1116,227
1117,171
1118,190
1119,158
1120,221
1121,214
1122,168
1123,143
1124,160
1125,138
1126,245
1127,218
1128,171
1129,210
1130,166
1131,231
1132,150
1133,238
1134,169
1135,188
1136,232
1137,185
1138,251
1139,185
1140,248
1141,195
1142,184
1143,119
1144,128
1145,123
1146,40
1147,251
1148,143
1149,217
1150,118
1151,227
1152,193
1153,189
1154,153
1155,200
1156,205
1157,199
1158,199
1159,229
1160,158
1161,234
1162,113
1163,248
1164,160
1165,241
1166,139
1167,217
1168,227
1169,205
1170,188
1171,197
1172,207
1173,170
1174,244
1175,248
1176,218
1177,193
1178,247
1179,143
1180,152
1181,120
1182,156
1183,138
1184,219
1185,250
1186,224
1187,198
1188,176
1189,213
1190,207
1191,127
1192,247
1193,187
1194,226
1195,247
1196,183
1197,185
1198,145
1199,235
1200,166
1201,246
1202,113
1203,205
1204,176
1205,194
1206,126
1207,177
1208,54
1209,215
1210,185
1211,214
1212,214
1213,216
1214,67
1215,130
1216,100
1217,201
1218,138
1219,249
1220,203
1221,205
1222,23
1223,122
1224,164
1225,25
1226,242
1227,130
1228,132
1229,236
1230,93
1231,78
1232,147
1233,167
1234,87
1235,168
1236,196
1237,194
1238,154
1239,212
1240,160
1241,141
1242,111
1243,224
1244,232
1245,248
1246,219
1247,134
1248,239
1249,176
1250,234
1251,174
1252,165
1253,172
1254,116
1255,137
1256,160
1257,237
1258,158
1259,138
1260,168
1261,212
1262,108
1263,247
1264,171
1265,171
1266,69
1267,81
1268,237
1269,194
1270,225
1271,189
1272,187
1273,221
1274,245
1275,211
1276,164
1277,84
1278,190
1279,252
1280,197
1281,85
1282,235
1283,144
1284,163
1285,36
1286,178
1287,0
1288,145
1289,178
1290,233
1291,224
1292,81
1293,197
1294,89
1295,137
1296,239
1297,62
1298,164
1299,38
1300,235
1301,159
1302,240
1303,181
1304,198
1305,233
1306,216
1307,230
1308,44
1309,162
1310,116
1311,160
1312,76
1313,223
1314,231
1315,222
1316,91
1317,188
1318,122
1319,203
1320,127
1321,92
1322,167
1323,239
1324,70
1325,159
1326,116
1327,81
1328,130
1329,221
1330,192
1331,107
1332,137
1333,127
1334,175
1335,112
1336,75
1337,125
1338,5
1339,206
1340,50
1341,215
1342,227
1343,180
1344,46
1345,51
1346,246
1347,52
1348,211
1349,168
1350,240
1351,0
1352,189
1353,0
1354,224
1355,107
1356,226
1357,206
1358,184
1359,151
1360,218
1361,115
1362,171
1363,41
1364,241
1365,238
1366,140
1367,172
1368,142
1369,127
1370,216
1371,199
1372,77
1373,135
1374,242
1375,248
1376,142
1377,203
1378,179
1379,221
1380,202
1381,88
1382,201
1383,238
1384,217
1385,11
1386,237
1387,214
1388,0
1389,53
1390,0
1391,221
1392,164
1393,164
1394,197
1395,65
1396,129
1397,71
1398,180
1399,183
1400,176
1401,213
1402,136
1403,202
1404,229
1405,138
1406,208
1407,113
1408,163
1409,214
1410,176
1411,206
1412,220
1413,213
1414,234
1415,123
1416,155
1417,121
1418,236
1419,206
1420,144
1421,223
1422,245
1423,108
1424,150
1425,243
1426,28
1427,124
1428,224
1429,210
1430,24
1431,189
1432,194
1433,97
1434,178
1435,242
1436,156
1437,122
1438,229
1439,245
1440,234
1441,130
1442,150
1443,230
1444,198
1445,224
1446,153
1447,165
1448,187
1449,98
1450,56
1451,183
1452,191
1453,100
1454,236
1455,247
1456,177
1457,17
1458,175
1459,140
1460,197
1461,227
1462,68
1463,163
1464,101
1465,209
1466,213
1467,226
1468,232
1469,172
1470,134
1471,202
1472,132
1473,150
1474,218
1475,202
1476,207
1477,126
1478,216
1479,163
1480,163
1481,146
1482,229
1483,225
1484,220
1485,130
1486,247
1487,157
1488,241
1489,210
1490,212
1491,73
1492,237
1493,214
1494,250
1495,227
1496,249
1497,229
1498,217
1499,167
1500,146
1501,195
1502,185
1503,163
1504,135
1505,167
1506,139
1507,93
1508,189
1509,202
1510,134
1511,191
1512,153
1513,68
1514,143
1515,234
1516,192
1517,217
1518,230
1519,81
1520,195
1521,240
1522,178
1523,50
1524,122
1525,223
1526,192
1527,203
1528,189
1529,213
1530,131
1531,121
1532,147
1533,236
1534,120
1535,79
1536,138
1537,176
1538,151
1539,211
1540,187
1541,234
1542,77
1543,210
1544,149
1545,123
1546,171
1547,162
1548,54
1549,186
1550,36
1551,81
1552,151
1553,203
1554,144
1555,161
1556,121
1557,213
1558,162
1559,148
1560,229
1561,80
1562,243
1563,170
1564,133
1565,171
1566,92
1567,160
1568,238
1569,55
1570,182
1571,165
1572,244
1573,237
1574,171
1575,247
1576,118
1577,68
1578,0
1579,230
1580,213
1581,105
1582,92
1583,232
1584,165
1585,195
1586,201
1587,139
1588,184
1589,121
1590,235
1591,230
1592,209
1593,205
1594,179
1595,44
1596,160
1597,152
1598,90
1599,148
1600,228
1601,204
1602,148
1603,171
1604,240
1605,226
1606,197
1607,172
1608,226
1609,199
1610,252
1611,143
1612,197
1613,221
1614,181
1615,127
1616,236
1617,174
1618,183
1619,174
1620,157
1621,220
1622,241
1623,179
1624,211
1625,192
1626,87
1627,98
1628,227
1629,213
1630,161
1631,224
1632,206
1633,199
1634,186
1635,236
1636,197
1637,232
1638,102
1639,213
1640,220
1641,188
1642,199
1643,199
1644,218
1645,214
1646,223
1647,253
1648,254
1649,250
1650,220
1651,248
1652,167
1653,130
1654,136
1655,248
1656,202
1657,183
1658,248
1659,212
1660,236
1661,170
1662,195
1663,217
1664,153
1665,249
1666,130
1667,191
1668,154
1669,162
1670,205
1671,215
1672,250
1673,255
1674,194
1675,245
1676,223
1677,234
1678,168
1679,148
1680,221
1681,187
1682,230
1683,177
1684,183
1685,237
1686,172
1687,224
1688,239
1689,157
1690,104
1691,146
1692,227
1693,180
1694,104
1695,172
1696,195
1697,0
1698,225
1699,249
1700,148
1701,223
1702,153
1703,228
1704,225
1705,195
1706,229
1707,132
1708,175
1709,227
1710,197
1711,213
1712,150
1713,117
1714,33
1715,222
1716,233
1717,199
1718,56
1719,221
1720,153
1721,113
1722,196
1723,63
1724,76
1725,183
1726,239
1727,171
1728,165
1729,147
1730,133
1731,229
1732,145
1733,217
1734,126
1735,217
1736,141
1737,180
1738,195
1739,223
1740,92
1741,142
1742,134
1743,234
1744,251
1745,145
1746,136
1747,113
1748,178
1749,186
1750,102
1751,172
1752,146
1753,103
1754,196
1755,213
1756,224
1757,148
1758,235
1759,201
1760,78
1761,57
1762,222
1763,154
1764,221
1765,164
1766,172
1767,162
1768,233
1769,146
1770,202
1771,143
1772,130
1773,152
1774,125
1775,244
1776,243
1777,168
1778,122
1779,180
1780,221
1781,200
1782,80
1783,62
1784,198
1785,158
1786,105
1787,240
1788,208
1789,71
1790,238
1791,246
1792,213
1793,106
1794,199
1795,239
1796,132
1797,190
1798,226
1799,221
1800,185
1801,230
1802,230
1803,94
1804,219
1805,208
1806,194
1807,199
1808,227
1809,229
1810,211
1811,205
1812,147
1813,240
1814,176
1815,173
1816,206
1817,184
1818,164
1819,14
1820,157
1821,206
1822,192
1823,147
1824,193
1825,163
1826,164
1827,220
1828,196
1829,228
1830,226
1831,232
1832,209
1833,173
1834,66
1835,200
1836,183
1837,146
1838,242
1839,214
1840,243
1841,232
1842,220
1843,125
1844,164
1845,122
1846,39
1847,163
1848,226
1849,138
1850,186
1851,196
1852,216
1853,155
1854,164
1855,130
1856,195
1857,241
1858,199
1859,223
1860,225
1861,88
1862,151
1863,236
1864,246
1865,125
1866,207
1867,246
1868,85
1869,248
1870,236
1871,218
1872,181
1873,201
1874,218
1875,222
1876,180
1877,160
1878,203
1879,169
1880,241
1881,180
1882,246
1883,222
1884,172
1885,217
1886,195
1887,150
1888,174
1889,163
1890,237
1891,97
1892,252
1893,238
1894,201
1895,242
1896,54
1897,198
1898,190
1899,152
1900,69
1901,226
1902,158
1903,201
1904,172
1905,200
1906,50
1907,157
1908,225
1909,144
1910,185
1911,247
1912,196
1913,111
1914,63
1915,238
1916,238
1917,239
1918,232
1919,136
1920,195
1921,162
1922,246
1923,203
1924,46
1925,175
1926,217
1927,138
1928,107
1929,151
1930,41
1931,135
1932,248
1933,138
1934,159
1935,254
1936,204
1937,140
1938,192
1939,156
1940,109
1941,240
1942,242
1943,191
1944,94
1945,145
1946,214
1947,222
1948,223
1949,232
1950,168
1951,173
1952,190
1953,190
1954,163
1955,164
1956,210
1957,192
1958,193
1959,212
1960,220
1961,116
1962,86
1963,155
1964,76
1965,219
1966,222
1967,194
1968,207
1969,242
1970,110
1971,190
1972,225
1973,131
1974,187
1975,208
1976,162
1977,166
1978,175
1979,196
1980,165
1981,239
1982,230
1983,223
1984,179
1985,205
1986,201
1987,253
1988,225
1989,230
1990,122
1991,143
1992,233
1993,221
1994,147
1995,236
1996,61
1997,142
1998,224
1999,179
2000,152
2001,80
2002,141
2003,78
2004,194
2005,169
2006,209
2007,237
2008,46
2009,42
2010,244
2011,120
2012,229
2013,197
2014,157
2015,85
2016,169
2017,249
2018,184
2019,231
2020,244
2021,148
2022,192
2023,244
2024,184
2025,55
2026,204
2027,214
2028,137
2029,73
2030,224
2031,206
2032,28
2033,220
2034,120
2035,201
2036,226
2037,140
2038,244
2039,140
2040,196
2041,124
2042,168
2043,235
2044,122
2045,73
2046,228
2047,81
2048,18
2049,160
2050,205
2051,114
2052,73
2053,137
2054,236
2055,235
2056,0
2057,87
2058,200
2059,244
2060,188
2061,160
2062,177
2063,152
2064,199
2065,189
2066,227
2067,68
2068,120
2069,116
2070,198
2071,242
2072,116
2073,213
2074,206
2075,230
2076,227
2077,214
2078,165
2079,169
2080,194
2081,138
2082,109
2083,212
2084,217
2085,150
2086,176
2087,181
2088,235
2089,226
2090,179
2091,74
2092,237
2093,114
2094,156
2095,232
2096,198
2097,185
2098,169
2099,161
2100,0
2101,152
2102,167
2103,165
2104,218
2105,194
2106,199
2107,125
2108,187
2109,141
2110,230
2111,82
2112,193
2113,46
2114,42
2115,210
2116,5
2117,149
2118,154
2119,243
2120,194
2121,219
2122,143
2123,156
2124,244
2125,29
2126,168
2127,225
2128,219
2129,0
2130,161
2131,234
2132,38
2133,220
2134,136
2135,0
2136,218
2137,146
2138,184
2139,0
2140,103
2141,117
2142,176
2143,220
2144,130
2145,185
2146,37
2147,239
2148,116
2149,116
2150,100
2151,200
2152,121
2153,162
2154,213
2155,198
2156,186
2157,182
2158,206
2159,199
2160,47
2161,117
2162,170
2163,151
2164,163
2165,228
2166,146
2167,31
2168,8
2169,236
2170,239
2171,52
2172,218
2173,186
2174,210
2175,200
2176,160
2177,214
2178,138
2179,238
2180,130
2181,238
2182,0
2183,165
2184,125
2185,217
2186,76
2187,228
2188,233
2189,101
2190,204
2191,9
2192,217
2193,117
2194,211
2195,111
2196,218
2197,94
2198,208
2199,169
2200,196
2201,56
2202,206
2203,163
2204,104
2205,236
2206,93
2207,122
2208,162
2209,91
2210,108
2211,170
2212,159
2213,74
2214,153
2215,209
2216,206
2217,141
2218,24
2219,72
2220,172
2221,91
2222,200
2223,200
2224,125
2225,170
2226,221
2227,111
2228,154
2229,208
2230,248
2231,98
2232,137
2233,221
2234,224
2235,212
2236,136
2237,157
2238,155
2239,203
2240,152
2241,241
2242,180
2243,203
2244,243
2245,196
2246,202
2247,159
2248,0
2249,65
2250,155
2251,197
2252,222
2253,143
2254,153
2255,187
2256,170
2257,0
2258,194
2259,120
2260,186
2261,204
2262,190
2263,207
2264,232
2265,186
2266,125
2267,201
2268,232
2269,90
2270,64
2271,234
2272,132
2273,221
2274,162
2275,202
2276,153
2277,90
2278,0
2279,126
2280,192
2281,148
2282,137
2283,146
2284,82
2285,245
2286,85
2287,193
2288,239
2289,201
2290,164
2291,218
2292,48
2293,173
2294,112
2295,241
2296,170
2297,196
2298,228
2299,105
2300,209
2301,151
2302,177
2303,240
2304,166
2305,151
2306,0
2307,12
2308,223
2309,181
2310,215
2311,112
2312,214
2313,218
2314,61
2315,142
2316,50
2317,94
2318,249
2319,142
2320,235
2321,175
2322,132
2323,173
2324,192
2325,207
2326,91
2327,237
2328,160
2329,242
2330,88
2331,151
2332,207
2333,181
2334,175
2335,230
2336,67
2337,128
2338,156
2339,79
2340,219
2341,195
2342,180
2343,151
2344,218
2345,227
2346,111
2347,158
2348,216
2349,219
2350,161
2351,102
2352,192
2353,156
2354,203
2355,187
2356,180
2357,106
2358,203
2359,205
2360,198
2361,78
2362,188
2363,74
2364,243
2365,159
2366,245
2367,41
2368,195
2369,213
2370,191
2371,100
2372,236
2373,179
2374,10
2375,125
2376,214
2377,144
2378,94
2379,240
2380,164
2381,154
2382,141
2383,224
2384,0
2385,165
2386,202
2387,219
2388,137
2389,119
2390,201
2391,186
2392,91
2393,121
2394,96
2395,174
2396,215
2397,135
2398,202
2399,213
