0,177
1,189
2,184
3,216
4,196
5,0
6,194
7,234
8,230
9,143
10,140
11,230
12,184
13,174
14,221
15,188
16,210
17,207
18,240
19,236
20,240
21,112
22,177
23,201
24,244
25,231
26,119
27,72
28,222
29,169
30,58
31,183
32,178
33,235
34,225
35,225
36,236
37,225
38,209
39,239
40,197
41,251
42,197
43,33
44,226
45,214
46,152
47,239
48,136
49,185
50,172
51,225
52,48
53,218
54,211
55,193
56,172
57,187
58,223
59,253
60,234
61,165
62,197
63,227
64,200
65,221
66,246
67,233
68,173
69,170
70,194
71,216
72,169
73,230
74,241
75,142
76,227
77,0
78,214
79,208
80,240
81,233
82,108
83,153
84,219
85,217
86,166
87,203
88,124
89,207
90,172
91,249
92,200
93,164
94,50
95,219
96,231
97,189
98,247
99,193
100,256
101,250
102,164
103,93
104,245
105,217
106,213
107,220
108,165
109,1
110,131
111,191
112,212
113,229
114,245
115,228
116,225
117,222
118,232
119,233
120,192
121,210
122,121
123,78
124,199
125,203
126,228
127,83
128,210
129,160
130,175
131,209
132,232
133,243
134,135
135,197
136,170
137,145
138,87
139,166
140,250
141,231
142,228
143,130
144,190
145,194
146,213
147,174
148,202
149,209
150,91
151,227
152,243
153,210
154,181
155,232
156,249
157,160
158,61
159,120
160,226
161,185
162,224
163,129
164,234
165,78
166,136
167,188
168,152
169,245
170,222
171,167
172,207
173,140
174,235
175,180
176,219
177,212
178,234
179,0
180,160
181,54
182,171
183,229
184,204
185,208
186,227
187,163
188,145
189,233
190,247
191,221
192,94
193,253
194,199
195,239
196,189
197,199
198,163
199,200
200,183
201,212
202,198
203,201
204,253
205,155
206,166
207,216
208,218
209,100
210,136
211,206
212,243
213,242
214,115
215,190
216,215
217,179
218,225
219,173
220,126
221,235
222,192
223,107
224,226
225,254
226,244
227,174
228,222
229,231
230,163
231,163
232,231
233,218
234,196
235,217
236,140
237,206
238,151
239,216
240,222
241,156
242,245
243,187
244,237
245,216
246,226
247,251
248,206
249,211
250,158
251,120
252,202
253,196
254,213
255,248
256,254
257,213
258,185
259,177
260,144
261,205
262,230
263,42
264,212
265,227
266,147
267,153
268,223
269,157
270,188
271,208
272,179
273,252
274,202
275,176
276,228
277,97
278,251
279,174
280,77
281,214
282,226
283,213
284,106
285,229
286,196
287,221
288,217
289,208
290,163
291,230
292,179
293,110
294,210
295,141
296,87
297,102
298,82
299,199
300,184
301,196
302,244
303,169
304,224
305,229
306,158
307,216
308,219
309,249
310,217
311,156
312,175
313,248
314,251
315,153
316,105
317,158
318,226
319,160
320,231
321,63
322,162
323,216
324,194
325,228
326,148
327,248
328,211
329,0
330,234
331,251
332,104
333,217
334,225
335,221
336,172
337,211
338,222
339,135
340,88
341,250
342,237
343,207
344,169
345,150
346,130
347,118
348,11
349,77
350,99
351,202
352,93
353,152
354,201
355,222
356,205
357,219
358,223
359,149
360,206
361,190
362,213
363,157
364,230
365,198
366,193
367,237
368,236
369,35
370,180
371,215
372,45
373,173
374,248
375,125
376,205
377,230
378,137
379,208
380,181
381,126
382,163
383,218
384,171
385,250
386,193
387,73
388,151
389,227
390,243
391,207
392,239
393,162
394,155
395,0
396,218
397,212
398,185
399,235
400,60
401,167
402,213
403,164
404,160
405,215
406,229
407,121
408,210
409,226
410,192
411,129
412,226
413,251
414,198
415,109
416,129
417,105
418,222
419,113
420,228
421,172
422,225
423,247
424,199
425,238
426,227
427,77
428,122
429,162
430,232
431,237
432,205
433,246
434,187
435,165
436,148
437,217
438,186
439,226
440,189
441,135
442,196
443,220
444,192
445,182
446,0
447,204
448,114
449,224
450,66
451,193
452,196
453,185
454,232
455,223
456,202
457,246
458,209
459,250
460,236
461,246
462,249
463,180
464,226
465,122
466,170
467,179
468,131
469,142
470,93
471,178
472,194
473,159
474,214
475,243
476,210
477,183
478,227
479,109
480,175
481,241
482,246
483,244
484,118
485,155
486,218
487,29
488,180
489,237
490,172
491,171
492,194
493,32
494,163
495,169
496,232
497,223
498,233
499,247
500,208
501,186
502,247
503,246
504,129
505,243
506,134
507,203
508,164
509,34
510,221
511,226
512,223
513,248
514,155
515,233
516,171
517,163
518,102
519,233
520,62
521,223
522,184
523,89
524,192
525,217
526,219
527,222
528,206
529,217
530,192
531,207
532,84
533,185
534,250
535,32
536,229
537,229
538,154
539,85
540,182
541,239
542,220
543,194
544,232
545,173
546,164
547,149
548,73
549,256
550,176
551,120
552,228
553,168
554,86
555,208
556,0
557,235
558,146
559,180
560,173
561,210
562,191
563,133
564,217
565,187
566,251
567,253
568,216
569,244
570,204
571,102
572,220
573,235
574,203
575,196
576,217
577,69
578,232
579,255
580,188
581,90
582,209
583,250
584,246
585,100
586,199
587,216
588,170
589,99
590,227
591,230
592,252
593,166
594,179
595,230
596,241
597,247
598,165
599,236
600,132
601,196
602,135
603,220
604,158
605,158
606,182
607,142
608,208
609,113
610,228
611,251
612,180
613,247
614,13
615,252
616,161
617,135
618,131
619,120
620,203
621,226
622,131
623,231
624,197
625,200
626,213
627,200
628,214
629,163
630,196
631,210
632,235
633,213
634,212
635,194
636,171
637,110
638,43
639,228
640,61
641,169
642,184
643,120
644,235
645,231
646,240
647,231
648,189
649,187
650,186
651,250
652,124
653,183
654,0
655,212
656,140
657,245
658,237
659,120
660,225
661,209
662,176
663,194
664,226
665,68
666,236
667,101
668,230
669,28
670,191
671,218
672,0
673,241
674,202
675,227
676,138
677,148
678,201
679,223
680,247
681,149
682,247
683,158
684,206
685,230
686,166
687,195
688,206
689,25
690,240
691,228
692,213
693,189
694,169
695,227
696,130
697,234
698,0
699,173
700,214
701,227
702,111
703,254
704,187
705,233
706,110
707,245
708,28
709,157
710,244
711,250
712,252
713,218
714,133
715,178
716,166
717,223
718,122
719,103
720,164
721,230
722,78
723,222
724,226
725,162
726,105
727,253
728,60
729,201
730,206
731,0
732,233
733,80
734,238
735,149
736,149
737,199
738,221
739,197
740,233
741,221
742,68
743,37
744,186
745,164
746,104
747,254
748,202
749,242
750,188
751,0
752,221
753,133
754,249
755,53
756,232
757,199
758,210
759,236
760,198
761,127
762,206
763,227
764,191
765,241
766,156
767,211
768,126
769,225
770,166
771,218
772,150
773,234
774,203
775,103
776,194
777,226
778,205
779,18
780,223
781,182
782,97
783,240
784,216
785,250
786,240
787,74
788,48
789,229
790,251
791,113
792,190
793,238
794,199
795,233
796,160
797,146
798,233
799,256
800,147
801,240
802,214
803,158
804,167
805,215
806,246
807,208
808,247
809,230
810,227
811,28
812,182
813,240
814,194
815,211
816,202
817,117
818,62
819,204
820,253
821,221
822,0
823,222
824,224
825,196
826,180
827,240
828,186
829,237
830,174
831,186
832,204
833,70
834,189
835,46
836,155
837,132
838,187
839,127
840,235
841,240
842,234
843,224
844,204
845,241
846,102
847,191
848,236
849,164
850,211
851,166
852,158
853,247
854,163
855,134
856,97
857,245
858,185
859,115
860,238
861,191
862,175
863,225
864,159
865,136
866,228
867,237
868,163
869,232
870,198
871,226
872,212
873,203
874,242
875,240
876,197
877,221
878,195
879,207
880,246
881,142
882,0
883,234
884,173
885,200
886,103
887,226
888,202
889,101
890,248
891,217
892,203
893,214
894,179
895,250
896,239
897,228
898,118
899,173
900,142
901,187
902,210
903,133
904,62
905,191
906,103
907,14
908,210
909,220
910,224
911,208
912,56
913,172
914,242
915,224
916,137
917,174
918,164
919,213
920,208
921,184
922,199
923,238
924,251
925,153
926,220
927,170
928,244
929,229
930,231
931,237
932,154
933,240
934,176
935,243
936,231
937,137
938,69
939,250
940,241
941,212
942,106
943,192
944,202
945,240
946,219
947,178
948,179
949,256
950,157
951,242
952,158
953,233
954,243
955,138
956,236
957,244
958,205
959,203
960,220
961,250
962,250
963,155
964,187
965,200
966,248
967,252
968,227
969,159
970,210
971,116
972,190
973,125
974,152
975,159
976,228
977,167
978,226
979,237
980,103
981,255
982,154
983,228
984,241
985,79
986,0
987,237
988,168
989,177
990,151
991,146
992,121
993,222
994,215
995,170
996,201
997,216
998,189
999,251
1000,241
1001,190
1002,241
1003,68
1004,189
1005,174
1006,176
1007,196
1008,142
1009,100
1010,92
1011,177
1012,248
1013,213
1014,229
1015,201
1016,218
1017,222
1018,178
1019,228
1020,216
1021,110
1022,235
1023,181
1024,126
1025,254
1026,58
1027,221
1028,248
1029,166
1030,211
1031,103
1032,97
1033,247
1034,207
1035,248
1036,80
1037,111
1038,174
1039,124
1040,189
1041,167
1042,149
1043,214
1044,151
1045,214
1046,204
1047,183
1048,161
1049,116
1050,226
1051,250
1052,220
1053,133
1054,158
1055,147
1056,192
1057,243
1058,121
1059,195
1060,205
1061,129
1062,222
1063,224
1064,194
1065,231
1066,66
1067,219
1068,223
1069,249
1070,252
1071,182
1072,150
1073,209
1074,80
1075,254
1076,234
1077,247
1078,209
1079,246
1080,161
1081,222
1082,160
1083,172
1084,225
1085,174
1086,175
1087,175
1088,103
1089,205
1090,103
1091,182
1092,0
1093,121
1094,116
1095,214
1096,117
1097,127
1098,145
1099,202
1100,224
1101,239
1102,139
1103,178
1104,237
1105,150
1106,174
1107,250
1108,229
1109,226
1110,254
1111,232
1112,244
1113,238
1114,124
1115,217
1116,174
1117,148
1118,187
1119,193
1120,232
1121,118
1122,166
1123,148
1124,83
1125,243
1126,0
1127,183
1128,116
1129,210
1130,247
1131,256
1132,215
1133,235
1134,65
1135,216
1136,166
1137,162
1138,169
1139,94
1140,240
1141,237
1142,235
1143,134
1144,73
1145,170
1146,178
1147,197
1148,166
1149,144
1150,121
1151,245
1152,43
1153,207
1154,240
1155,138
1156,252
1157,238
1158,222
1159,243
1160,186
1161,228
1162,179
1163,227
1164,119
1165,164
1166,232
1167,192
1168,161
1169,147
1170,238
1171,192
1172,193
1173,212
1174,192
1175,231
1176,157
1177,223
1178,190
1179,245
1180,117
1181,140
1182,167
1183,217
1184,150
1185,244
1186,256
1187,11
1188,180
1189,220
1190,231
1191,234
1192,202
1193,250
1194,247
1195,229
1196,118
1197,171
1198,144
1199,0
1200,74
1201,255
1202,213
1203,234
1204,45
1205,229
1206,221
1207,220
1208,146
1209,236
1210,199
1211,200
1212,213
1213,0
1214,247
1215,0
1216,226
1217,0
1218,194
1219,244
1220,246
1221,166
1222,96
1223,230
1224,142
1225,42
1226,189
1227,161
1228,27
1229,167
1230,153
1231,156
1232,123
1233,234
1234,106
1235,78
1236,136
1237,128
1238,201
1239,245
1240,182
1241,217
1242,191
1243,226
1244,169
1245,86
1246,254
1247,240
1248,170
1249,214
1250,175
1251,196
1252,185
1253,244
1254,215
1255,196
1256,222
1257,168
1258,216
1259,244
1260,238
1261,241
1262,106
1263,253
1264,204
1265,180
1266,172
1267,217
1268,176
1269,245
1270,157
1271,220
1272,218
1273,231
1274,96
1275,178
1276,106
1277,193
1278,212
1279,194
1280,163
1281,186
1282,73
1283,199
1284,238
1285,42
1286,178
1287,30
1288,174
1289,208
1290,144
1291,88
1292,156
1293,107
1294,222
1295,173
1296,236
1297,236
1298,159
1299,250
1300,28
1301,236
1302,208
1303,207
1304,205
1305,79
1306,84
1307,207
1308,130
1309,180
1310,211
1311,176
1312,205
1313,177
1314,216
1315,256
1316,219
1317,194
1318,180
1319,98
1320,200
1321,117
1322,207
1323,245
1324,24
1325,147
1326,177
1327,252
1328,183
1329,220
1330,210
1331,180
1332,255
1333,219
1334,234
1335,163
1336,176
1337,108
1338,196
1339,148
1340,246
1341,253
1342,196
1343,210
1344,237
1345,225
1346,211
1347,254
1348,158
1349,177
1350,226
1351,240
1352,157
1353,215
1354,230
1355,107
1356,174
1357,123
1358,189
1359,46
1360,233
1361,242
1362,213
1363,185
1364,166
1365,176
1366,80
1367,230
1368,157
1369,235
1370,240
1371,207
1372,253
1373,204
1374,189
1375,214
1376,212
1377,212
1378,50
1379,182
1380,207
1381,193
1382,184
1383,233
1384,29
1385,151
1386,107
1387,199
1388,31
1389,247
1390,218
1391,205
1392,87
1393,237
1394,218
1395,227
1396,189
1397,239
1398,160
1399,205
1400,107
1401,210
1402,177
1403,161
1404,158
1405,159
1406,255
1407,0
1408,109
1409,110
1410,201
1411,228
1412,231
1413,228
1414,163
1415,221
1416,68
1417,226
1418,166
1419,9
1420,213
1421,221
1422,211
1423,256
1424,167
1425,190
1426,242
1427,157
1428,143
1429,173
1430,222
1431,127
1432,167
1433,233
1434,185
1435,162
1436,243
1437,228
1438,115
1439,221
1440,214
1441,245
1442,129
1443,250
1444,181
1445,248
1446,231
1447,217
1448,229
1449,175
1450,192
1451,174
1452,240
1453,118
1454,225
1455,223
1456,241
1457,178
1458,212
1459,195
1460,60
1461,195
1462,236
1463,210
1464,70
1465,220
1466,249
1467,234
1468,100
1469,184
1470,144
1471,242
1472,218
1473,222
1474,0
1475,197
1476,125
1477,210
1478,189
1479,209
1480,215
1481,0
1482,232
1483,81
1484,213
1485,200
1486,181
1487,251
1488,179
1489,217
1490,137
1491,250
1492,191
1493,249
1494,148
1495,237
1496,224
1497,201
1498,154
1499,199
1500,97
1501,205
1502,161
1503,166
1504,173
1505,112
1506,0
1507,220
1508,247
1509,183
1510,81
1511,242
1512,82
1513,157
1514,226
1515,182
1516,182
1517,198
1518,231
1519,202
1520,180
1521,219
1522,242
1523,249
1524,144
1525,219
1526,228
1527,181
1528,165
1529,184
1530,167
1531,222
1532,96
1533,0
1534,173
1535,202
1536,216
1537,163
1538,140
1539,237
1540,194
1541,246
1542,249
1543,222
1544,208
1545,130
1546,235
1547,167
1548,124
1549,124
1550,126
1551,150
1552,228
1553,227
1554,68
1555,230
1556,45
1557,220
1558,228
1559,178
1560,167
1561,172
1562,255
1563,176
1564,242
1565,94
1566,240
1567,233
1568,221
1569,165
1570,243
1571,241
1572,190
1573,225
1574,175
1575,193
1576,188
1577,228
1578,197
1579,232
1580,236
1581,234
1582,172
1583,190
1584,113
1585,163
1586,237
1587,233
1588,225
1589,201
1590,241
1591,195
1592,147
1593,115
1594,162
1595,234
1596,219
1597,160
1598,195
1599,160
1600,182
1601,170
1602,192
1603,215
1604,175
1605,242
1606,82
1607,223
1608,155
1609,179
1610,89
1611,211
1612,254
1613,176
1614,227
1615,194
1616,137
1617,129
1618,198
1619,221
1620,226
1621,100
1622,200
1623,203
1624,147
1625,182
1626,167
1627,208
1628,224
1629,118
1630,237
1631,241
1632,198
1633,219
1634,40
1635,191
1636,186
1637,204
1638,46
1639,130
1640,177
1641,212
1642,238
1643,122
1644,149
1645,252
1646,103
1647,220
1648,230
1649,205
1650,240
1651,204
1652,145
1653,154
1654,0
1655,241
1656,91
1657,225
1658,74
1659,158
1660,132
1661,249
1662,159
1663,139
1664,191
1665,242
1666,134
1667,151
1668,200
1669,86
1670,214
1671,121
1672,218
1673,46
1674,219
1675,197
1676,226
1677,221
1678,210
1679,0
1680,153
1681,219
1682,218
1683,167
1684,165
1685,209
1686,237
1687,226
1688,245
1689,202
1690,226
1691,0
1692,123
1693,166
1694,195
1695,64
1696,222
1697,118
1698,217
1699,203
1700,216
1701,250
1702,252
1703,244
1704,256
1705,203
1706,245
1707,256
1708,228
1709,234
1710,189
1711,213
1712,161
1713,172
1714,102
1715,177
1716,115
1717,188
1718,219
1719,193
1720,214
1721,179
1722,214
1723,28
1724,256
1725,222
1726,170
1727,217
1728,215
1729,229
1730,145
1731,198
1732,220
1733,5
1734,140
1735,33
1736,208
1737,252
1738,156
1739,243
1740,206
1741,74
1742,252
1743,187
1744,173
1745,159
1746,179
1747,217
1748,216
1749,153
1750,223
1751,130
1752,139
1753,218
1754,251
1755,200
1756,204
1757,185
1758,245
1759,218
1760,82
1761,11
1762,247
1763,192
1764,204
1765,44
1766,250
1767,186
1768,152
1769,224
1770,0
1771,202
1772,16
1773,158
1774,76
1775,148
1776,121
1777,232
1778,110
1779,156
1780,254
1781,77
1782,205
1783,205
1784,143
1785,200
1786,206
1787,234
1788,191
1789,247
1790,112
1791,0
1792,79
1793,189
1794,0
1795,84
1796,225
1797,54
1798,142
1799,195
1800,197
1801,202
1802,192
1803,105
1804,108
1805,153
1806,34
1807,105
1808,208
1809,95
1810,164
1811,203
1812,216
1813,200
1814,210
1815,211
1816,130
1817,72
1818,75
1819,238
1820,213
1821,163
1822,189
1823,242
1824,217
1825,213
1826,225
1827,187
1828,183
1829,41
1830,101
1831,197
1832,208
1833,248
1834,85
1835,183
1836,219
1837,189
1838,215
1839,95
1840,226
1841,160
1842,246
1843,139
1844,251
1845,44
1846,150
1847,212
1848,58
1849,180
1850,230
1851,0
1852,199
1853,200
1854,145
1855,174
1856,163
1857,216
1858,239
1859,190
1860,161
1861,190
1862,144
1863,173
1864,187
1865,202
1866,176
1867,253
1868,189
1869,227
1870,195
1871,145
1872,0
1873,187
1874,212
1875,234
1876,73
1877,202
1878,240
1879,171
1880,158
1881,70
1882,212
1883,173
1884,246
1885,74
1886,9
1887,246
1888,170
1889,190
1890,222
1891,161
1892,119
1893,217
1894,253
1895,219
1896,200
1897,219
1898,197
1899,197
1900,188
1901,242
1902,209
1903,159
1904,207
1905,194
1906,212
1907,211
1908,185
1909,127
1910,201
1911,222
1912,194
1913,95
1914,94
1915,132
1916,221
1917,197
1918,79
1919,173
1920,232
1921,219
1922,211
1923,191
1924,70
1925,205
1926,203
1927,157
1928,166
1929,188
1930,140
1931,255
1932,231
1933,219
1934,205
1935,240
1936,190
1937,211
1938,36
1939,132
1940,177
1941,230
1942,198
1943,155
1944,247
1945,194
1946,137
1947,199
1948,245
1949,153
1950,145
1951,144
1952,176
1953,8
1954,244
1955,66
1956,183
1957,224
1958,149
1959,133
1960,167
1961,86
1962,133
1963,119
1964,59
1965,170
1966,211
1967,200
1968,247
1969,255
1970,241
1971,252
1972,193
1973,145
1974,218
1975,30
1976,185
1977,228
1978,187
1979,243
1980,189
1981,227
1982,222
1983,235
1984,225
1985,104
1986,241
1987,206
1988,247
1989,200
1990,244
1991,177
1992,239
1993,158
1994,41
1995,212
1996,83
1997,172
1998,190
1999,198
2000,202
2001,213
2002,198
2003,206
2004,168
2005,180
2006,200
2007,225
2008,212
2009,216
2010,220
2011,231
2012,232
2013,220
2014,175
2015,166
2016,229
2017,195
2018,198
2019,234
2020,194
2021,229
2022,128
2023,220
2024,193
2025,240
2026,224
2027,138
2028,215
2029,103
2030,254
2031,226
2032,226
2033,237
2034,135
2035,226
2036,136
2037,116
2038,173
2039,196
2040,119
2041,227
2042,0
2043,148
2044,245
2045,145
2046,256
2047,246
2048,190
2049,145
2050,68
2051,172
2052,145
2053,212
2054,203
2055,228
2056,219
2057,215
2058,223
2059,214
2060,83
2061,224
2062,54
2063,0
2064,89
2065,239
2066,219
2067,145
2068,8
2069,79
2070,183
2071,207
2072,180
2073,223
2074,252
2075,242
2076,148
2077,145
2078,242
2079,131
2080,202
2081,230
2082,227
2083,199
2084,217
2085,106
2086,127
2087,172
2088,212
2089,240
2090,116
2091,254
2092,157
2093,233
2094,203
2095,194
2096,241
2097,188
2098,186
2099,143
2100,191
2101,242
2102,179
2103,158
2104,211
2105,137
2106,237
2107,222
2108,176
2109,239
2110,182
2111,214
2112,142
2113,185
2114,214
2115,234
2116,202
2117,245
2118,228
2119,247
2120,157
2121,30
2122,222
2123,152
2124,230
2125,228
2126,185
2127,149
2128,152
2129,161
2130,231
2131,96
2132,157
2133,161
2134,140
2135,195
2136,221
2137,102
2138,256
2139,217
2140,171
2141,226
2142,207
2143,228
2144,231
2145,229
2146,184
2147,172
2148,214
2149,204
2150,178
2151,254
2152,171
2153,230
2154,238
2155,243
2156,245
2157,218
2158,195
2159,183
2160,83
2161,180
2162,0
2163,227
2164,242
2165,141
2166,231
2167,177
2168,190
2169,252
2170,222
2171,184
2172,58
2173,173
2174,169
2175,148
2176,237
2177,250
2178,204
2179,210
2180,256
2181,167
2182,128
2183,146
2184,137
2185,198
2186,79
2187,0
2188,211
2189,216
2190,194
2191,216
2192,162
2193,36
2194,246
2195,84
2196,117
2197,223
2198,118
2199,146
2200,154
2201,198
2202,237
2203,0
2204,164
2205,144
2206,244
2207,160
2208,142
2209,126
2210,145
2211,239
2212,98
2213,148
2214,220
2215,256
2216,216
2217,239
2218,210
2219,184
2220,184
2221,239
2222,211
2223,188
2224,0
2225,210
2226,217
2227,112
2228,162
2229,153
2230,245
2231,226
2232,133
2233,169
2234,134
2235,233
2236,120
2237,246
2238,209
2239,159
2240,163
2241,193
2242,193
2243,206
2244,127
2245,190
2246,182
2247,224
2248,217
2249,146
2250,235
2251,255
2252,117
2253,219
2254,251
2255,218
2256,121
2257,215
2258,187
2259,4
2260,203
2261,200
2262,233
2263,125
2264,242
2265,0
2266,227
2267,221
2268,0
2269,148
2270,155
2271,57
2272,249
2273,158
2274,233
2275,14
2276,256
2277,233
2278,157
2279,164
2280,221
2281,154
2282,177
2283,54
2284,253
2285,240
2286,131
2287,211
2288,236
2289,211
2290,188
2291,202
2292,245
2293,71
2294,156
2295,173
2296,177
2297,177
2298,252
2299,234
2300,199
2301,201
2302,248
2303,237
2304,236
2305,231
2306,169
2307,140
2308,197
2309,214
2310,183
2311,151
2312,248
2313,226
2314,254
2315,256
2316,175
2317,0
2318,80
2319,217
2320,202
2321,203
2322,236
2323,245
2324,245
2325,213
2326,136
2327,228
2328,37
2329,184
2330,194
2331,175
2332,198
2333,178
2334,228
2335,161
2336,155
2337,233
2338,223
2339,124
2340,233
2341,178
2342,256
2343,207
2344,209
2345,207
2346,230
2347,209
2348,242
2349,181
2350,165
2351,237
2352,53
2353,110
2354,147
2355,243
2356,224
2357,206
2358,210
2359,69
2360,226
2361,49
2362,83
2363,229
2364,211
2365,184
2366,117
2367,246
2368,72
2369,138
2370,242
2371,214
2372,111
2373,247
2374,223
2375,215
2376,227
2377,0
2378,253
2379,248
2380,214
2381,194
2382,111
2383,233
2384,231
2385,217
2386,154
2387,199
2388,220
2389,148
2390,232
2391,148
2392,132
2393,208
2394,118
2395,111
2396,139
2397,248
2398,176
2399,226
