0,194
1,193
2,179
3,225
4,193
5,92
6,190
7,235
8,228
9,137
10,143
11,225
12,179
13,187
14,256
15,192
16,214
17,206
18,243
19,238
20,237
21,127
22,158
23,202
24,243
25,220
26,106
27,160
28,223
29,176
30,49
31,193
32,197
33,227
34,230
35,218
36,236
37,220
38,207
39,241
40,204
41,250
42,197
43,103
44,220
45,209
46,143
47,238
48,126
49,194
50,212
51,224
52,125
53,219
54,197
55,200
56,198
57,189
58,210
59,245
60,236
61,157
62,185
63,209
64,205
65,219
66,251
67,239
68,154
69,145
70,175
71,229
72,161
73,230
74,227
75,160
76,222
77,56
78,210
79,187
80,229
81,232
82,139
83,162
84,225
85,222
86,167
87,195
88,115
89,199
90,177
91,234
92,194
93,182
94,150
95,219
96,237
97,191
98,246
99,181
100,256
101,244
102,168
103,85
104,248
105,211
106,219
107,214
108,177
109,38
110,151
111,175
112,200
113,236
114,246
115,224
116,233
117,230
118,228
119,238
120,174
121,222
122,105
123,89
124,189
125,208
126,233
127,79
128,201
129,154
130,166
131,220
132,225
133,227
134,174
135,181
136,194
137,196
138,84
139,144
140,254
141,233
142,223
143,149
144,154
145,162
146,214
147,210
148,198
149,210
150,139
151,218
152,236
153,195
154,208
155,242
156,249
157,185
158,256
159,123
160,223
161,188
162,210
163,155
164,237
165,112
166,110
167,174
168,181
169,252
170,205
171,175
172,191
173,157
174,245
175,162
176,219
177,223
178,239
179,11
180,159
181,76
182,155
183,209
184,195
185,254
186,214
187,143
188,132
189,230
190,233
191,213
192,154
193,252
194,196
195,243
196,186
197,209
198,190
199,202
200,173
201,211
202,208
203,207
204,251
205,149
206,141
207,221
208,204
209,139
210,172
211,201
212,240
213,224
214,107
215,187
216,201
217,193
218,240
219,181
220,136
221,236
222,190
223,177
224,216
225,254
226,226
227,183
228,219
229,218
230,176
231,172
232,241
233,210
234,183
235,204
236,152
237,212
238,114
239,225
240,222
241,152
242,241
243,164
244,242
245,237
246,227
247,250
248,217
249,213
250,162
251,133
252,204
253,201
254,227
255,248
256,253
257,209
258,174
259,173
260,134
261,196
262,230
263,135
264,223
265,228
266,153
267,147
268,235
269,217
270,192
271,197
272,179
273,252
274,185
275,179
276,227
277,144
278,244
279,168
280,169
281,209
282,229
283,211
284,120
285,232
286,170
287,217
288,216
289,204
290,175
291,237
292,191
293,130
294,211
295,152
296,118
297,109
298,181
299,230
300,178
301,196
302,228
303,200
304,222
305,220
306,160
307,221
308,221
309,250
310,227
311,165
312,169
313,246
314,247
315,156
316,114
317,187
318,236
319,186
320,246
321,106
322,156
323,211
324,202
325,230
326,174
327,243
328,198
329,156
330,234
331,252
332,174
333,217
334,234
335,216
336,177
337,210
338,215
339,130
340,120
341,246
342,235
343,188
344,167
345,160
346,128
347,112
348,22
349,161
350,108
351,182
352,183
353,149
354,195
355,216
356,217
357,235
358,209
359,117
360,198
361,194
362,206
363,148
364,237
365,195
366,197
367,239
368,239
369,169
370,192
371,204
372,83
373,186
374,249
375,130
376,221
377,235
378,146
379,216
380,209
381,113
382,140
383,194
384,190
385,253
386,196
387,113
388,188
389,225
390,240
391,193
392,240
393,181
394,182
395,0
396,232
397,220
398,181
399,236
400,121
401,176
402,220
403,139
404,177
405,204
406,213
407,99
408,215
409,223
410,177
411,125
412,229
413,251
414,210
415,155
416,173
417,113
418,209
419,97
420,222
421,205
422,229
423,244
424,205
425,237
426,228
427,124
428,142
429,167
430,233
431,233
432,223
433,244
434,179
435,183
436,156
437,231
438,192
439,256
440,183
441,142
442,200
443,182
444,175
445,205
446,73
447,191
448,116
449,232
450,87
451,208
452,200
453,224
454,243
455,220
456,209
457,244
458,217
459,248
460,230
461,243
462,249
463,182
464,223
465,200
466,176
467,164
468,179
469,149
470,111
471,184
472,189
473,167
474,189
475,246
476,225
477,177
478,212
479,139
480,142
481,242
482,246
483,249
484,155
485,162
486,228
487,193
488,156
489,236
490,174
491,162
492,198
493,142
494,173
495,154
496,228
497,223
498,234
499,226
500,188
501,207
502,250
503,248
504,131
505,239
506,148
507,198
508,159
509,80
510,226
511,229
512,218
513,251
514,181
515,229
516,185
517,174
518,125
519,231
520,123
521,226
522,173
523,108
524,193
525,219
526,219
527,231
528,226
529,220
530,179
531,210
532,79
533,178
534,248
535,87
536,235
537,213
538,96
539,123
540,198
541,247
542,219
543,200
544,220
545,152
546,159
547,126
548,131
549,256
550,179
551,135
552,221
553,166
554,92
555,192
556,22
557,230
558,139
559,191
560,159
561,211
562,191
563,112
564,213
565,178
566,253
567,254
568,222
569,244
570,195
571,145
572,235
573,234
574,190
575,199
576,236
577,143
578,224
579,255
580,214
581,108
582,172
583,254
584,249
585,137
586,196
587,203
588,216
589,123
590,217
591,226
592,252
593,137
594,174
595,229
596,240
597,248
598,174
599,239
600,170
601,201
602,119
603,218
604,151
605,152
606,172
607,212
608,191
609,116
610,230
611,243
612,178
613,249
614,123
615,253
616,144
617,180
618,130
619,148
620,197
621,226
622,136
623,223
624,183
625,197
626,216
627,202
628,210
629,166
630,203
631,206
632,233
633,212
634,198
635,193
636,175
637,103
638,121
639,216
640,88
641,199
642,237
643,142
644,231
645,232
646,236
647,238
648,191
649,204
650,179
651,250
652,160
653,171
654,79
655,197
656,170
657,246
658,243
659,184
660,226
661,197
662,179
663,195
664,232
665,168
666,223
667,117
668,234
669,125
670,175
671,214
672,110
673,240
674,202
675,214
676,164
677,127
678,179
679,225
680,241
681,141
682,247
683,256
684,209
685,227
686,161
687,220
688,203
689,149
690,246
691,226
692,198
693,197
694,147
695,235
696,168
697,238
698,10
699,204
700,236
701,233
702,140
703,254
704,186
705,228
706,112
707,247
708,91
709,121
710,251
711,238
712,252
713,222
714,122
715,184
716,171
717,215
718,123
719,127
720,150
721,218
722,126
723,226
724,227
725,187
726,113
727,254
728,56
729,191
730,222
731,151
732,226
733,147
734,235
735,134
736,178
737,189
738,211
739,182
740,231
741,202
742,152
743,145
744,195
745,197
746,124
747,254
748,218
749,243
750,200
751,0
752,200
753,105
754,246
755,127
756,230
757,189
758,201
759,226
760,207
761,112
762,213
763,232
764,170
765,241
766,145
767,189
768,126
769,230
770,166
771,221
772,140
773,237
774,204
775,143
776,188
777,237
778,194
779,149
780,219
781,178
782,122
783,238
784,216
785,250
786,237
787,122
788,103
789,235
790,253
791,92
792,256
793,240
794,203
795,236
796,148
797,161
798,228
799,256
800,149
801,241
802,208
803,158
804,175
805,237
806,248
807,197
808,248
809,208
810,235
811,132
812,192
813,237
814,194
815,202
816,212
817,154
818,172
819,204
820,252
821,206
822,9
823,228
824,220
825,209
826,194
827,232
828,180
829,240
830,186
831,203
832,224
833,176
834,184
835,159
836,199
837,122
838,147
839,121
840,240
841,219
842,236
843,229
844,204
845,223
846,139
847,168
848,217
849,158
850,207
851,175
852,196
853,247
854,152
855,174
856,88
857,246
858,156
859,135
860,228
861,190
862,148
863,222
864,157
865,148
866,225
867,241
868,160
869,226
870,181
871,256
872,227
873,216
874,236
875,240
876,206
877,220
878,209
879,222
880,247
881,146
882,14
883,237
884,188
885,224
886,169
887,227
888,213
889,105
890,250
891,219
892,200
893,192
894,179
895,252
896,237
897,217
898,160
899,174
900,144
901,175
902,212
903,135
904,116
905,193
906,95
907,98
908,186
909,230
910,236
911,191
912,100
913,214
914,243
915,224
916,114
917,188
918,164
919,216
920,197
921,198
922,189
923,233
924,251
925,153
926,223
927,168
928,237
929,216
930,234
931,234
932,167
933,235
934,177
935,243
936,236
937,155
938,57
939,250
940,230
941,209
942,129
943,211
944,192
945,231
946,217
947,177
948,205
949,256
950,192
951,238
952,162
953,230
954,242
955,149
956,226
957,242
958,202
959,213
960,226
961,250
962,250
963,151
964,175
965,207
966,243
967,253
968,223
969,183
970,218
971,149
972,190
973,142
974,172
975,163
976,226
977,158
978,227
979,233
980,216
981,255
982,147
983,231
984,240
985,108
986,25
987,231
988,163
989,171
990,155
991,156
992,114
993,220
994,201
995,172
996,192
997,216
998,180
999,252
1000,238
1001,210
1002,250
1003,108
1004,187
1005,172
1006,195
1007,194
1008,175
1009,88
1010,178
1011,177
1012,247
1013,221
1014,234
1015,205
1016,204
1017,256
1018,198
1019,223
1020,231
1021,118
1022,231
1023,171
1024,169
1025,252
1026,203
1027,211
1028,244
1029,186
1030,207
1031,141
1032,89
1033,235
1034,167
1035,240
1036,102
1037,95
1038,185
1039,166
1040,188
1041,162
1042,212
1043,211
1044,135
1045,218
1046,188
1047,194
1048,197
1049,104
1050,223
1051,242
1052,216
1053,136
1054,150
1055,144
1056,172
1057,251
1058,134
1059,189
1060,219
1061,153
1062,218
1063,215
1064,202
1065,215
1066,98
1067,226
1068,201
1069,247
1070,243
1071,256
1072,159
1073,217
1074,197
1075,253
1076,213
1077,237
1078,213
1079,248
1080,164
1081,208
1082,129
1083,198
1084,217
1085,195
1086,160
1087,181
1088,211
1089,187
1090,93
1091,191
1092,108
1093,171
1094,110
1095,225
1096,128
1097,151
1098,153
1099,191
1100,236
1101,230
1102,123
1103,187
1104,241
1105,171
1106,185
1107,250
1108,236
1109,224
1110,253
1111,216
1112,242
1113,239
1114,149
1115,197
1116,210
1117,177
1118,182
1119,188
1120,228
1121,160
1122,169
1123,187
1124,137
1125,242
1126,256
1127,186
1128,93
1129,198
1130,248
1131,256
1132,209
1133,241
1134,115
1135,218
1136,159
1137,148
1138,198
1139,102
1140,243
1141,240
1142,230
1143,133
1144,160
1145,182
1146,179
1147,222
1148,171
1149,145
1150,50
1151,244
1152,116
1153,200
1154,246
1155,129
1156,243
1157,220
1158,220
1159,243
1160,194
1161,227
1162,170
1163,231
1164,128
1165,180
1166,240
1167,202
1168,167
1169,144
1170,232
1171,192
1172,184
1173,215
1174,207
1175,238
1176,132
1177,218
1178,175
1179,223
1180,104
1181,190
1182,182
1183,219
1184,189
1185,235
1186,256
1187,145
1188,95
1189,229
1190,232
1191,230
1192,191
1193,249
1194,238
1195,232
1196,165
1197,170
1198,152
1199,99
1200,92
1201,255
1202,227
1203,256
1204,117
1205,236
1206,212
1207,216
1208,117
1209,223
1210,218
1211,194
1212,203
1213,121
1214,237
1215,0
1216,217
1217,0
1218,198
1219,238
1220,246
1221,206
1222,151
1223,222
1224,139
1225,48
1226,195
1227,190
1228,84
1229,168
1230,172
1231,163
1232,120
1233,240
1234,87
1235,90
1236,183
1237,135
1238,206
1239,246
1240,178
1241,202
1242,195
1243,220
1244,174
1245,126
1246,254
1247,238
1248,193
1249,204
1250,179
1251,208
1252,201
1253,245
1254,221
1255,222
1256,216
1257,171
1258,212
1259,246
1260,223
1261,233
1262,139
1263,248
1264,221
1265,207
1266,185
1267,218
1268,178
1269,244
1270,156
1271,225
1272,220
1273,233
1274,124
1275,150
1276,138
1277,232
1278,211
1279,196
1280,138
1281,192
1282,128
1283,201
1284,244
1285,161
1286,179
1287,101
1288,160
1289,196
1290,118
1291,151
1292,164
1293,128
1294,222
1295,175
1296,235
1297,233
1298,137
1299,251
1300,131
1301,239
1302,218
1303,205
1304,190
1305,137
1306,124
1307,199
1308,151
1309,170
1310,213
1311,211
1312,213
1313,190
1314,214
1315,256
1316,226
1317,170
1318,182
1319,112
1320,198
1321,111
1322,208
1323,233
1324,70
1325,243
1326,176
1327,250
1328,186
1329,222
1330,202
1331,170
1332,255
1333,217
1334,240
1335,182
1336,219
1337,148
1338,173
1339,192
1340,245
1341,254
1342,192
1343,215
1344,217
1345,222
1346,208
1347,253
1348,179
1349,173
1350,228
1351,236
1352,160
1353,209
1354,228
1355,124
1356,159
1357,103
1358,253
1359,102
1360,235
1361,232
1362,227
1363,169
1364,146
1365,180
1366,106
1367,256
1368,160
1369,228
1370,242
1371,212
1372,253
1373,195
1374,189
1375,183
1376,218
1377,216
1378,205
1379,173
1380,190
1381,169
1382,166
1383,230
1384,71
1385,146
1386,148
1387,188
1388,122
1389,247
1390,220
1391,194
1392,150
1393,238
1394,209
1395,213
1396,173
1397,240
1398,154
1399,220
1400,107
1401,217
1402,218
1403,152
1404,164
1405,142
1406,253
1407,68
1408,111
1409,128
1410,203
1411,224
1412,231
1413,231
1414,175
1415,223
1416,111
1417,213
1418,153
1419,82
1420,228
1421,227
1422,223
1423,256
1424,185
1425,206
1426,246
1427,138
1428,191
1429,165
1430,236
1431,189
1432,144
1433,233
1434,199
1435,156
1436,245
1437,232
1438,137
1439,223
1440,211
1441,244
1442,169
1443,252
1444,162
1445,248
1446,221
1447,227
1448,222
1449,173
1450,191
1451,150
1452,230
1453,129
1454,232
1455,240
1456,232
1457,186
1458,216
1459,196
1460,132
1461,197
1462,225
1463,213
1464,231
1465,222
1466,249
1467,233
1468,159
1469,172
1470,128
1471,234
1472,225
1473,218
1474,0
1475,205
1476,119
1477,189
1478,169
1479,208
1480,223
1481,0
1482,230
1483,56
1484,199
1485,194
1486,192
1487,251
1488,173
1489,212
1490,203
1491,250
1492,169
1493,251
1494,169
1495,232
1496,210
1497,199
1498,150
1499,192
1500,120
1501,207
1502,107
1503,151
1504,138
1505,108
1506,151
1507,221
1508,242
1509,157
1510,109
1511,232
1512,138
1513,172
1514,204
1515,180
1516,187
1517,194
1518,231
1519,192
1520,185
1521,206
1522,242
1523,249
1524,140
1525,208
1526,227
1527,174
1528,166
1529,180
1530,154
1531,220
1532,99
1533,47
1534,189
1535,195
1536,230
1537,256
1538,148
1539,230
1540,185
1541,249
1542,238
1543,229
1544,200
1545,153
1546,245
1547,186
1548,130
1549,158
1550,122
1551,147
1552,224
1553,217
1554,113
1555,233
1556,97
1557,223
1558,217
1559,171
1560,174
1561,182
1562,254
1563,164
1564,244
1565,160
1566,237
1567,231
1568,219
1569,176
1570,240
1571,241
1572,194
1573,237
1574,204
1575,192
1576,195
1577,244
1578,187
1579,244
1580,230
1581,244
1582,165
1583,192
1584,140
1585,180
1586,236
1587,234
1588,222
1589,195
1590,227
1591,196
1592,175
1593,120
1594,155
1595,241
1596,209
1597,159
1598,190
1599,167
1600,173
1601,153
1602,199
1603,230
1604,172
1605,237
1606,99
1607,225
1608,163
1609,172
1610,133
1611,232
1612,254
1613,194
1614,216
1615,208
1616,149
1617,142
1618,189
1619,225
1620,215
1621,76
1622,176
1623,185
1624,143
1625,193
1626,168
1627,200
1628,225
1629,163
1630,228
1631,232
1632,200
1633,214
1634,152
1635,184
1636,194
1637,203
1638,112
1639,172
1640,176
1641,208
1642,243
1643,129
1644,136
1645,243
1646,106
1647,228
1648,232
1649,188
1650,240
1651,202
1652,120
1653,172
1654,117
1655,242
1656,113
1657,235
1658,164
1659,179
1660,150
1661,237
1662,187
1663,130
1664,191
1665,243
1666,104
1667,155
1668,202
1669,115
1670,203
1671,140
1672,213
1673,128
1674,213
1675,194
1676,224
1677,231
1678,196
1679,98
1680,123
1681,218
1682,216
1683,160
1684,181
1685,209
1686,233
1687,209
1688,239
1689,195
1690,231
1691,68
1692,126
1693,256
1694,168
1695,84
1696,230
1697,143
1698,223
1699,198
1700,225
1701,248
1702,252
1703,243
1704,256
1705,185
1706,234
1707,256
1708,229
1709,224
1710,209
1711,200
1712,191
1713,184
1714,132
1715,180
1716,81
1717,191
1718,214
1719,180
1720,222
1721,180
1722,216
1723,133
1724,256
1725,216
1726,171
1727,216
1728,206
1729,231
1730,160
1731,201
1732,219
1733,81
1734,148
1735,46
1736,197
1737,244
1738,164
1739,245
1740,218
1741,108
1742,255
1743,190
1744,164
1745,145
1746,181
1747,207
1748,216
1749,186
1750,214
1751,181
1752,145
1753,213
1754,246
1755,200
1756,199
1757,217
1758,231
1759,211
1760,201
1761,104
1762,250
1763,200
1764,202
1765,94
1766,252
1767,176
1768,153
1769,223
1770,5
1771,207
1772,112
1773,204
1774,104
1775,133
1776,123
1777,230
1778,100
1779,147
1780,254
1781,189
1782,205
1783,185
1784,126
1785,191
1786,209
1787,232
1788,198
1789,248
1790,199
1791,92
1792,58
1793,166
1794,133
1795,20
1796,221
1797,112
1798,176
1799,176
1800,180
1801,180
1802,182
1803,136
1804,159
1805,173
1806,59
1807,156
1808,204
1809,155
1810,160
1811,223
1812,220
1813,228
1814,179
1815,196
1816,114
1817,133
1818,117
1819,234
1820,216
1821,209
1822,191
1823,245
1824,221
1825,211
1826,234
1827,172
1828,162
1829,93
1830,100
1831,185
1832,200
1833,248
1834,123
1835,211
1836,216
1837,198
1838,216
1839,157
1840,223
1841,156
1842,236
1843,151
1844,252
1845,29
1846,91
1847,212
1848,154
1849,178
1850,235
1851,146
1852,204
1853,189
1854,152
1855,191
1856,170
1857,202
1858,239
1859,207
1860,152
1861,170
1862,144
1863,168
1864,184
1865,189
1866,175
1867,250
1868,215
1869,232
1870,194
1871,144
1872,10
1873,190
1874,229
1875,235
1876,172
1877,217
1878,246
1879,186
1880,162
1881,81
1882,209
1883,180
1884,247
1885,143
1886,106
1887,238
1888,170
1889,173
1890,219
1891,159
1892,214
1893,214
1894,252
1895,200
1896,191
1897,217
1898,195
1899,190
1900,239
1901,238
1902,219
1903,154
1904,199
1905,190
1906,210
1907,206
1908,196
1909,125
1910,195
1911,220
1912,201
1913,180
1914,124
1915,164
1916,222
1917,202
1918,110
1919,143
1920,237
1921,214
1922,221
1923,198
1924,151
1925,214
1926,224
1927,152
1928,165
1929,206
1930,145
1931,255
1932,235
1933,206
1934,182
1935,244
1936,198
1937,186
1938,94
1939,202
1940,183
1941,214
1942,222
1943,168
1944,233
1945,198
1946,138
1947,196
1948,245
1949,80
1950,128
1951,145
1952,219
1953,128
1954,237
1955,131
1956,183
1957,239
1958,198
1959,170
1960,152
1961,99
1962,145
1963,146
1964,104
1965,162
1966,219
1967,207
1968,246
1969,255
1970,248
1971,253
1972,181
1973,145
1974,217
1975,200
1976,211
1977,230
1978,194
1979,242
1980,194
1981,222
1982,235
1983,229
1984,221
1985,116
1986,242
1987,205
1988,237
1989,189
1990,240
1991,201
1992,238
1993,134
1994,256
1995,214
1996,76
1997,158
1998,169
1999,203
2000,187
2001,217
2002,204
2003,225
2004,172
2005,168
2006,198
2007,226
2008,200
2009,222
2010,217
2011,256
2012,234
2013,218
2014,168
2015,184
2016,229
2017,210
2018,199
2019,236
2020,184
2021,222
2022,62
2023,217
2024,192
2025,235
2026,231
2027,146
2028,218
2029,128
2030,254
2031,218
2032,228
2033,234
2034,183
2035,227
2036,147
2037,149
2038,178
2039,192
2040,156
2041,221
2042,87
2043,179
2044,248
2045,175
2046,256
2047,247
2048,197
2049,171
2050,85
2051,156
2052,156
2053,223
2054,224
2055,226
2056,220
2057,211
2058,211
2059,216
2060,92
2061,230
2062,114
2063,0
2064,85
2065,226
2066,226
2067,136
2068,68
2069,62
2070,180
2071,206
2072,204
2073,209
2074,252
2075,245
2076,165
2077,135
2078,233
2079,131
2080,199
2081,218
2082,229
2083,200
2084,215
2085,160
2086,117
2087,182
2088,215
2089,233
2090,151
2091,254
2092,145
2093,231
2094,212
2095,191
2096,234
2097,160
2098,214
2099,132
2100,195
2101,241
2102,172
2103,161
2104,190
2105,142
2106,245
2107,217
2108,162
2109,235
2110,184
2111,210
2112,141
2113,183
2114,212
2115,237
2116,196
2117,243
2118,223
2119,246
2120,186
2121,144
2122,211
2123,139
2124,234
2125,238
2126,167
2127,194
2128,146
2129,157
2130,230
2131,189
2132,155
2133,175
2134,151
2135,206
2136,214
2137,188
2138,256
2139,194
2140,202
2141,229
2142,225
2143,227
2144,232
2145,225
2146,136
2147,146
2148,208
2149,195
2150,179
2151,254
2152,170
2153,243
2154,239
2155,234
2156,246
2157,256
2158,145
2159,199
2160,75
2161,190
2162,42
2163,235
2164,244
2165,149
2166,233
2167,163
2168,192
2169,252
2170,226
2171,184
2172,125
2173,139
2174,167
2175,214
2176,238
2177,250
2178,210
2179,210
2180,256
2181,208
2182,185
2183,153
2184,176
2185,185
2186,169
2187,23
2188,206
2189,221
2190,256
2191,202
2192,161
2193,60
2194,248
2195,127
2196,201
2197,217
2198,167
2199,140
2200,145
2201,193
2202,240
2203,26
2204,185
2205,121
2206,244
2207,149
2208,172
2209,160
2210,135
2211,244
2212,137
2213,150
2214,210
2215,256
2216,231
2217,228
2218,210
2219,171
2220,196
2221,242
2222,206
2223,174
2224,68
2225,225
2226,205
2227,105
2228,161
2229,132
2230,234
2231,231
2232,177
2233,202
2234,155
2235,225
2236,108
2237,256
2238,212
2239,161
2240,177
2241,203
2242,183
2243,212
2244,157
2245,184
2246,170
2247,211
2248,209
2249,203
2250,256
2251,255
2252,122
2253,196
2254,250
2255,219
2256,118
2257,226
2258,175
2259,100
2260,214
2261,203
2262,232
2263,84
2264,243
2265,79
2266,236
2267,236
2268,0
2269,144
2270,161
2271,104
2272,250
2273,162
2274,233
2275,122
2276,256
2277,242
2278,163
2279,162
2280,237
2281,142
2282,178
2283,142
2284,252
2285,241
2286,124
2287,221
2288,234
2289,231
2290,216
2291,203
2292,245
2293,57
2294,164
2295,155
2296,157
2297,162
2298,252
2299,242
2300,206
2301,217
2302,250
2303,242
2304,245
2305,238
2306,176
2307,158
2308,213
2309,195
2310,185
2311,130
2312,247
2313,214
2314,251
2315,256
2316,163
2317,49
2318,112
2319,212
2320,210
2321,208
2322,230
2323,247
2324,242
2325,203
2326,166
2327,226
2328,155
2329,193
2330,199
2331,177
2332,194
2333,177
2334,221
2335,146
2336,179
2337,237
2338,222
2339,153
2340,244
2341,186
2342,256
2343,215
2344,191
2345,208
2346,216
2347,210
2348,230
2349,214
2350,194
2351,239
2352,151
2353,131
2354,163
2355,246
2356,214
2357,204
2358,203
2359,21
2360,215
2361,97
2362,84
2363,223
2364,217
2365,181
2366,128
2367,245
2368,127
2369,136
2370,243
2371,212
2372,109
2373,245
2374,226
2375,226
2376,216
2377,77
2378,255
2379,240
2380,212
2381,177
2382,88
2383,230
2384,245
2385,227
2386,166
2387,204
2388,224
2389,144
2390,229
2391,174
2392,148
2393,201
2394,154
2395,119
2396,155
2397,243
2398,150
2399,226
