0,185
1,157
2,185
3,215
4,193
5,148
6,192
7,231
8,230
9,140
10,139
11,222
12,199
13,177
14,205
15,171
16,212
17,175
18,243
19,242
20,231
21,136
22,167
23,202
24,239
25,221
26,79
27,120
28,218
29,172
30,83
31,192
32,180
33,231
34,208
35,228
36,236
37,219
38,185
39,221
40,207
41,246
42,203
43,89
44,221
45,211
46,171
47,233
48,149
49,158
50,200
51,222
52,141
53,207
54,158
55,184
56,194
57,199
58,212
59,247
60,224
61,128
62,183
63,224
64,206
65,223
66,250
67,241
68,166
69,98
70,198
71,199
72,177
73,224
74,234
75,163
76,212
77,76
78,196
79,157
80,232
81,232
82,137
83,169
84,221
85,224
86,171
87,192
88,136
89,195
90,189
91,237
92,201
93,171
94,153
95,193
96,201
97,196
98,244
99,203
100,256
101,249
102,190
103,101
104,248
105,209
106,216
107,213
108,167
109,58
110,153
111,197
112,199
113,227
114,246
115,195
116,190
117,226
118,227
119,235
120,167
121,208
122,118
123,12
124,185
125,205
126,223
127,75
128,169
129,152
130,181
131,217
132,225
133,235
134,175
135,189
136,187
137,197
138,130
139,164
140,253
141,233
142,208
143,140
144,136
145,172
146,162
147,200
148,193
149,214
150,146
151,197
152,220
153,194
154,191
155,237
156,249
157,175
158,74
159,135
160,227
161,199
162,215
163,146
164,248
165,101
166,119
167,167
168,165
169,251
170,207
171,160
172,198
173,145
174,244
175,171
176,196
177,215
178,240
179,0
180,151
181,73
182,183
183,219
184,202
185,188
186,222
187,148
188,144
189,225
190,243
191,213
192,131
193,252
194,161
195,234
196,182
197,211
198,180
199,208
200,174
201,212
202,185
203,209
204,253
205,172
206,160
207,198
208,220
209,174
210,191
211,202
212,240
213,229
214,42
215,166
216,198
217,192
218,240
219,181
220,136
221,238
222,191
223,102
224,222
225,246
226,234
227,178
228,216
229,217
230,176
231,154
232,234
233,216
234,184
235,205
236,146
237,207
238,155
239,223
240,222
241,166
242,246
243,172
244,234
245,233
246,225
247,250
248,195
249,215
250,178
251,146
252,202
253,200
254,229
255,248
256,254
257,213
258,171
259,181
260,142
261,194
262,229
263,136
264,223
265,214
266,164
267,142
268,182
269,198
270,138
271,207
272,174
273,252
274,191
275,207
276,230
277,182
278,249
279,172
280,169
281,192
282,211
283,206
284,130
285,226
286,190
287,215
288,214
289,204
290,160
291,224
292,183
293,126
294,205
295,158
296,118
297,121
298,163
299,225
300,177
301,204
302,240
303,181
304,225
305,223
306,153
307,214
308,199
309,234
310,225
311,182
312,163
313,246
314,251
315,164
316,70
317,191
318,232
319,202
320,209
321,123
322,166
323,208
324,198
325,235
326,154
327,245
328,214
329,151
330,222
331,252
332,157
333,213
334,228
335,223
336,192
337,208
338,218
339,120
340,101
341,246
342,233
343,204
344,143
345,190
346,139
347,89
348,16
349,142
350,132
351,129
352,148
353,145
354,207
355,163
356,211
357,242
358,213
359,92
360,207
361,192
362,212
363,132
364,232
365,192
366,204
367,237
368,240
369,161
370,204
371,193
372,150
373,171
374,249
375,130
376,204
377,224
378,111
379,223
380,202
381,130
382,132
383,216
384,188
385,252
386,200
387,123
388,207
389,227
390,239
391,166
392,240
393,181
394,188
395,22
396,195
397,207
398,142
399,237
400,146
401,184
402,217
403,165
404,176
405,206
406,221
407,121
408,199
409,232
410,195
411,131
412,224
413,251
414,207
415,163
416,176
417,71
418,212
419,107
420,224
421,212
422,231
423,245
424,206
425,237
426,217
427,125
428,187
429,184
430,233
431,215
432,221
433,244
434,192
435,180
436,179
437,229
438,197
439,212
440,207
441,144
442,191
443,212
444,177
445,175
446,36
447,172
448,125
449,224
450,88
451,210
452,208
453,205
454,218
455,212
456,197
457,245
458,188
459,248
460,231
461,242
462,249
463,170
464,214
465,185
466,162
467,174
468,156
469,143
470,104
471,178
472,198
473,174
474,161
475,243
476,227
477,181
478,212
479,160
480,120
481,234
482,230
483,250
484,139
485,169
486,221
487,148
488,175
489,229
490,182
491,167
492,183
493,92
494,174
495,150
496,225
497,216
498,228
499,228
500,154
501,197
502,217
503,248
504,149
505,244
506,123
507,195
508,16
509,100
510,209
511,230
512,215
513,251
514,178
515,229
516,188
517,192
518,128
519,232
520,110
521,222
522,191
523,74
524,193
525,189
526,219
527,210
528,225
529,226
530,188
531,212
532,116
533,180
534,247
535,108
536,222
537,219
538,109
539,122
540,198
541,245
542,209
543,211
544,218
545,129
546,183
547,120
548,126
549,256
550,159
551,128
552,221
553,166
554,93
555,188
556,35
557,232
558,129
559,204
560,161
561,207
562,193
563,111
564,218
565,169
566,253
567,254
568,196
569,244
570,205
571,123
572,235
573,226
574,207
575,186
576,232
577,160
578,227
579,255
580,197
581,114
582,145
583,252
584,242
585,136
586,186
587,210
588,205
589,111
590,227
591,223
592,247
593,181
594,171
595,224
596,237
597,248
598,171
599,233
600,174
601,197
602,102
603,215
604,171
605,166
606,175
607,214
608,201
609,135
610,213
611,249
612,172
613,248
614,67
615,253
616,156
617,173
618,122
619,133
620,191
621,209
622,148
623,231
624,172
625,172
626,217
627,207
628,213
629,123
630,184
631,176
632,231
633,213
634,200
635,186
636,183
637,100
638,106
639,221
640,67
641,170
642,188
643,144
644,240
645,227
646,241
647,234
648,195
649,214
650,180
651,250
652,142
653,156
654,52
655,205
656,158
657,245
658,235
659,178
660,203
661,195
662,190
663,214
664,212
665,136
666,229
667,115
668,233
669,125
670,179
671,204
672,54
673,231
674,187
675,222
676,171
677,126
678,191
679,229
680,243
681,142
682,245
683,149
684,205
685,224
686,169
687,184
688,186
689,114
690,247
691,228
692,203
693,204
694,129
695,225
696,144
697,237
698,0
699,142
700,209
701,219
702,142
703,254
704,184
705,222
706,101
707,243
708,135
709,147
710,245
711,251
712,250
713,217
714,131
715,177
716,178
717,219
718,164
719,107
720,146
721,220
722,73
723,218
724,210
725,192
726,114
727,254
728,45
729,201
730,213
731,101
732,232
733,141
734,235
735,146
736,194
737,195
738,215
739,196
740,226
741,220
742,180
743,181
744,181
745,192
746,98
747,255
748,174
749,240
750,183
751,60
752,211
753,77
754,249
755,116
756,230
757,203
758,163
759,234
760,194
761,121
762,238
763,222
764,181
765,240
766,151
767,189
768,164
769,198
770,180
771,217
772,134
773,217
774,198
775,153
776,194
777,197
778,186
779,123
780,223
781,141
782,118
783,236
784,207
785,251
786,239
787,111
788,88
789,212
790,252
791,90
792,192
793,238
794,197
795,239
796,144
797,174
798,232
799,256
800,148
801,235
802,212
803,177
804,162
805,238
806,230
807,189
808,248
809,213
810,205
811,159
812,192
813,224
814,198
815,205
816,207
817,150
818,159
819,188
820,247
821,208
822,0
823,201
824,222
825,184
826,207
827,231
828,196
829,211
830,185
831,205
832,184
833,170
834,159
835,161
836,181
837,115
838,154
839,171
840,232
841,233
842,236
843,222
844,207
845,233
846,138
847,184
848,226
849,154
850,207
851,213
852,179
853,248
854,166
855,178
856,37
857,239
858,177
859,135
860,234
861,202
862,166
863,212
864,177
865,155
866,206
867,228
868,138
869,221
870,184
871,219
872,221
873,212
874,244
875,239
876,188
877,226
878,208
879,215
880,246
881,157
882,30
883,235
884,191
885,228
886,183
887,226
888,227
889,108
890,248
891,190
892,194
893,195
894,161
895,252
896,236
897,223
898,150
899,170
900,138
901,191
902,196
903,133
904,126
905,180
906,114
907,58
908,198
909,235
910,242
911,201
912,88
913,209
914,243
915,208
916,154
917,191
918,174
919,188
920,198
921,184
922,197
923,236
924,244
925,162
926,215
927,154
928,237
929,221
930,233
931,231
932,185
933,238
934,193
935,245
936,230
937,153
938,115
939,249
940,238
941,216
942,121
943,201
944,197
945,236
946,200
947,173
948,182
949,256
950,195
951,233
952,183
953,235
954,241
955,150
956,235
957,242
958,201
959,215
960,194
961,250
962,250
963,116
964,174
965,189
966,248
967,251
968,222
969,172
970,214
971,151
972,179
973,126
974,184
975,167
976,220
977,163
978,223
979,234
980,200
981,255
982,155
983,225
984,235
985,118
986,0
987,229
988,150
989,152
990,141
991,140
992,137
993,197
994,204
995,170
996,190
997,222
998,177
999,251
1000,240
1001,169
1002,249
1003,117
1004,173
1005,171
1006,202
1007,186
1008,164
1009,118
1010,152
1011,145
1012,247
1013,193
1014,221
1015,199
1016,216
1017,222
1018,192
1019,210
1020,192
1021,48
1022,232
1023,189
1024,164
1025,252
1026,210
1027,215
1028,244
1029,194
1030,218
1031,132
1032,104
1033,241
1034,197
1035,242
1036,128
1037,74
1038,178
1039,180
1040,186
1041,160
1042,189
1043,212
1044,109
1045,194
1046,148
1047,203
1048,168
1049,146
1050,223
1051,243
1052,217
1053,148
1054,136
1055,146
1056,180
1057,237
1058,123
1059,196
1060,222
1061,184
1062,211
1063,208
1064,207
1065,226
1066,101
1067,219
1068,223
1069,241
1070,251
1071,172
1072,169
1073,194
1074,149
1075,253
1076,216
1077,248
1078,197
1079,228
1080,183
1081,209
1082,143
1083,192
1084,220
1085,189
1086,180
1087,163
1088,196
1089,190
1090,123
1091,196
1092,129
1093,158
1094,128
1095,222
1096,133
1097,153
1098,157
1099,195
1100,204
1101,236
1102,129
1103,201
1104,242
1105,169
1106,168
1107,250
1108,217
1109,230
1110,253
1111,227
1112,240
1113,237
1114,162
1115,204
1116,216
1117,163
1118,168
1119,182
1120,226
1121,176
1122,155
1123,170
1124,153
1125,238
1126,134
1127,178
1128,61
1129,204
1130,238
1131,256
1132,185
1133,232
1134,91
1135,200
1136,164
1137,169
1138,203
1139,103
1140,242
1141,239
1142,234
1143,123
1144,180
1145,180
1146,193
1147,213
1148,189
1149,144
1150,0
1151,245
1152,137
1153,209
1154,238
1155,149
1156,246
1157,234
1158,204
1159,242
1160,171
1161,222
1162,186
1163,235
1164,121
1165,180
1166,235
1167,182
1168,167
1169,142
1170,238
1171,193
1172,195
1173,183
1174,182
1175,208
1176,131
1177,217
1178,183
1179,235
1180,151
1181,215
1182,169
1183,196
1184,178
1185,235
1186,256
1187,132
1188,35
1189,235
1190,227
1191,222
1192,202
1193,250
1194,241
1195,228
1196,163
1197,179
1198,179
1199,84
1200,92
1201,255
1202,217
1203,225
1204,101
1205,234
1206,215
1207,217
1208,127
1209,233
1210,198
1211,192
1212,207
1213,165
1214,248
1215,0
1216,220
1217,0
1218,188
1219,242
1220,244
1221,180
1222,146
1223,226
1224,152
1225,82
1226,188
1227,204
1228,64
1229,186
1230,172
1231,165
1232,163
1233,240
1234,111
1235,96
1236,171
1237,65
1238,202
1239,245
1240,141
1241,210
1242,199
1243,196
1244,149
1245,104
1246,254
1247,238
1248,187
1249,204
1250,174
1251,209
1252,195
1253,230
1254,218
1255,213
1256,212
1257,186
1258,191
1259,244
1260,232
1261,238
1262,178
1263,248
1264,192
1265,197
1266,187
1267,213
1268,174
1269,245
1270,187
1271,225
1272,221
1273,245
1274,109
1275,161
1276,140
1277,212
1278,213
1279,180
1280,141
1281,194
1282,133
1283,207
1284,237
1285,94
1286,185
1287,39
1288,181
1289,193
1290,134
1291,136
1292,180
1293,124
1294,222
1295,177
1296,238
1297,234
1298,152
1299,250
1300,114
1301,238
1302,218
1303,209
1304,202
1305,143
1306,130
1307,183
1308,154
1309,146
1310,187
1311,206
1312,215
1313,184
1314,214
1315,256
1316,229
1317,156
1318,142
1319,128
1320,185
1321,110
1322,198
1323,235
1324,80
1325,168
1326,169
1327,252
1328,187
1329,217
1330,183
1331,198
1332,255
1333,204
1334,240
1335,177
1336,213
1337,139
1338,188
1339,195
1340,244
1341,254
1342,196
1343,207
1344,233
1345,224
1346,204
1347,253
1348,181
1349,179
1350,224
1351,233
1352,177
1353,212
1354,226
1355,111
1356,177
1357,117
1358,195
1359,49
1360,236
1361,231
1362,216
1363,180
1364,155
1365,176
1366,49
1367,202
1368,168
1369,230
1370,235
1371,214
1372,252
1373,187
1374,199
1375,168
1376,196
1377,221
1378,28
1379,178
1380,186
1381,170
1382,182
1383,230
1384,55
1385,158
1386,193
1387,194
1388,92
1389,240
1390,188
1391,194
1392,148
1393,236
1394,211
1395,219
1396,173
1397,237
1398,142
1399,211
1400,144
1401,197
1402,212
1403,167
1404,214
1405,159
1406,255
1407,35
1408,111
1409,136
1410,206
1411,223
1412,222
1413,231
1414,199
1415,226
1416,89
1417,218
1418,161
1419,91
1420,228
1421,230
1422,220
1423,256
1424,184
1425,218
1426,222
1427,154
1428,183
1429,166
1430,232
1431,181
1432,195
1433,232
1434,208
1435,156
1436,235
1437,230
1438,138
1439,208
1440,209
1441,243
1442,182
1443,251
1444,147
1445,222
1446,218
1447,229
1448,225
1449,183
1450,143
1451,148
1452,234
1453,124
1454,224
1455,240
1456,239
1457,158
1458,199
1459,175
1460,135
1461,202
1462,228
1463,203
1464,38
1465,218
1466,248
1467,235
1468,156
1469,191
1470,131
1471,236
1472,229
1473,200
1474,0
1475,203
1476,131
1477,203
1478,165
1479,204
1480,189
1481,0
1482,228
1483,100
1484,200
1485,199
1486,177
1487,251
1488,180
1489,215
1490,197
1491,250
1492,170
1493,250
1494,166
1495,240
1496,217
1497,181
1498,138
1499,205
1500,114
1501,195
1502,90
1503,171
1504,158
1505,121
1506,137
1507,218
1508,238
1509,181
1510,110
1511,235
1512,95
1513,143
1514,224
1515,175
1516,187
1517,186
1518,231
1519,199
1520,196
1521,207
1522,242
1523,248
1524,156
1525,216
1526,221
1527,163
1528,166
1529,176
1530,153
1531,223
1532,113
1533,3
1534,205
1535,199
1536,239
1537,164
1538,182
1539,230
1540,160
1541,244
1542,245
1543,212
1544,169
1545,150
1546,234
1547,162
1548,157
1549,147
1550,149
1551,103
1552,226
1553,223
1554,116
1555,218
1556,92
1557,219
1558,211
1559,182
1560,165
1561,180
1562,255
1563,169
1564,240
1565,135
1566,242
1567,236
1568,197
1569,175
1570,243
1571,242
1572,196
1573,236
1574,213
1575,197
1576,183
1577,234
1578,203
1579,219
1580,222
1581,233
1582,145
1583,194
1584,106
1585,197
1586,235
1587,233
1588,219
1589,175
1590,236
1591,181
1592,174
1593,139
1594,157
1595,237
1596,207
1597,144
1598,193
1599,191
1600,169
1601,159
1602,196
1603,229
1604,185
1605,248
1606,123
1607,221
1608,154
1609,179
1610,133
1611,234
1612,254
1613,201
1614,215
1615,158
1616,171
1617,137
1618,189
1619,226
1620,222
1621,17
1622,121
1623,187
1624,143
1625,180
1626,178
1627,203
1628,216
1629,171
1630,232
1631,229
1632,203
1633,209
1634,174
1635,197
1636,154
1637,213
1638,112
1639,164
1640,178
1641,202
1642,241
1643,98
1644,158
1645,246
1646,117
1647,226
1648,206
1649,207
1650,240
1651,219
1652,132
1653,185
1654,112
1655,231
1656,104
1657,182
1658,68
1659,169
1660,169
1661,247
1662,177
1663,125
1664,182
1665,239
1666,149
1667,159
1668,209
1669,126
1670,211
1671,141
1672,211
1673,68
1674,210
1675,186
1676,210
1677,227
1678,222
1679,49
1680,105
1681,216
1682,202
1683,167
1684,190
1685,177
1686,233
1687,226
1688,241
1689,205
1690,232
1691,86
1692,126
1693,134
1694,156
1695,86
1696,228
1697,138
1698,210
1699,195
1700,201
1701,248
1702,235
1703,238
1704,256
1705,190
1706,237
1707,256
1708,230
1709,231
1710,210
1711,209
1712,206
1713,181
1714,127
1715,171
1716,133
1717,198
1718,213
1719,178
1720,219
1721,175
1722,208
1723,116
1724,256
1725,221
1726,198
1727,214
1728,211
1729,227
1730,152
1731,207
1732,209
1733,94
1734,124
1735,62
1736,201
1737,247
1738,169
1739,239
1740,215
1741,84
1742,252
1743,173
1744,168
1745,144
1746,166
1747,214
1748,220
1749,142
1750,222
1751,186
1752,151
1753,212
1754,244
1755,189
1756,199
1757,207
1758,236
1759,202
1760,85
1761,63
1762,249
1763,209
1764,172
1765,60
1766,240
1767,188
1768,154
1769,222
1770,0
1771,180
1772,106
1773,170
1774,134
1775,166
1776,129
1777,224
1778,93
1779,149
1780,253
1781,162
1782,207
1783,184
1784,52
1785,160
1786,196
1787,231
1788,198
1789,247
1790,198
1791,47
1792,67
1793,171
1794,138
1795,89
1796,227
1797,124
1798,172
1799,197
1800,180
1801,188
1802,177
1803,135
1804,145
1805,164
1806,69
1807,164
1808,207
1809,152
1810,159
1811,207
1812,187
1813,206
1814,162
1815,144
1816,137
1817,146
1818,102
1819,235
1820,206
1821,208
1822,193
1823,219
1824,220
1825,199
1826,222
1827,178
1828,166
1829,82
1830,127
1831,180
1832,204
1833,240
1834,130
1835,196
1836,209
1837,190
1838,206
1839,157
1840,222
1841,164
1842,243
1843,157
1844,250
1845,1
1846,97
1847,210
1848,111
1849,169
1850,239
1851,132
1852,212
1853,196
1854,138
1855,203
1856,149
1857,202
1858,235
1859,195
1860,157
1861,186
1862,105
1863,163
1864,167
1865,182
1866,168
1867,253
1868,214
1869,211
1870,194
1871,172
1872,34
1873,190
1874,217
1875,203
1876,155
1877,206
1878,248
1879,180
1880,132
1881,84
1882,180
1883,168
1884,247
1885,143
1886,101
1887,246
1888,149
1889,91
1890,215
1891,148
1892,136
1893,208
1894,253
1895,210
1896,196
1897,224
1898,193
1899,190
1900,187
1901,243
1902,204
1903,153
1904,178
1905,177
1906,210
1907,210
1908,182
1909,138
1910,202
1911,212
1912,210
1913,155
1914,129
1915,159
1916,218
1917,212
1918,128
1919,170
1920,226
1921,212
1922,219
1923,189
1924,169
1925,210
1926,223
1927,156
1928,175
1929,194
1930,143
1931,255
1932,205
1933,213
1934,195
1935,240
1936,192
1937,188
1938,106
1939,186
1940,177
1941,227
1942,214
1943,165
1944,238
1945,134
1946,125
1947,174
1948,242
1949,57
1950,162
1951,160
1952,189
1953,115
1954,234
1955,133
1956,185
1957,208
1958,195
1959,166
1960,177
1961,135
1962,174
1963,133
1964,93
1965,184
1966,207
1967,210
1968,244
1969,255
1970,225
1971,251
1972,189
1973,142
1974,227
1975,169
1976,222
1977,223
1978,173
1979,244
1980,178
1981,214
1982,224
1983,239
1984,204
1985,166
1986,243
1987,175
1988,240
1989,197
1990,241
1991,200
1992,240
1993,164
1994,80
1995,194
1996,59
1997,163
1998,190
1999,194
2000,193
2001,219
2002,199
2003,205
2004,171
2005,179
2006,200
2007,222
2008,205
2009,222
2010,219
2011,227
2012,220
2013,218
2014,165
2015,159
2016,225
2017,213
2018,198
2019,211
2020,171
2021,231
2022,66
2023,208
2024,184
2025,228
2026,228
2027,153
2028,190
2029,97
2030,252
2031,215
2032,208
2033,239
2034,174
2035,225
2036,128
2037,155
2038,188
2039,195
2040,141
2041,217
2042,90
2043,172
2044,237
2045,67
2046,256
2047,247
2048,191
2049,166
2050,78
2051,126
2052,176
2053,220
2054,217
2055,231
2056,213
2057,218
2058,186
2059,200
2060,134
2061,200
2062,75
2063,72
2064,110
2065,228
2066,233
2067,122
2068,117
2069,105
2070,210
2071,210
2072,193
2073,231
2074,252
2075,230
2076,156
2077,133
2078,235
2079,133
2080,213
2081,227
2082,229
2083,201
2084,206
2085,161
2086,145
2087,179
2088,198
2089,227
2090,155
2091,254
2092,141
2093,223
2094,202
2095,185
2096,234
2097,169
2098,210
2099,147
2100,168
2101,243
2102,182
2103,158
2104,198
2105,48
2106,223
2107,217
2108,178
2109,236
2110,157
2111,207
2112,159
2113,150
2114,208
2115,231
2116,198
2117,240
2118,228
2119,247
2120,192
2121,104
2122,205
2123,147
2124,218
2125,239
2126,184
2127,196
2128,161
2129,164
2130,229
2131,174
2132,152
2133,172
2134,139
2135,175
2136,214
2137,171
2138,256
2139,207
2140,209
2141,205
2142,183
2143,218
2144,203
2145,218
2146,132
2147,195
2148,221
2149,204
2150,187
2151,254
2152,163
2153,178
2154,238
2155,242
2156,243
2157,208
2158,136
2159,207
2160,125
2161,186
2162,11
2163,242
2164,242
2165,152
2166,237
2167,155
2168,185
2169,250
2170,224
2171,196
2172,131
2173,127
2174,165
2175,190
2176,234
2177,251
2178,206
2179,219
2180,256
2181,186
2182,184
2183,155
2184,170
2185,190
2186,150
2187,53
2188,212
2189,190
2190,195
2191,212
2192,159
2193,121
2194,247
2195,135
2196,145
2197,218
2198,150
2199,142
2200,155
2201,198
2202,236
2203,56
2204,201
2205,137
2206,236
2207,161
2208,180
2209,137
2210,120
2211,239
2212,167
2213,141
2214,208
2215,256
2216,228
2217,216
2218,201
2219,187
2220,145
2221,229
2222,213
2223,166
2224,83
2225,224
2226,214
2227,130
2228,159
2229,168
2230,236
2231,228
2232,172
2233,201
2234,163
2235,224
2236,98
2237,241
2238,216
2239,144
2240,188
2241,188
2242,160
2243,176
2244,156
2245,182
2246,146
2247,184
2248,212
2249,197
2250,220
2251,255
2252,162
2253,206
2254,250
2255,220
2256,125
2257,224
2258,177
2259,63
2260,184
2261,208
2262,229
2263,122
2264,241
2265,67
2266,229
2267,205
2268,0
2269,175
2270,149
2271,77
2272,226
2273,177
2274,225
2275,123
2276,256
2277,228
2278,169
2279,160
2280,232
2281,175
2282,172
2283,44
2284,252
2285,215
2286,121
2287,205
2288,238
2289,234
2290,213
2291,202
2292,241
2293,137
2294,168
2295,159
2296,83
2297,145
2298,252
2299,191
2300,203
2301,215
2302,249
2303,241
2304,245
2305,233
2306,171
2307,172
2308,204
2309,205
2310,186
2311,119
2312,230
2313,221
2314,252
2315,256
2316,183
2317,29
2318,120
2319,214
2320,219
2321,203
2322,232
2323,246
2324,244
2325,214
2326,159
2327,229
2328,146
2329,195
2330,210
2331,176
2332,196
2333,184
2334,224
2335,170
2336,164
2337,213
2338,219
2339,153
2340,234
2341,165
2342,256
2343,204
2344,193
2345,204
2346,223
2347,209
2348,238
2349,229
2350,142
2351,236
2352,84
2353,118
2354,153
2355,248
2356,215
2357,209
2358,200
2359,35
2360,218
2361,92
2362,134
2363,221
2364,192
2365,174
2366,167
2367,245
2368,157
2369,144
2370,244
2371,208
2372,118
2373,243
2374,214
2375,231
2376,201
2377,55
2378,255
2379,241
2380,210
2381,175
2382,123
2383,235
2384,241
2385,204
2386,174
2387,217
2388,214
2389,135
2390,225
2391,150
2392,174
2393,218
2394,141
2395,157
2396,170
2397,245
2398,164
2399,217
