0,173
1,170
2,183
3,211
4,204
5,103
6,204
7,234
8,232
9,128
10,140
11,232
12,205
13,174
14,237
15,185
16,198
17,199
18,243
19,238
20,238
21,113
22,181
23,198
24,243
25,225
26,89
27,97
28,217
29,164
30,66
31,172
32,190
33,239
34,236
35,233
36,236
37,223
38,215
39,237
40,207
41,251
42,197
43,76
44,226
45,215
46,166
47,237
48,134
49,171
50,189
51,227
52,91
53,211
54,221
55,190
56,176
57,185
58,212
59,253
60,237
61,159
62,184
63,231
64,199
65,213
66,250
67,235
68,181
69,193
70,200
71,223
72,171
73,230
74,238
75,158
76,236
77,53
78,213
79,225
80,241
81,240
82,136
83,157
84,218
85,204
86,186
87,199
88,168
89,213
90,207
91,247
92,205
93,173
94,111
95,215
96,237
97,197
98,244
99,177
100,256
101,250
102,182
103,101
104,245
105,221
106,215
107,216
108,185
109,0
110,156
111,182
112,209
113,239
114,247
115,214
116,239
117,225
118,233
119,235
120,179
121,215
122,131
123,86
124,194
125,205
126,224
127,100
128,220
129,156
130,157
131,203
132,228
133,243
134,156
135,206
136,152
137,172
138,94
139,170
140,254
141,238
142,224
143,167
144,199
145,164
146,194
147,170
148,205
149,206
150,131
151,221
152,233
153,192
154,167
155,231
156,250
157,181
158,58
159,109
160,232
161,194
162,219
163,133
164,236
165,16
166,105
167,176
168,178
169,252
170,219
171,176
172,203
173,158
174,231
175,191
176,221
177,208
178,238
179,0
180,165
181,60
182,186
183,229
184,203
185,216
186,224
187,188
188,144
189,230
190,242
191,221
192,108
193,253
194,201
195,243
196,166
197,204
198,185
199,200
200,170
201,212
202,208
203,205
204,253
205,171
206,165
207,217
208,217
209,145
210,160
211,213
212,243
213,233
214,120
215,191
216,211
217,191
218,230
219,165
220,118
221,234
222,189
223,170
224,223
225,253
226,244
227,198
228,222
229,230
230,170
231,174
232,241
233,214
234,184
235,205
236,131
237,212
238,147
239,223
240,222
241,154
242,245
243,181
244,237
245,228
246,226
247,250
248,204
249,219
250,168
251,140
252,203
253,202
254,228
255,248
256,254
257,215
258,195
259,195
260,140
261,194
262,232
263,121
264,219
265,221
266,161
267,158
268,230
269,197
270,191
271,206
272,186
273,252
274,206
275,203
276,229
277,84
278,252
279,169
280,124
281,226
282,234
283,216
284,131
285,223
286,183
287,216
288,220
289,204
290,166
291,230
292,196
293,109
294,198
295,155
296,111
297,91
298,122
299,207
300,177
301,192
302,238
303,170
304,227
305,222
306,157
307,215
308,220
309,249
310,226
311,174
312,182
313,247
314,251
315,172
316,124
317,197
318,236
319,161
320,220
321,142
322,163
323,216
324,210
325,230
326,195
327,247
328,208
329,130
330,234
331,251
332,124
333,210
334,231
335,228
336,181
337,210
338,222
339,113
340,120
341,249
342,237
343,211
344,167
345,179
346,143
347,132
348,98
349,57
350,108
351,170
352,159
353,153
354,208
355,208
356,204
357,221
358,229
359,155
360,210
361,183
362,213
363,143
364,231
365,197
366,201
367,237
368,240
369,27
370,206
371,207
372,138
373,171
374,250
375,153
376,204
377,234
378,141
379,222
380,195
381,133
382,158
383,216
384,168
385,251
386,199
387,97
388,195
389,227
390,243
391,205
392,241
393,150
394,167
395,0
396,222
397,216
398,164
399,235
400,144
401,172
402,219
403,194
404,166
405,217
406,224
407,91
408,203
409,233
410,194
411,138
412,233
413,251
414,206
415,144
416,124
417,68
418,205
419,132
420,226
421,204
422,227
423,245
424,207
425,245
426,230
427,159
428,159
429,199
430,231
431,235
432,206
433,246
434,207
435,155
436,176
437,228
438,218
439,222
440,211
441,123
442,189
443,194
444,180
445,188
446,49
447,207
448,126
449,224
450,81
451,190
452,200
453,181
454,240
455,219
456,202
457,249
458,222
459,251
460,240
461,244
462,249
463,187
464,229
465,191
466,165
467,166
468,126
469,156
470,84
471,178
472,210
473,178
474,193
475,245
476,223
477,186
478,222
479,134
480,192
481,239
482,245
483,247
484,144
485,171
486,226
487,96
488,174
489,235
490,185
491,146
492,203
493,55
494,185
495,153
496,229
497,213
498,238
499,245
500,199
501,191
502,249
503,247
504,158
505,245
506,153
507,200
508,106
509,50
510,231
511,228
512,221
513,252
514,149
515,235
516,177
517,183
518,101
519,230
520,80
521,224
522,188
523,103
524,188
525,214
526,222
527,217
528,227
529,223
530,182
531,209
532,95
533,188
534,251
535,110
536,234
537,228
538,131
539,105
540,217
541,247
542,209
543,202
544,225
545,172
546,180
547,143
548,104
549,256
550,178
551,149
552,224
553,160
554,100
555,211
556,8
557,235
558,156
559,195
560,157
561,213
562,191
563,116
564,220
565,180
566,253
567,253
568,216
569,245
570,206
571,140
572,223
573,239
574,207
575,204
576,223
577,152
578,232
579,255
580,192
581,109
582,200
583,251
584,249
585,132
586,193
587,211
588,206
589,112
590,231
591,229
592,251
593,159
594,181
595,232
596,241
597,246
598,161
599,237
600,147
601,195
602,125
603,215
604,169
605,169
606,183
607,177
608,204
609,123
610,226
611,248
612,188
613,250
614,18
615,253
616,157
617,134
618,144
619,128
620,193
621,216
622,137
623,234
624,172
625,214
626,215
627,203
628,210
629,156
630,197
631,211
632,237
633,205
634,212
635,194
636,176
637,107
638,87
639,229
640,65
641,174
642,203
643,197
644,238
645,236
646,242
647,229
648,186
649,197
650,176
651,251
652,138
653,151
654,0
655,207
656,110
657,246
658,240
659,72
660,226
661,205
662,182
663,194
664,231
665,106
666,233
667,116
668,214
669,164
670,191
671,219
672,73
673,241
674,204
675,224
676,183
677,139
678,189
679,229
680,244
681,139
682,245
683,158
684,206
685,227
686,157
687,184
688,190
689,127
690,245
691,231
692,212
693,210
694,151
695,228
696,118
697,237
698,14
699,171
700,216
701,232
702,126
703,255
704,184
705,222
706,101
707,245
708,85
709,149
710,246
711,247
712,252
713,219
714,128
715,189
716,191
717,220
718,168
719,97
720,139
721,232
722,95
723,224
724,233
725,179
726,153
727,253
728,81
729,194
730,197
731,46
732,232
733,121
734,240
735,138
736,168
737,191
738,214
739,198
740,230
741,215
742,87
743,144
744,188
745,172
746,86
747,255
748,208
749,241
750,201
751,80
752,209
753,123
754,250
755,35
756,230
757,210
758,199
759,237
760,194
761,136
762,206
763,233
764,185
765,241
766,184
767,198
768,131
769,237
770,180
771,220
772,136
773,235
774,211
775,155
776,198
777,220
778,197
779,104
780,222
781,212
782,102
783,240
784,215
785,251
786,236
787,138
788,100
789,234
790,253
791,91
792,189
793,239
794,197
795,234
796,148
797,165
798,232
799,256
800,150
801,238
802,216
803,143
804,172
805,225
806,248
807,201
808,250
809,221
810,235
811,147
812,198
813,232
814,190
815,211
816,205
817,139
818,106
819,202
820,251
821,226
822,0
823,221
824,232
825,207
826,185
827,233
828,197
829,234
830,161
831,209
832,208
833,122
834,210
835,121
836,174
837,129
838,149
839,180
840,232
841,237
842,236
843,234
844,189
845,236
846,114
847,187
848,226
849,164
850,213
851,182
852,170
853,247
854,161
855,144
856,76
857,247
858,181
859,162
860,238
861,198
862,198
863,219
864,173
865,142
866,219
867,242
868,164
869,221
870,192
871,230
872,203
873,198
874,245
875,239
876,214
877,232
878,196
879,203
880,246
881,134
882,0
883,227
884,179
885,228
886,159
887,228
888,205
889,144
890,250
891,215
892,206
893,194
894,164
895,252
896,239
897,228
898,135
899,177
900,144
901,207
902,199
903,135
904,107
905,194
906,116
907,40
908,204
909,224
910,235
911,200
912,68
913,207
914,246
915,224
916,132
917,197
918,164
919,212
920,209
921,178
922,196
923,236
924,251
925,167
926,226
927,152
928,241
929,229
930,230
931,233
932,173
933,237
934,182
935,243
936,233
937,158
938,125
939,250
940,244
941,206
942,84
943,189
944,200
945,235
946,219
947,181
948,192
949,256
950,173
951,244
952,166
953,231
954,244
955,146
956,234
957,242
958,209
959,202
960,221
961,250
962,250
963,168
964,182
965,209
966,251
967,253
968,225
969,178
970,206
971,144
972,207
973,126
974,168
975,164
976,232
977,158
978,227
979,236
980,77
981,255
982,160
983,229
984,241
985,94
986,0
987,237
988,164
989,174
990,126
991,148
992,144
993,214
994,205
995,181
996,203
997,227
998,193
999,251
1000,242
1001,210
1002,247
1003,93
1004,187
1005,191
1006,211
1007,202
1008,157
1009,115
1010,96
1011,182
1012,248
1013,216
1014,234
1015,218
1016,219
1017,224
1018,187
1019,228
1020,210
1021,83
1022,237
1023,181
1024,105
1025,254
1026,135
1027,224
1028,249
1029,188
1030,193
1031,107
1032,126
1033,244
1034,177
1035,247
1036,103
1037,55
1038,180
1039,116
1040,201
1041,178
1042,167
1043,209
1044,153
1045,226
1046,184
1047,188
1048,163
1049,124
1050,229
1051,248
1052,219
1053,163
1054,132
1055,140
1056,186
1057,247
1058,154
1059,208
1060,216
1061,146
1062,220
1063,224
1064,202
1065,231
1066,102
1067,221
1068,217
1069,249
1070,251
1071,191
1072,172
1073,217
1074,77
1075,254
1076,227
1077,246
1078,212
1079,248
1080,164
1081,214
1082,149
1083,199
1084,218
1085,178
1086,180
1087,169
1088,63
1089,188
1090,105
1091,215
1092,91
1093,93
1094,107
1095,223
1096,101
1097,123
1098,137
1099,205
1100,216
1101,236
1102,132
1103,187
1104,243
1105,165
1106,186
1107,250
1108,227
1109,230
1110,254
1111,232
1112,249
1113,238
1114,157
1115,206
1116,172
1117,172
1118,190
1119,189
1120,229
1121,163
1122,163
1123,155
1124,161
1125,238
1126,81
1127,182
1128,111
1129,208
1130,249
1131,256
1132,208
1133,238
1134,70
1135,212
1136,175
1137,169
1138,200
1139,139
1140,240
1141,237
1142,236
1143,167
1144,109
1145,196
1146,193
1147,215
1148,175
1149,164
1150,212
1151,246
1152,99
1153,202
1154,242
1155,148
1156,252
1157,231
1158,227
1159,243
1160,186
1161,226
1162,189
1163,232
1164,129
1165,175
1166,240
1167,199
1168,171
1169,146
1170,237
1171,198
1172,188
1173,209
1174,185
1175,231
1176,144
1177,225
1178,187
1179,245
1180,105
1181,179
1182,166
1183,225
1184,173
1185,239
1186,256
1187,90
1188,212
1189,224
1190,232
1191,234
1192,203
1193,251
1194,247
1195,228
1196,153
1197,178
1198,186
1199,78
1200,89
1201,254
1202,215
1203,233
1204,99
1205,236
1206,217
1207,222
1208,157
1209,235
1210,206
1211,185
1212,209
1213,107
1214,245
1215,0
1216,226
1217,11
1218,194
1219,240
1220,245
1221,173
1222,146
1223,233
1224,142
1225,83
1226,200
1227,189
1228,52
1229,184
1230,170
1231,167
1232,164
1233,243
1234,116
1235,93
1236,127
1237,118
1238,205
1239,243
1240,179
1241,211
1242,204
1243,219
1244,193
1245,73
1246,254
1247,242
1248,180
1249,212
1250,178
1251,182
1252,196
1253,240
1254,207
1255,192
1256,221
1257,159
1258,210
1259,245
1260,236
1261,239
1262,166
1263,253
1264,208
1265,186
1266,187
1267,201
1268,188
1269,245
1270,173
1271,223
1272,215
1273,233
1274,140
1275,191
1276,107
1277,199
1278,213
1279,186
1280,169
1281,204
1282,128
1283,193
1284,245
1285,48
1286,190
1287,47
1288,188
1289,207
1290,150
1291,96
1292,210
1293,113
1294,221
1295,193
1296,232
1297,239
1298,163
1299,251
1300,78
1301,236
1302,220
1303,202
1304,207
1305,107
1306,106
1307,203
1308,125
1309,166
1310,218
1311,195
1312,202
1313,162
1314,220
1315,256
1316,214
1317,181
1318,158
1319,96
1320,196
1321,117
1322,207
1323,245
1324,47
1325,153
1326,170
1327,250
1328,175
1329,224
1330,209
1331,190
1332,255
1333,217
1334,240
1335,188
1336,208
1337,126
1338,197
1339,189
1340,251
1341,254
1342,202
1343,206
1344,235
1345,222
1346,199
1347,254
1348,158
1349,179
1350,227
1351,236
1352,166
1353,217
1354,234
1355,96
1356,168
1357,116
1358,192
1359,78
1360,234
1361,243
1362,219
1363,189
1364,153
1365,184
1366,97
1367,227
1368,163
1369,234
1370,242
1371,198
1372,253
1373,209
1374,187
1375,180
1376,218
1377,214
1378,10
1379,180
1380,200
1381,183
1382,188
1383,238
1384,29
1385,169
1386,149
1387,200
1388,68
1389,247
1390,202
1391,202
1392,123
1393,241
1394,217
1395,225
1396,190
1397,241
1398,149
1399,221
1400,110
1401,214
1402,166
1403,195
1404,177
1405,173
1406,255
1407,0
1408,136
1409,115
1410,210
1411,231
1412,230
1413,238
1414,196
1415,228
1416,69
1417,221
1418,153
1419,19
1420,215
1421,222
1422,205
1423,256
1424,173
1425,192
1426,242
1427,140
1428,143
1429,187
1430,220
1431,155
1432,189
1433,233
1434,188
1435,155
1436,241
1437,228
1438,132
1439,210
1440,218
1441,245
1442,162
1443,252
1444,158
1445,248
1446,231
1447,220
1448,220
1449,186
1450,197
1451,144
1452,238
1453,128
1454,225
1455,227
1456,243
1457,197
1458,201
1459,185
1460,97
1461,191
1462,232
1463,206
1464,60
1465,218
1466,249
1467,231
1468,159
1469,190
1470,120
1471,237
1472,222
1473,219
1474,0
1475,202
1476,123
1477,197
1478,171
1479,207
1480,204
1481,2
1482,232
1483,79
1484,197
1485,212
1486,178
1487,251
1488,170
1489,217
1490,170
1491,250
1492,184
1493,250
1494,178
1495,238
1496,226
1497,206
1498,144
1499,197
1500,73
1501,204
1502,162
1503,166
1504,165
1505,132
1506,115
1507,220
1508,243
1509,165
1510,104
1511,242
1512,107
1513,180
1514,216
1515,181
1516,191
1517,205
1518,233
1519,207
1520,197
1521,220
1522,242
1523,250
1524,145
1525,220
1526,229
1527,172
1528,166
1529,184
1530,160
1531,228
1532,138
1533,0
1534,183
1535,208
1536,228
1537,161
1538,173
1539,236
1540,183
1541,250
1542,248
1543,222
1544,218
1545,147
1546,242
1547,163
1548,159
1549,128
1550,157
1551,151
1552,212
1553,227
1554,96
1555,228
1556,68
1557,207
1558,216
1559,165
1560,172
1561,168
1562,255
1563,192
1564,241
1565,135
1566,238
1567,236
1568,227
1569,169
1570,242
1571,236
1572,192
1573,236
1574,189
1575,196
1576,194
1577,231
1578,198
1579,241
1580,229
1581,235
1582,179
1583,203
1584,119
1585,151
1586,235
1587,234
1588,224
1589,192
1590,241
1591,190
1592,153
1593,158
1594,163
1595,227
1596,228
1597,147
1598,187
1599,168
1600,182
1601,177
1602,209
1603,217
1604,192
1605,237
1606,95
1607,229
1608,120
1609,197
1610,150
1611,221
1612,254
1613,194
1614,222
1615,220
1616,158
1617,144
1618,204
1619,222
1620,228
1621,135
1622,168
1623,194
1624,161
1625,172
1626,119
1627,200
1628,227
1629,147
1630,232
1631,239
1632,201
1633,215
1634,146
1635,203
1636,166
1637,205
1638,102
1639,130
1640,166
1641,210
1642,240
1643,165
1644,171
1645,248
1646,98
1647,226
1648,228
1649,191
1650,240
1651,206
1652,154
1653,171
1654,114
1655,241
1656,134
1657,236
1658,79
1659,165
1660,177
1661,248
1662,171
1663,142
1664,178
1665,242
1666,163
1667,158
1668,213
1669,96
1670,211
1671,119
1672,216
1673,69
1674,218
1675,199
1676,222
1677,226
1678,210
1679,70
1680,143
1681,221
1682,222
1683,161
1684,163
1685,188
1686,236
1687,224
1688,247
1689,216
1690,232
1691,80
1692,175
1693,162
1694,197
1695,105
1696,222
1697,139
1698,223
1699,202
1700,230
1701,250
1702,251
1703,243
1704,256
1705,190
1706,237
1707,256
1708,235
1709,232
1710,197
1711,224
1712,171
1713,174
1714,114
1715,193
1716,151
1717,189
1718,224
1719,204
1720,222
1721,177
1722,224
1723,41
1724,256
1725,221
1726,168
1727,228
1728,215
1729,231
1730,146
1731,196
1732,214
1733,94
1734,157
1735,64
1736,213
1737,250
1738,178
1739,243
1740,204
1741,86
1742,255
1743,184
1744,173
1745,142
1746,171
1747,214
1748,215
1749,172
1750,228
1751,153
1752,141
1753,220
1754,244
1755,192
1756,200
1757,207
1758,238
1759,211
1760,175
1761,40
1762,249
1763,218
1764,196
1765,58
1766,252
1767,194
1768,152
1769,225
1770,0
1771,205
1772,63
1773,176
1774,50
1775,171
1776,116
1777,233
1778,96
1779,168
1780,254
1781,123
1782,204
1783,195
1784,152
1785,190
1786,217
1787,238
1788,176
1789,250
1790,176
1791,83
1792,71
1793,181
1794,0
1795,51
1796,219
1797,15
1798,139
1799,199
1800,229
1801,205
1802,183
1803,122
1804,105
1805,159
1806,83
1807,160
1808,190
1809,140
1810,155
1811,203
1812,211
1813,194
1814,176
1815,184
1816,140
1817,106
1818,90
1819,239
1820,220
1821,126
1822,213
1823,246
1824,220
1825,216
1826,227
1827,183
1828,183
1829,55
1830,118
1831,182
1832,193
1833,250
1834,84
1835,160
1836,223
1837,181
1838,219
1839,96
1840,225
1841,171
1842,243
1843,151
1844,252
1845,19
1846,130
1847,219
1848,112
1849,177
1850,235
1851,166
1852,226
1853,200
1854,162
1855,192
1856,154
1857,216
1858,237
1859,184
1860,170
1861,192
1862,140
1863,190
1864,177
1865,195
1866,183
1867,253
1868,194
1869,232
1870,195
1871,152
1872,40
1873,194
1874,196
1875,236
1876,87
1877,205
1878,252
1879,164
1880,162
1881,83
1882,216
1883,170
1884,245
1885,100
1886,78
1887,243
1888,156
1889,198
1890,230
1891,163
1892,124
1893,220
1894,253
1895,209
1896,192
1897,217
1898,183
1899,194
1900,184
1901,244
1902,211
1903,163
1904,200
1905,199
1906,214
1907,217
1908,185
1909,122
1910,197
1911,223
1912,214
1913,63
1914,110
1915,156
1916,223
1917,200
1918,113
1919,156
1920,236
1921,217
1922,227
1923,196
1924,86
1925,201
1926,221
1927,149
1928,159
1929,203
1930,154
1931,255
1932,227
1933,219
1934,192
1935,241
1936,200
1937,195
1938,49
1939,171
1940,169
1941,226
1942,210
1943,177
1944,245
1945,192
1946,141
1947,201
1948,245
1949,116
1950,172
1951,139
1952,174
1953,0
1954,241
1955,110
1956,182
1957,234
1958,167
1959,151
1960,171
1961,97
1962,174
1963,126
1964,25
1965,188
1966,214
1967,205
1968,248
1969,255
1970,239
1971,253
1972,208
1973,146
1974,227
1975,0
1976,220
1977,228
1978,191
1979,245
1980,188
1981,230
1982,224
1983,236
1984,214
1985,142
1986,242
1987,194
1988,237
1989,210
1990,241
1991,169
1992,242
1993,168
1994,36
1995,209
1996,66
1997,207
1998,190
1999,203
2000,194
2001,204
2002,211
2003,211
2004,172
2005,200
2006,207
2007,232
2008,213
2009,221
2010,221
2011,234
2012,230
2013,222
2014,186
2015,160
2016,216
2017,222
2018,199
2019,236
2020,198
2021,232
2022,81
2023,218
2024,193
2025,240
2026,227
2027,135
2028,202
2029,114
2030,254
2031,229
2032,228
2033,239
2034,172
2035,226
2036,118
2037,136
2038,153
2039,202
2040,146
2041,222
2042,86
2043,188
2044,244
2045,154
2046,256
2047,245
2048,195
2049,176
2050,66
2051,142
2052,141
2053,213
2054,210
2055,229
2056,222
2057,219
2058,214
2059,214
2060,143
2061,219
2062,67
2063,33
2064,87
2065,238
2066,225
2067,122
2068,131
2069,118
2070,175
2071,215
2072,171
2073,223
2074,252
2075,245
2076,148
2077,176
2078,242
2079,129
2080,217
2081,232
2082,229
2083,186
2084,220
2085,131
2086,161
2087,177
2088,227
2089,233
2090,149
2091,254
2092,139
2093,234
2094,202
2095,193
2096,237
2097,184
2098,205
2099,139
2100,191
2101,244
2102,190
2103,160
2104,213
2105,150
2106,243
2107,213
2108,203
2109,241
2110,213
2111,215
2112,162
2113,166
2114,213
2115,235
2116,203
2117,240
2118,226
2119,246
2120,172
2121,62
2122,213
2123,146
2124,234
2125,236
2126,187
2127,154
2128,158
2129,156
2130,233
2131,89
2132,153
2133,173
2134,145
2135,191
2136,225
2137,163
2138,256
2139,209
2140,198
2141,218
2142,219
2143,231
2144,226
2145,227
2146,161
2147,197
2148,218
2149,212
2150,183
2151,254
2152,169
2153,243
2154,238
2155,242
2156,246
2157,223
2158,161
2159,206
2160,140
2161,180
2162,0
2163,231
2164,229
2165,138
2166,231
2167,161
2168,186
2169,252
2170,226
2171,182
2172,103
2173,155
2174,161
2175,172
2176,242
2177,251
2178,207
2179,212
2180,256
2181,191
2182,166
2183,138
2184,133
2185,199
2186,132
2187,16
2188,198
2189,198
2190,174
2191,218
2192,149
2193,55
2194,246
2195,101
2196,114
2197,223
2198,134
2199,138
2200,172
2201,200
2202,239
2203,0
2204,181
2205,169
2206,244
2207,144
2208,167
2209,161
2210,146
2211,243
2212,87
2213,149
2214,220
2215,256
2216,213
2217,239
2218,207
2219,173
2220,165
2221,239
2222,219
2223,174
2224,39
2225,222
2226,216
2227,123
2228,152
2229,154
2230,241
2231,231
2232,130
2233,187
2234,151
2235,244
2236,126
2237,246
2238,223
2239,162
2240,172
2241,180
2242,190
2243,218
2244,118
2245,183
2246,158
2247,203
2248,216
2249,161
2250,234
2251,255
2252,142
2253,208
2254,250
2255,230
2256,140
2257,219
2258,179
2259,60
2260,217
2261,206
2262,231
2263,126
2264,242
2265,34
2266,225
2267,216
2268,0
2269,176
2270,159
2271,97
2272,249
2273,181
2274,234
2275,113
2276,256
2277,238
2278,173
2279,168
2280,223
2281,145
2282,175
2283,110
2284,253
2285,241
2286,117
2287,209
2288,234
2289,230
2290,216
2291,197
2292,246
2293,105
2294,181
2295,145
2296,181
2297,170
2298,250
2299,234
2300,198
2301,207
2302,250
2303,239
2304,239
2305,235
2306,181
2307,143
2308,211
2309,213
2310,173
2311,136
2312,248
2313,215
2314,252
2315,256
2316,201
2317,5
2318,130
2319,211
2320,217
2321,208
2322,234
2323,250
2324,244
2325,213
2326,145
2327,226
2328,76
2329,205
2330,192
2331,144
2332,196
2333,179
2334,214
2335,174
2336,177
2337,229
2338,227
2339,159
2340,234
2341,187
2342,256
2343,204
2344,201
2345,218
2346,234
2347,213
2348,244
2349,194
2350,177
2351,242
2352,65
2353,111
2354,154
2355,242
2356,225
2357,204
2358,200
2359,106
2360,219
2361,96
2362,119
2363,229
2364,220
2365,188
2366,120
2367,245
2368,135
2369,140
2370,242
2371,206
2372,144
2373,246
2374,230
2375,220
2376,217
2377,6
2378,252
2379,250
2380,216
2381,187
2382,172
2383,237
2384,235
2385,221
2386,167
2387,216
2388,229
2389,141
2390,231
2391,176
2392,157
2393,205
2394,144
2395,143
2396,166
2397,246
2398,164
2399,224
