0,22
1,245
2,233
3,187
4,204
5,139
6,196
7,49
8,202
9,126
10,160
11,201
12,233
13,234
14,228
15,142
16,126
17,224
18,140
19,96
20,133
21,162
22,179
23,202
24,20
25,162
26,185
27,153
28,125
29,234
30,223
31,180
32,184
33,176
34,98
35,52
36,229
37,184
38,230
39,243
40,134
41,230
42,175
43,58
44,126
45,241
46,215
47,212
48,145
49,100
50,189
51,164
52,242
53,243
54,208
55,167
56,194
57,152
58,167
59,150
60,74
61,182
62,132
63,215
64,207
65,82
66,222
67,136
68,137
69,140
70,114
71,189
72,210
73,220
74,129
75,138
76,120
77,139
78,184
79,195
80,218
81,132
82,205
83,191
84,191
85,129
86,194
87,248
88,217
89,206
90,155
91,152
92,107
93,235
94,193
95,189
96,104
97,138
98,208
99,225
100,175
101,239
102,211
103,232
104,64
105,145
106,194
107,181
108,140
109,130
110,224
111,219
112,219
113,22
114,209
115,181
116,53
117,154
118,218
119,210
120,201
121,0
122,190
123,233
124,193
125,168
126,178
127,202
128,175
129,111
130,191
131,193
132,211
133,66
134,195
135,120
136,115
137,223
138,194
139,204
140,140
141,201
142,94
143,198
144,206
145,194
146,195
147,205
148,97
149,209
150,103
151,128
152,176
153,163
154,147
155,230
156,246
157,75
158,224
159,199
160,210
161,166
162,90
163,150
164,225
165,228
166,153
167,215
168,176
169,236
170,211
171,171
172,143
173,241
174,130
175,155
176,197
177,83
178,147
179,199
180,153
181,184
182,91
183,14
184,184
185,173
186,167
187,218
188,97
189,187
190,93
191,241
192,163
193,133
194,164
195,207
196,147
197,229
198,243
199,166
200,158
201,221
202,228
203,186
204,174
205,196
206,193
207,194
208,203
209,234
210,160
211,207
212,216
213,218
214,212
215,212
216,218
217,72
218,170
219,206
220,207
221,169
222,245
223,194
224,204
225,225
226,151
227,243
228,216
229,214
230,79
231,210
232,132
233,139
234,140
235,104
236,191
237,107
238,173
239,233
240,130
241,138
242,240
243,212
244,169
245,224
246,200
247,75
248,217
249,173
250,178
251,183
252,178
253,130
254,199
255,146
256,222
257,171
258,206
259,238
260,231
261,110
262,178
263,204
264,160
265,183
266,125
267,189
268,185
269,212
270,240
271,91
272,118
273,159
274,103
275,217
276,165
277,184
278,162
279,144
280,97
281,229
282,94
283,164
284,207
285,58
286,137
287,121
288,211
289,191
290,212
291,232
292,230
293,206
294,177
295,233
296,182
297,182
298,202
299,222
300,217
301,178
302,220
303,187
304,212
305,234
306,241
307,152
308,214
309,185
310,218
311,121
312,179
313,133
314,155
315,120
316,196
317,230
318,163
319,69
320,153
321,97
322,206
323,236
324,229
325,190
326,214
327,239
328,233
329,145
330,168
331,190
332,247
333,207
334,221
335,194
336,153
337,208
338,173
339,203
340,243
341,101
342,54
343,156
344,141
345,130
346,173
347,166
348,247
349,133
350,249
351,202
352,132
353,114
354,205
355,205
356,192
357,155
358,217
359,176
360,120
361,161
362,196
363,142
364,156
365,204
366,87
367,208
368,237
369,193
370,227
371,207
372,238
373,138
374,157
375,151
376,169
377,146
378,142
379,185
380,130
381,161
382,122
383,158
384,230
385,127
386,131
387,235
388,153
389,243
390,165
391,193
392,226
393,84
394,150
395,241
396,231
397,211
398,242
399,124
400,177
401,132
402,245
403,244
404,196
405,138
406,89
407,153
408,198
409,225
410,240
411,231
412,217
413,136
414,112
415,209
416,239
417,250
418,172
419,186
420,183
421,75
422,167
423,133
424,212
425,230
426,128
427,227
428,203
429,143
430,241
431,231
432,78
433,200
434,179
435,126
436,157
437,202
438,213
439,194
440,146
441,231
442,141
443,95
444,187
445,116
446,203
447,186
448,223
449,214
450,219
451,169
452,248
453,140
454,228
455,171
456,215
457,230
458,219
459,200
460,232
461,96
462,180
463,231
464,245
465,138
466,107
467,192
468,204
469,248
470,122
471,234
472,162
473,116
474,185
475,134
476,242
477,178
478,139
479,245
480,194
481,162
482,211
483,208
484,55
485,228
486,129
487,224
488,249
489,114
490,229
491,243
492,118
493,222
494,106
495,250
496,234
497,236
498,167
499,163
500,227
501,240
502,234
503,241
504,126
505,200
506,225
507,191
508,212
509,207
510,128
511,228
512,214
513,140
514,158
515,246
516,227
517,154
518,231
519,228
520,223
521,179
522,155
523,240
524,183
525,240
526,200
527,168
528,215
529,214
530,238
531,223
532,141
533,217
534,220
535,222
536,230
537,124
538,241
539,213
540,164
541,175
542,140
543,208
544,234
545,192
546,157
547,233
548,213
549,197
550,125
551,206
552,163
553,160
554,247
555,192
556,159
557,218
558,138
559,234
560,219
561,246
562,111
563,227
564,158
565,212
566,110
567,228
568,226
569,201
570,215
571,226
572,204
573,203
574,242
575,149
576,219
577,246
578,198
579,242
580,222
581,244
582,210
583,157
584,203
585,165
586,193
587,205
588,186
589,232
590,225
591,164
592,196
593,149
594,138
595,150
596,213
597,239
598,157
599,152
600,143
601,242
602,104
603,100
604,151
605,230
606,155
607,176
608,200
609,118
610,164
611,199
612,197
613,81
614,227
615,156
616,40
617,173
618,237
619,191
620,90
621,189
622,231
623,177
624,146
625,211
626,184
627,227
628,231
629,134
630,221
631,222
632,126
633,161
634,215
635,212
636,239
637,184
638,161
639,104
640,213
641,185
642,242
643,189
644,199
645,158
646,241
647,184
648,213
649,82
650,131
651,220
652,211
653,227
654,189
655,200
656,156
657,216
658,204
659,223
660,140
661,214
662,190
663,192
664,193
665,211
666,235
667,226
668,146
669,221
670,121
671,160
672,191
673,179
674,242
675,207
676,214
677,169
678,159
679,127
680,222
681,154
682,162
683,218
684,221
685,215
686,140
687,231
688,217
689,212
690,113
691,216
692,92
693,248
694,239
695,185
696,127
697,187
698,165
699,147
700,129
701,231
702,238
703,245
704,159
705,218
706,110
707,180
708,150
709,245
710,256
711,232
712,142
713,235
714,167
715,118
716,168
717,249
718,203
719,100
720,209
721,208
722,166
723,105
724,198
725,136
726,202
727,81
728,142
729,220
730,214
731,130
732,179
733,186
734,238
735,192
736,221
737,176
738,194
739,83
740,185
741,221
742,102
743,242
744,224
745,126
746,204
747,122
748,169
749,207
750,106
751,210
752,209
753,193
754,203
755,208
756,203
757,216
758,240
759,131
760,148
761,252
762,246
763,227
764,227
765,217
766,240
767,164
768,224
769,200
770,240
771,99
772,237
773,202
774,143
775,245
776,193
777,241
778,205
779,245
780,256
781,213
782,93
783,204
784,144
785,197
786,48
787,170
788,134
789,228
790,256
791,113
792,126
793,215
794,233
795,125
796,89
797,242
798,96
799,106
800,226
801,167
802,202
803,249
804,246
805,134
806,136
807,208
808,214
809,188
810,213
811,217
812,164
813,155
814,195
815,203
816,137
817,164
818,234
819,202
820,163
821,174
822,231
823,208
824,193
825,184
826,226
827,164
828,246
829,210
830,195
831,201
832,151
833,225
834,153
835,182
836,188
837,155
838,248
839,231
840,114
841,137
842,179
843,216
844,136
845,142
846,124
847,241
848,212
849,221
850,215
851,34
852,143
853,179
854,180
855,111
856,206
857,245
858,155
859,230
860,225
861,157
862,209
863,173
864,190
865,227
866,230
867,239
868,242
869,244
870,184
871,221
872,218
873,198
874,170
875,218
876,178
877,191
878,184
879,185
880,137
881,201
882,204
883,177
884,195
885,151
886,224
887,244
888,166
889,241
890,200
891,76
892,89
893,211
894,156
895,174
896,185
897,85
898,194
899,213
900,185
901,142
902,210
903,162
904,230
905,142
906,196
907,168
908,189
909,171
910,126
911,217
912,128
913,217
914,128
915,241
916,214
917,163
918,194
919,64
920,195
921,160
922,145
923,163
924,209
925,177
926,139
927,203
928,160
929,218
930,134
931,130
932,178
933,222
934,188
935,201
936,199
937,230
938,200
939,191
940,170
941,220
942,175
943,190
944,213
945,157
946,190
947,143
948,213
949,163
950,143
951,142
952,209
953,238
954,187
955,244
956,204
957,209
958,178
959,122
960,198
961,235
962,70
963,216
964,197
965,134
966,111
967,197
968,104
969,219
970,232
971,171
972,196
973,97
974,189
975,141
976,202
977,106
978,223
979,240
980,206
981,196
982,172
983,183
984,164
985,238
986,206
987,233
988,240
989,160
990,244
991,145
992,176
993,212
994,222
995,205
996,169
997,240
998,140
999,225
1000,218
1001,153
1002,180
1003,247
1004,225
1005,232
1006,164
1007,204
1008,191
1009,197
1010,229
1011,201
1012,191
1013,206
1014,220
1015,227
1016,182
1017,198
1018,219
1019,246
1020,208
1021,247
1022,91
1023,166
1024,152
1025,225
1026,199
1027,82
1028,194
1029,189
1030,233
1031,157
1032,130
1033,185
1034,219
1035,203
1036,230
1037,174
1038,230
1039,183
1040,188
1041,124
1042,203
1043,172
1044,145
1045,226
1046,188
1047,183
1048,237
1049,140
1050,181
1051,208
1052,219
1053,185
1054,134
1055,168
1056,243
1057,210
1058,152
1059,210
1060,229
1061,174
1062,201
1063,177
1064,227
1065,199
1066,206
1067,238
1068,245
1069,211
1070,234
1071,215
1072,137
1073,231
1074,242
1075,178
1076,217
1077,197
1078,160
1079,184
1080,226
1081,135
1082,182
1083,132
1084,215
1085,222
1086,218
1087,118
1088,193
1089,138
1090,225
1091,181
1092,224
1093,195
1094,215
1095,240
1096,124
1097,216
1098,213
1099,230
1100,209
1101,228
1102,241
1103,223
1104,174
1105,218
1106,215
1107,163
1108,224
1109,217
1110,193
1111,149
1112,171
1113,208
1114,231
1115,178
1116,227
1117,171
1118,194
1119,155
1120,228
1121,209
1122,166
1123,174
1124,169
1125,183
1126,245
1127,226
1128,196
1129,210
1130,190
1131,240
1132,161
1133,240
1134,180
1135,194
1136,225
1137,205
1138,249
1139,182
1140,247
1141,198
1142,197
1143,150
1144,101
1145,156
1146,111
1147,252
1148,143
1149,217
1150,106
1151,227
1152,197
1153,201
1154,180
1155,197
1156,204
1157,219
1158,206
1159,242
1160,157
1161,238
1162,127
1163,249
1164,162
1165,243
1166,184
1167,228
1168,238
1169,225
1170,184
1171,194
1172,220
1173,169
1174,242
1175,249
1176,226
1177,202
1178,248
1179,162
1180,175
1181,129
1182,155
1183,152
1184,216
1185,249
1186,223
1187,201
1188,147
1189,210
1190,223
1191,107
1192,248
1193,210
1194,228
1195,248
1196,196
1197,189
1198,161
1199,236
1200,158
1201,248
1202,133
1203,224
1204,158
1205,184
1206,126
1207,186
1208,89
1209,202
1210,172
1211,214
1212,212
1213,176
1214,68
1215,86
1216,124
1217,179
1218,129
1219,250
1220,208
1221,198
1222,14
1223,100
1224,172
1225,9
1226,239
1227,107
1228,153
1229,238
1230,121
1231,63
1232,154
1233,150
1234,88
1235,181
1236,200
1237,153
1238,168
1239,211
1240,186
1241,147
1242,113
1243,223
1244,234
1245,249
1246,226
1247,149
1248,239
1249,162
1250,232
1251,179
1252,172
1253,183
1254,72
1255,46
1256,184
1257,240
1258,148
1259,120
1260,162
1261,215
1262,42
1263,248
1264,168
1265,157
1266,78
1267,109
1268,238
1269,182
1270,238
1271,190
1272,175
1273,225
1274,245
1275,233
1276,171
1277,44
1278,181
1279,250
1280,138
1281,138
1282,232
1283,149
1284,139
1285,81
1286,167
1287,9
1288,162
1289,135
1290,231
1291,223
1292,89
1293,185
1294,142
1295,142
1296,242
1297,71
1298,127
1299,56
1300,246
1301,146
1302,242
1303,160
1304,199
1305,233
1306,211
1307,234
1308,49
1309,155
1310,110
1311,176
1312,95
1313,233
1314,234
1315,223
1316,70
1317,181
1318,121
1319,213
1320,130
1321,52
1322,160
1323,231
1324,57
1325,164
1326,94
1327,98
1328,113
1329,227
1330,194
1331,106
1332,98
1333,148
1334,164
1335,135
1336,41
1337,130
1338,0
1339,210
1340,62
1341,207
1342,218
1343,182
1344,65
1345,55
1346,248
1347,30
1348,225
1349,161
1350,231
1351,0
1352,195
1353,0
1354,223
1355,101
1356,232
1357,211
1358,150
1359,123
1360,229
1361,122
1362,177
1363,51
1364,243
1365,239
1366,164
1367,172
1368,150
1369,135
1370,233
1371,209
1372,75
1373,111
1374,239
1375,248
1376,156
1377,202
1378,165
1379,218
1380,206
1381,122
1382,212
1383,232
1384,221
1385,25
1386,239
1387,223
1388,25
1389,71
1390,18
1391,228
1392,169
1393,213
1394,192
1395,28
1396,136
1397,74
1398,170
1399,185
1400,182
1401,216
1402,138
1403,207
1404,232
1405,144
1406,197
1407,94
1408,156
1409,224
1410,169
1411,193
1412,219
1413,200
1414,227
1415,130
1416,178
1417,139
1418,238
1419,192
1420,126
1421,228
1422,246
1423,116
1424,152
1425,232
1426,62
1427,116
1428,232
1429,244
1430,49
1431,167
1432,211
1433,104
1434,155
1435,242
1436,118
1437,141
1438,234
1439,244
1440,235
1441,106
1442,140
1443,245
1444,205
1445,221
1446,145
1447,154
1448,189
1449,114
1450,26
1451,180
1452,194
1453,109
1454,234
1455,246
1456,182
1457,66
1458,187
1459,157
1460,208
1461,226
1462,58
1463,168
1464,94
1465,201
1466,215
1467,223
1468,218
1469,160
1470,140
1471,203
1472,137
1473,168
1474,221
1475,207
1476,203
1477,87
1478,216
1479,142
1480,81
1481,155
1482,234
1483,223
1484,225
1485,144
1486,246
1487,108
1488,247
1489,232
1490,210
1491,90
1492,232
1493,214
1494,250
1495,228
1496,248
1497,235
1498,224
1499,152
1500,140
1501,202
1502,196
1503,178
1504,118
1505,171
1506,40
1507,59
1508,195
1509,193
1510,137
1511,201
1512,136
1513,116
1514,118
1515,234
1516,199
1517,231
1518,228
1519,106
1520,190
1521,238
1522,178
1523,25
1524,137
1525,226
1526,191
1527,197
1528,202
1529,228
1530,120
1531,87
1532,156
1533,239
1534,139
1535,80
1536,143
1537,172
1538,159
1539,223
1540,191
1541,241
1542,42
1543,216
1544,85
1545,92
1546,187
1547,168
1548,82
1549,167
1550,41
1551,98
1552,156
1553,194
1554,179
1555,166
1556,125
1557,202
1558,188
1559,140
1560,222
1561,130
1562,245
1563,176
1564,132
1565,164
1566,93
1567,178
1568,239
1569,28
1570,179
1571,162
1572,246
1573,240
1574,149
1575,247
1576,124
1577,45
1578,0
1579,232
1580,222
1581,124
1582,94
1583,229
1584,197
1585,198
1586,211
1587,143
1588,173
1589,135
1590,237
1591,225
1592,213
1593,205
1594,199
1595,12
1596,149
1597,140
1598,83
1599,84
1600,224
1601,202
1602,150
1603,154
1604,239
1605,230
1606,219
1607,169
1608,232
1609,176
1610,252
1611,150
1612,217
1613,219
1614,169
1615,135
1616,235
1617,178
1618,189
1619,182
1620,149
1621,216
1622,240
1623,165
1624,216
1625,201
1626,99
1627,104
1628,231
1629,103
1630,162
1631,231
1632,215
1633,196
1634,194
1635,234
1636,200
1637,239
1638,93
1639,212
1640,214
1641,178
1642,158
1643,159
1644,229
1645,215
1646,215
1647,254
1648,254
1649,250
1650,236
1651,243
1652,174
1653,166
1654,127
1655,249
1656,195
1657,180
1658,249
1659,226
1660,232
1661,169
1662,197
1663,223
1664,150
1665,249
1666,166
1667,190
1668,119
1669,182
1670,204
1671,203
1672,251
1673,255
1674,191
1675,244
1676,225
1677,233
1678,167
1679,135
1680,228
1681,188
1682,228
1683,186
1684,172
1685,232
1686,176
1687,232
1688,239
1689,152
1690,87
1691,152
1692,216
1693,178
1694,140
1695,178
1696,215
1697,0
1698,221
1699,249
1700,155
1701,232
1702,151
1703,232
1704,208
1705,180
1706,236
1707,148
1708,170
1709,225
1710,196
1711,225
1712,135
1713,127
1714,37
1715,218
1716,234
1717,197
1718,135
1719,222
1720,148
1721,99
1722,170
1723,79
1724,89
1725,177
1726,243
1727,188
1728,158
1729,126
1730,95
1731,231
1732,169
1733,218
1734,153
1735,200
1736,142
1737,133
1738,208
1739,230
1740,111
1741,138
1742,150
1743,234
1744,250
1745,142
1746,149
1747,97
1748,177
1749,193
1750,86
1751,143
1752,113
1753,103
1754,192
1755,212
1756,225
1757,142
1758,228
1759,202
1760,80
1761,75
1762,219
1763,130
1764,218
1765,186
1766,182
1767,181
1768,231
1769,152
1770,203
1771,136
1772,129
1773,150
1774,110
1775,247
1776,243
1777,165
1778,114
1779,172
1780,222
1781,197
1782,0
1783,64
1784,196
1785,192
1786,99
1787,234
1788,199
1789,68
1790,238
1791,249
1792,209
1793,58
1794,213
1795,237
1796,156
1797,196
1798,228
1799,203
1800,181
1801,228
1802,233
1803,118
1804,217
1805,226
1806,184
1807,209
1808,210
1809,233
1810,195
1811,207
1812,130
1813,247
1814,152
1815,168
1816,204
1817,195
1818,160
1819,33
1820,134
1821,225
1822,205
1823,144
1824,207
1825,168
1826,161
1827,196
1828,195
1829,235
1830,218
1831,236
1832,216
1833,158
1834,150
1835,206
1836,180
1837,137
1838,241
1839,208
1840,242
1841,229
1842,219
1843,135
1844,153
1845,140
1846,90
1847,161
1848,232
1849,129
1850,187
1851,212
1852,215
1853,161
1854,175
1855,156
1856,200
1857,244
1858,203
1859,206
1860,227
1861,128
1862,112
1863,233
1864,246
1865,114
1866,211
1867,247
1868,69
1869,249
1870,235
1871,218
1872,178
1873,216
1874,225
1875,225
1876,160
1877,158
1878,201
1879,149
1880,247
1881,186
1882,246
1883,225
1884,171
1885,221
1886,192
1887,146
1888,175
1889,176
1890,233
1891,135
1892,252
1893,239
1894,198
1895,245
1896,84
1897,203
1898,188
1899,159
1900,126
1901,232
1902,256
1903,205
1904,175
1905,203
1906,38
1907,161
1908,234
1909,136
1910,162
1911,250
1912,192
1913,93
1914,69
1915,240
1916,237
1917,237
1918,242
1919,103
1920,194
1921,172
1922,249
1923,202
1924,85
1925,156
1926,203
1927,70
1928,101
1929,148
1930,104
1931,47
1932,248
1933,146
1934,30
1935,254
1936,197
1937,166
1938,201
1939,119
1940,114
1941,240
1942,247
1943,190
1944,110
1945,163
1946,222
1947,219
1948,229
1949,228
1950,196
1951,203
1952,200
1953,177
1954,128
1955,80
1956,204
1957,167
1958,208
1959,256
1960,222
1961,131
1962,67
1963,144
1964,81
1965,217
1966,232
1967,188
1968,210
1969,250
1970,106
1971,184
1972,237
1973,113
1974,190
1975,202
1976,168
1977,143
1978,184
1979,153
1980,184
1981,256
1982,235
1983,222
1984,191
1985,212
1986,219
1987,254
1988,228
1989,241
1990,128
1991,99
1992,234
1993,219
1994,138
1995,230
1996,47
1997,146
1998,227
1999,193
2000,167
2001,66
2002,123
2003,104
2004,195
2005,160
2006,202
2007,245
2008,34
2009,41
2010,250
2011,80
2012,226
2013,222
2014,129
2015,118
2016,187
2017,250
2018,184
2019,224
2020,246
2021,144
2022,201
2023,246
2024,187
2025,67
2026,218
2027,201
2028,150
2029,52
2030,223
2031,208
2032,44
2033,216
2034,89
2035,208
2036,231
2037,154
2038,243
2039,178
2040,193
2041,136
2042,160
2043,241
2044,139
2045,50
2046,232
2047,87
2048,55
2049,137
2050,205
2051,133
2052,130
2053,144
2054,236
2055,234
2056,26
2057,93
2058,190
2059,215
2060,161
2061,158
2062,167
2063,136
2064,195
2065,174
2066,234
2067,130
2068,142
2069,119
2070,202
2071,243
2072,101
2073,217
2074,217
2075,222
2076,226
2077,208
2078,170
2079,135
2080,214
2081,160
2082,72
2083,213
2084,222
2085,138
2086,163
2087,202
2088,237
2089,233
2090,188
2091,60
2092,238
2093,128
2094,166
2095,237
2096,151
2097,190
2098,162
2099,154
2100,0
2101,171
2102,159
2103,157
2104,209
2105,192
2106,181
2107,69
2108,189
2109,129
2110,237
2111,0
2112,181
2113,0
2114,70
2115,217
2116,49
2117,132
2118,179
2119,238
2120,205
2121,215
2122,155
2123,145
2124,245
2125,54
2126,180
2127,232
2128,226
2129,3
2130,119
2131,236
2132,52
2133,214
2134,135
2135,0
2136,211
2137,103
2138,159
2139,0
2140,100
2141,117
2142,164
2143,220
2144,126
2145,187
2146,27
2147,241
2148,54
2149,108
2150,90
2151,202
2152,88
2153,154
2154,229
2155,203
2156,180
2157,185
2158,205
2159,199
2160,83
2161,122
2162,165
2163,153
2164,162
2165,235
2166,161
2167,0
2168,1
2169,234
2170,241
2171,64
2172,217
2173,181
2174,207
2175,208
2176,167
2177,219
2178,112
2179,244
2180,128
2181,236
2182,0
2183,159
2184,124
2185,229
2186,42
2187,231
2188,233
2189,72
2190,206
2191,34
2192,217
2193,101
2194,207
2195,106
2196,227
2197,46
2198,225
2199,177
2200,189
2201,61
2202,225
2203,143
2204,102
2205,234
2206,122
2207,145
2208,163
2209,107
2210,99
2211,175
2212,168
2213,60
2214,169
2215,211
2216,212
2217,145
2218,29
2219,68
2220,177
2221,114
2222,211
2223,223
2224,152
2225,197
2226,218
2227,107
2228,152
2229,208
2230,250
2231,61
2232,171
2233,226
2234,218
2235,197
2236,142
2237,165
2238,151
2239,208
2240,148
2241,244
2242,202
2243,214
2244,242
2245,217
2246,182
2247,176
2248,23
2249,106
2250,150
2251,196
2252,221
2253,125
2254,153
2255,175
2256,160
2257,0
2258,194
2259,114
2260,193
2261,180
2262,199
2263,202
2264,241
2265,168
2266,145
2267,216
2268,219
2269,76
2270,5
2271,234
2272,157
2273,211
2274,152
2275,213
2276,145
2277,93
2278,0
2279,107
2280,159
2281,162
2282,144
2283,143
2284,47
2285,247
2286,78
2287,185
2288,243
2289,190
2290,182
2291,206
2292,47
2293,170
2294,132
2295,243
2296,162
2297,170
2298,226
2299,116
2300,210
2301,155
2302,195
2303,244
2304,175
2305,135
2306,0
2307,0
2308,221
2309,197
2310,217
2311,120
2312,211
2313,230
2314,80
2315,114
2316,52
2317,125
2318,251
2319,138
2320,233
2321,189
2322,126
2323,194
2324,179
2325,204
2326,130
2327,238
2328,150
2329,242
2330,89
2331,151
2332,202
2333,194
2334,192
2335,226
2336,109
2337,94
2338,175
2339,159
2340,220
2341,188
2342,110
2343,168
2344,240
2345,220
2346,118
2347,199
2348,218
2349,218
2350,180
2351,106
2352,190
2353,176
2354,194
2355,249
2356,182
2357,148
2358,209
2359,190
2360,197
2361,78
2362,198
2363,81
2364,256
2365,161
2366,245
2367,77
2368,199
2369,229
2370,246
2371,120
2372,238
2373,177
2374,13
2375,134
2376,220
2377,90
2378,64
2379,242
2380,160
2381,141
2382,160
2383,216
2384,0
2385,145
2386,201
2387,218
2388,141
2389,95
2390,217
2391,203
2392,143
2393,149
2394,96
2395,129
2396,217
2397,140
2398,205
2399,214
