0,1
1,239
2,225
3,193
4,195
5,126
6,175
7,69
8,207
9,95
10,173
11,196
12,239
13,236
14,240
15,116
16,146
17,231
18,131
19,100
20,134
21,147
22,153
23,205
24,55
25,96
26,161
27,137
28,133
29,221
30,232
31,156
32,175
33,156
34,115
35,48
36,233
37,170
38,230
39,246
40,152
41,227
42,168
43,98
44,130
45,240
46,222
47,204
48,127
49,76
50,175
51,161
52,241
53,243
54,208
55,167
56,173
57,161
58,157
59,128
60,57
61,175
62,88
63,210
64,196
65,41
66,222
67,122
68,143
69,134
70,137
71,197
72,210
73,211
74,123
75,154
76,120
77,148
78,143
79,210
80,217
81,142
82,177
83,189
84,193
85,125
86,177
87,249
88,222
89,189
90,149
91,147
92,133
93,239
94,146
95,179
96,97
97,135
98,208
99,227
100,186
101,239
102,202
103,226
104,68
105,133
106,175
107,194
108,139
109,95
110,194
111,202
112,186
113,44
114,202
115,175
116,79
117,171
118,221
119,215
120,162
121,0
122,184
123,220
124,150
125,168
126,175
127,204
128,155
129,107
130,175
131,195
132,213
133,93
134,116
135,122
136,117
137,212
138,187
139,207
140,155
141,212
142,49
143,190
144,210
145,189
146,191
147,210
148,110
149,210
150,132
151,82
152,186
153,137
154,105
155,235
156,246
157,59
158,215
159,196
160,181
161,180
162,121
163,150
164,188
165,233
166,154
167,225
168,138
169,234
170,211
171,167
172,134
173,238
174,142
175,149
176,31
177,75
178,147
179,174
180,149
181,186
182,92
183,33
184,181
185,170
186,174
187,209
188,93
189,181
190,123
191,240
192,166
193,25
194,154
195,200
196,153
197,222
198,234
199,173
200,143
201,222
202,229
203,183
204,168
205,199
206,187
207,176
208,208
209,212
210,54
211,192
212,208
213,179
214,197
215,117
216,213
217,97
218,175
219,209
220,181
221,166
222,245
223,190
224,197
225,228
226,136
227,243
228,219
229,200
230,108
231,210
232,156
233,103
234,124
235,99
236,191
237,121
238,176
239,237
240,136
241,136
242,225
243,199
244,177
245,223
246,197
247,58
248,216
249,150
250,158
251,132
252,187
253,114
254,152
255,171
256,222
257,163
258,210
259,230
260,233
261,137
262,121
263,194
264,168
265,180
266,97
267,188
268,143
269,197
270,235
271,109
272,133
273,154
274,124
275,192
276,153
277,173
278,154
279,136
280,95
281,221
282,124
283,168
284,156
285,43
286,99
287,126
288,206
289,181
290,215
291,227
292,230
293,182
294,124
295,237
296,169
297,188
298,196
299,227
300,166
301,154
302,192
303,189
304,182
305,226
306,219
307,152
308,189
309,178
310,211
311,93
312,180
313,66
314,131
315,120
316,145
317,225
318,189
319,0
320,115
321,90
322,207
323,234
324,227
325,184
326,216
327,232
328,227
329,95
330,165
331,203
332,246
333,219
334,227
335,206
336,137
337,220
338,90
339,155
340,243
341,132
342,80
343,160
344,117
345,129
346,185
347,118
348,247
349,4
350,248
351,203
352,142
353,95
354,211
355,190
356,199
357,144
358,178
359,169
360,140
361,170
362,186
363,111
364,134
365,171
366,98
367,183
368,184
369,189
370,198
371,175
372,212
373,136
374,160
375,118
376,155
377,169
378,145
379,179
380,137
381,160
382,59
383,155
384,216
385,118
386,132
387,199
388,101
389,233
390,156
391,178
392,219
393,117
394,94
395,242
396,227
397,217
398,223
399,117
400,192
401,135
402,246
403,242
404,195
405,144
406,149
407,200
408,211
409,232
410,242
411,239
412,220
413,164
414,154
415,222
416,238
417,250
418,176
419,183
420,186
421,107
422,157
423,155
424,220
425,231
426,145
427,231
428,256
429,150
430,244
431,235
432,110
433,256
434,189
435,140
436,191
437,214
438,221
439,198
440,140
441,227
442,168
443,256
444,204
445,144
446,194
447,208
448,225
449,217
450,223
451,181
452,256
453,135
454,231
455,180
456,222
457,232
458,224
459,256
460,240
461,151
462,172
463,234
464,245
465,154
466,144
467,249
468,222
469,246
470,240
471,237
472,252
473,123
474,197
475,147
476,243
477,212
478,173
479,245
480,203
481,186
482,210
483,252
484,110
485,229
486,156
487,235
488,249
489,149
490,232
491,244
492,158
493,228
494,124
495,251
496,232
497,230
498,178
499,170
500,217
501,238
502,238
503,215
504,147
505,150
506,214
507,192
508,213
509,212
510,126
511,217
512,220
513,140
514,170
515,246
516,163
517,154
518,237
519,222
520,225
521,119
522,146
523,211
524,187
525,240
526,188
527,94
528,227
529,204
530,180
531,223
532,151
533,239
534,220
535,204
536,218
537,106
538,240
539,179
540,58
541,182
542,106
543,210
544,224
545,176
546,144
547,222
548,189
549,182
550,106
551,202
552,160
553,110
554,249
555,167
556,0
557,181
558,139
559,228
560,234
561,248
562,97
563,225
564,157
565,212
566,116
567,221
568,216
569,185
570,214
571,201
572,211
573,203
574,243
575,145
576,211
577,215
578,204
579,243
580,192
581,246
582,212
583,181
584,198
585,141
586,189
587,130
588,209
589,237
590,203
591,151
592,212
593,167
594,142
595,148
596,193
597,221
598,146
599,155
600,130
601,243
602,87
603,150
604,164
605,231
606,153
607,168
608,182
609,152
610,179
611,203
612,171
613,104
614,231
615,156
616,28
617,162
618,233
619,193
620,152
621,196
622,233
623,166
624,168
625,201
626,174
627,229
628,234
629,160
630,220
631,231
632,142
633,151
634,209
635,217
636,239
637,174
638,84
639,157
640,190
641,178
642,242
643,187
644,206
645,165
646,245
647,194
648,218
649,67
650,135
651,224
652,196
653,230
654,203
655,203
656,166
657,214
658,169
659,226
660,152
661,224
662,189
663,190
664,204
665,196
666,222
667,219
668,151
669,198
670,160
671,169
672,187
673,192
674,242
675,206
676,178
677,158
678,157
679,126
680,223
681,166
682,175
683,219
684,226
685,165
686,135
687,232
688,222
689,184
690,98
691,189
692,85
693,249
694,238
695,187
696,128
697,195
698,149
699,149
700,145
701,232
702,239
703,242
704,164
705,177
706,114
707,188
708,165
709,245
710,118
711,226
712,146
713,222
714,143
715,154
716,138
717,249
718,178
719,100
720,210
721,201
722,158
723,142
724,109
725,74
726,202
727,86
728,153
729,189
730,216
731,152
732,175
733,94
734,238
735,170
736,177
737,191
738,197
739,118
740,198
741,224
742,123
743,243
744,219
745,135
746,187
747,129
748,162
749,202
750,107
751,209
752,177
753,191
754,202
755,216
756,201
757,216
758,244
759,178
760,180
761,252
762,247
763,232
764,224
765,184
766,233
767,113
768,166
769,191
770,239
771,114
772,114
773,204
774,139
775,231
776,199
777,230
778,192
779,244
780,122
781,169
782,130
783,209
784,130
785,203
786,91
787,168
788,157
789,216
790,143
791,142
792,121
793,166
794,235
795,106
796,123
797,244
798,135
799,129
800,226
801,158
802,199
803,224
804,246
805,166
806,120
807,212
808,207
809,167
810,161
811,209
812,164
813,151
814,201
815,192
816,101
817,112
818,233
819,198
820,167
821,187
822,232
823,187
824,191
825,190
826,225
827,148
828,240
829,216
830,189
831,193
832,157
833,226
834,130
835,193
836,187
837,147
838,248
839,223
840,123
841,13
842,193
843,205
844,157
845,102
846,142
847,238
848,199
849,218
850,212
851,49
852,121
853,162
854,199
855,89
856,213
857,242
858,169
859,227
860,210
861,154
862,193
863,152
864,172
865,229
866,222
867,242
868,242
869,244
870,176
871,228
872,217
873,202
874,160
875,223
876,173
877,175
878,190
879,179
880,40
881,182
882,199
883,172
884,167
885,137
886,225
887,245
888,136
889,243
890,201
891,59
892,63
893,216
894,156
895,146
896,184
897,68
898,188
899,212
900,106
901,149
902,173
903,174
904,224
905,159
906,196
907,170
908,131
909,177
910,122
911,221
912,134
913,206
914,148
915,238
916,207
917,131
918,172
919,59
920,194
921,163
922,159
923,88
924,204
925,174
926,97
927,201
928,141
929,183
930,120
931,137
932,171
933,224
934,190
935,167
936,39
937,232
938,171
939,125
940,164
941,207
942,181
943,173
944,176
945,89
946,140
947,145
948,206
949,132
950,168
951,165
952,198
953,230
954,173
955,245
956,210
957,211
958,184
959,79
960,211
961,231
962,31
963,219
964,161
965,145
966,121
967,150
968,108
969,168
970,192
971,169
972,199
973,13
974,202
975,129
976,201
977,118
978,218
979,243
980,195
981,187
982,117
983,169
984,171
985,237
986,201
987,233
988,237
989,141
990,242
991,156
992,180
993,230
994,211
995,220
996,172
997,242
998,134
999,221
1000,219
1001,126
1002,140
1003,242
1004,207
1005,225
1006,78
1007,206
1008,203
1009,104
1010,236
1011,196
1012,179
1013,206
1014,183
1015,222
1016,88
1017,194
1018,216
1019,245
1020,115
1021,248
1022,102
1023,168
1024,137
1025,186
1026,202
1027,76
1028,199
1029,192
1030,240
1031,104
1032,73
1033,168
1034,188
1035,204
1036,236
1037,185
1038,214
1039,194
1040,204
1041,168
1042,185
1043,160
1044,145
1045,164
1046,176
1047,103
1048,236
1049,132
1050,154
1051,209
1052,172
1053,183
1054,78
1055,169
1056,240
1057,179
1058,167
1059,208
1060,225
1061,187
1062,197
1063,197
1064,216
1065,214
1066,35
1067,220
1068,245
1069,205
1070,232
1071,184
1072,63
1073,219
1074,242
1075,170
1076,219
1077,202
1078,165
1079,186
1080,218
1081,114
1082,187
1083,127
1084,200
1085,212
1086,175
1087,122
1088,187
1089,173
1090,223
1091,180
1092,225
1093,191
1094,223
1095,232
1096,56
1097,180
1098,211
1099,222
1100,191
1101,224
1102,239
1103,225
1104,162
1105,216
1106,217
1107,141
1108,191
1109,219
1110,195
1111,137
1112,87
1113,214
1114,210
1115,115
1116,207
1117,131
1118,165
1119,162
1120,158
1121,171
1122,148
1123,127
1124,175
1125,158
1126,245
1127,230
1128,187
1129,207
1130,181
1131,239
1132,173
1133,232
1134,162
1135,197
1136,168
1137,201
1138,250
1139,192
1140,243
1141,157
1142,211
1143,72
1144,101
1145,161
1146,0
1147,251
1148,158
1149,173
1150,8
1151,232
1152,155
1153,132
1154,179
1155,174
1156,149
1157,211
1158,190
1159,219
1160,157
1161,214
1162,72
1163,245
1164,148
1165,243
1166,149
1167,230
1168,242
1169,227
1170,151
1171,186
1172,219
1173,122
1174,231
1175,248
1176,220
1177,151
1178,248
1179,141
1180,171
1181,127
1182,120
1183,115
1184,221
1185,222
1186,202
1187,125
1188,51
1189,140
1190,219
1191,113
1192,240
1193,211
1194,230
1195,250
1196,196
1197,196
1198,149
1199,201
1200,177
1201,247
1202,115
1203,212
1204,152
1205,138
1206,135
1207,166
1208,72
1209,203
1210,181
1211,215
1212,183
1213,164
1214,53
1215,135
1216,131
1217,147
1218,122
1219,250
1220,174
1221,178
1222,86
1223,124
1224,186
1225,43
1226,237
1227,96
1228,166
1229,243
1230,116
1231,138
1232,120
1233,147
1234,131
1235,173
1236,190
1237,165
1238,133
1239,212
1240,172
1241,168
1242,123
1243,187
1244,230
1245,248
1246,169
1247,148
1248,239
1249,162
1250,215
1251,160
1252,173
1253,190
1254,90
1255,106
1256,175
1257,238
1258,134
1259,134
1260,146
1261,210
1262,105
1263,247
1264,148
1265,128
1266,67
1267,98
1268,234
1269,157
1270,236
1271,190
1272,166
1273,227
1274,243
1275,224
1276,158
1277,59
1278,151
1279,251
1280,187
1281,171
1282,230
1283,124
1284,129
1285,103
1286,147
1287,0
1288,145
1289,121
1290,233
1291,222
1292,63
1293,166
1294,135
1295,140
1296,239
1297,87
1298,155
1299,72
1300,247
1301,155
1302,233
1303,70
1304,148
1305,226
1306,215
1307,211
1308,73
1309,135
1310,52
1311,147
1312,84
1313,175
1314,214
1315,199
1316,82
1317,188
1318,125
1319,198
1320,87
1321,84
1322,154
1323,239
1324,54
1325,157
1326,41
1327,71
1328,137
1329,207
1330,180
1331,83
1332,178
1333,154
1334,17
1335,51
1336,27
1337,126
1338,0
1339,206
1340,0
1341,148
1342,208
1343,135
1344,32
1345,27
1346,247
1347,92
1348,202
1349,175
1350,200
1351,0
1352,72
1353,0
1354,215
1355,90
1356,160
1357,191
1358,131
1359,129
1360,179
1361,91
1362,146
1363,83
1364,243
1365,237
1366,124
1367,184
1368,107
1369,91
1370,193
1371,182
1372,13
1373,137
1374,241
1375,228
1376,60
1377,169
1378,150
1379,196
1380,177
1381,107
1382,207
1383,221
1384,229
1385,6
1386,239
1387,205
1388,2
1389,0
1390,50
1391,204
1392,155
1393,0
1394,160
1395,76
1396,146
1397,99
1398,198
1399,169
1400,177
1401,180
1402,107
1403,146
1404,210
1405,128
1406,209
1407,105
1408,92
1409,201
1410,157
1411,197
1412,188
1413,202
1414,221
1415,90
1416,170
1417,135
1418,233
1419,178
1420,164
1421,223
1422,246
1423,107
1424,133
1425,234
1426,68
1427,133
1428,159
1429,170
1430,30
1431,169
1432,217
1433,104
1434,157
1435,236
1436,127
1437,132
1438,238
1439,235
1440,216
1441,103
1442,120
1443,245
1444,146
1445,217
1446,169
1447,133
1448,169
1449,126
1450,48
1451,160
1452,197
1453,73
1454,210
1455,246
1456,156
1457,89
1458,158
1459,140
1460,171
1461,198
1462,69
1463,120
1464,92
1465,154
1466,171
1467,206
1468,211
1469,160
1470,60
1471,163
1472,134
1473,118
1474,174
1475,184
1476,178
1477,96
1478,216
1479,158
1480,106
1481,153
1482,230
1483,224
1484,209
1485,26
1486,246
1487,104
1488,243
1489,224
1490,166
1491,2
1492,195
1493,190
1494,250
1495,228
1496,248
1497,173
1498,224
1499,167
1500,152
1501,171
1502,199
1503,145
1504,106
1505,133
1506,107
1507,62
1508,148
1509,170
1510,102
1511,146
1512,134
1513,74
1514,133
1515,230
1516,200
1517,181
1518,195
1519,130
1520,203
1521,232
1522,120
1523,21
1524,127
1525,215
1526,191
1527,201
1528,182
1529,224
1530,161
1531,106
1532,135
1533,225
1534,118
1535,50
1536,132
1537,165
1538,152
1539,228
1540,169
1541,179
1542,54
1543,196
1544,119
1545,104
1546,182
1547,118
1548,24
1549,152
1550,27
1551,81
1552,162
1553,158
1554,136
1555,115
1556,135
1557,197
1558,145
1559,135
1560,226
1561,86
1562,238
1563,195
1564,149
1565,130
1566,105
1567,184
1568,241
1569,12
1570,171
1571,179
1572,245
1573,237
1574,204
1575,216
1576,98
1577,164
1578,0
1579,231
1580,176
1581,155
1582,24
1583,231
1584,175
1585,166
1586,217
1587,157
1588,191
1589,170
1590,216
1591,183
1592,204
1593,179
1594,199
1595,0
1596,125
1597,84
1598,84
1599,109
1600,220
1601,183
1602,154
1603,164
1604,235
1605,200
1606,183
1607,166
1608,221
1609,166
1610,252
1611,171
1612,176
1613,222
1614,159
1615,140
1616,236
1617,138
1618,157
1619,165
1620,128
1621,206
1622,240
1623,150
1624,183
1625,175
1626,155
1627,93
1628,231
1629,89
1630,175
1631,211
1632,215
1633,180
1634,192
1635,202
1636,196
1637,236
1638,96
1639,206
1640,211
1641,127
1642,167
1643,125
1644,204
1645,194
1646,176
1647,253
1648,254
1649,248
1650,228
1651,248
1652,142
1653,126
1654,178
1655,249
1656,172
1657,140
1658,248
1659,220
1660,213
1661,155
1662,186
1663,206
1664,160
1665,249
1666,179
1667,148
1668,36
1669,126
1670,173
1671,162
1672,251
1673,255
1674,202
1675,246
1676,204
1677,231
1678,172
1679,130
1680,227
1681,153
1682,202
1683,192
1684,116
1685,236
1686,108
1687,210
1688,239
1689,158
1690,109
1691,96
1692,223
1693,192
1694,118
1695,157
1696,188
1697,0
1698,212
1699,249
1700,108
1701,206
1702,134
1703,226
1704,220
1705,185
1706,197
1707,0
1708,161
1709,232
1710,186
1711,177
1712,89
1713,89
1714,48
1715,212
1716,227
1717,164
1718,64
1719,224
1720,152
1721,69
1722,191
1723,84
1724,144
1725,184
1726,237
1727,156
1728,176
1729,141
1730,104
1731,218
1732,106
1733,164
1734,154
1735,195
1736,112
1737,132
1738,155
1739,200
1740,73
1741,137
1742,148
1743,234
1744,250
1745,160
1746,144
1747,39
1748,166
1749,136
1750,25
1751,113
1752,106
1753,94
1754,168
1755,189
1756,217
1757,96
1758,217
1759,179
1760,95
1761,36
1762,218
1763,141
1764,196
1765,98
1766,90
1767,81
1768,232
1769,155
1770,201
1771,116
1772,136
1773,139
1774,58
1775,246
1776,214
1777,146
1778,105
1779,173
1780,182
1781,199
1782,89
1783,67
1784,164
1785,73
1786,99
1787,188
1788,201
1789,100
1790,240
1791,249
1792,167
1793,10
1794,199
1795,209
1796,164
1797,140
1798,175
1799,101
1800,162
1801,200
1802,226
1803,122
1804,222
1805,208
1806,130
1807,180
1808,176
1809,201
1810,141
1811,207
1812,155
1813,251
1814,179
1815,161
1816,171
1817,159
1818,150
1819,76
1820,134
1821,162
1822,168
1823,158
1824,206
1825,151
1826,92
1827,140
1828,198
1829,214
1830,170
1831,234
1832,185
1833,111
1834,81
1835,198
1836,132
1837,144
1838,231
1839,204
1840,216
1841,202
1842,180
1843,126
1844,129
1845,51
1846,77
1847,117
1848,207
1849,157
1850,170
1851,151
1852,180
1853,177
1854,189
1855,105
1856,150
1857,244
1858,187
1859,199
1860,219
1861,102
1862,123
1863,218
1864,243
1865,120
1866,98
1867,240
1868,78
1869,249
1870,224
1871,130
1872,200
1873,181
1874,226
1875,231
1876,112
1877,132
1878,152
1879,163
1880,205
1881,136
1882,241
1883,211
1884,153
1885,210
1886,161
1887,89
1888,142
1889,166
1890,232
1891,120
1892,252
1893,240
1894,196
1895,244
1896,23
1897,124
1898,168
1899,164
1900,28
1901,232
1902,114
1903,209
1904,160
1905,205
1906,28
1907,138
1908,229
1909,142
1910,173
1911,249
1912,190
1913,75
1914,96
1915,243
1916,236
1917,236
1918,239
1919,128
1920,198
1921,164
1922,245
1923,189
1924,51
1925,121
1926,165
1927,134
1928,115
1929,132
1930,53
1931,149
1932,247
1933,188
1934,64
1935,254
1936,199
1937,160
1938,165
1939,146
1940,120
1941,234
1942,246
1943,164
1944,99
1945,78
1946,208
1947,216
1948,233
1949,216
1950,175
1951,173
1952,185
1953,168
1954,138
1955,89
1956,213
1957,170
1958,191
1959,175
1960,219
1961,128
1962,56
1963,157
1964,87
1965,212
1966,236
1967,166
1968,169
1969,249
1970,120
1971,172
1972,232
1973,81
1974,194
1975,210
1976,167
1977,147
1978,197
1979,160
1980,168
1981,227
1982,232
1983,213
1984,175
1985,188
1986,205
1987,253
1988,227
1989,240
1990,154
1991,110
1992,240
1993,217
1994,170
1995,228
1996,56
1997,118
1998,231
1999,195
2000,152
2001,45
2002,107
2003,101
2004,188
2005,157
2006,209
2007,244
2008,101
2009,29
2010,247
2011,124
2012,226
2013,202
2014,106
2015,118
2016,118
2017,250
2018,169
2019,219
2020,246
2021,121
2022,195
2023,247
2024,184
2025,113
2026,214
2027,171
2028,135
2029,52
2030,223
2031,196
2032,25
2033,219
2034,125
2035,208
2036,226
2037,148
2038,244
2039,154
2040,181
2041,128
2042,162
2043,237
2044,146
2045,38
2046,236
2047,7
2048,0
2049,147
2050,207
2051,116
2052,63
2053,144
2054,235
2055,238
2056,0
2057,122
2058,184
2059,233
2060,167
2061,130
2062,143
2063,140
2064,180
2065,180
2066,210
2067,140
2068,162
2069,31
2070,190
2071,242
2072,101
2073,173
2074,215
2075,219
2076,220
2077,163
2078,176
2079,162
2080,211
2081,163
2082,123
2083,162
2084,210
2085,162
2086,167
2087,200
2088,212
2089,224
2090,183
2091,81
2092,241
2093,121
2094,168
2095,238
2096,128
2097,185
2098,167
2099,141
2100,0
2101,171
2102,162
2103,108
2104,208
2105,185
2106,179
2107,105
2108,148
2109,166
2110,234
2111,34
2112,89
2113,0
2114,42
2115,165
2116,0
2117,141
2118,0
2119,218
2120,176
2121,148
2122,133
2123,66
2124,246
2125,41
2126,120
2127,236
2128,195
2129,15
2130,131
2131,234
2132,0
2133,229
2134,157
2135,0
2136,174
2137,2
2138,38
2139,0
2140,19
2141,76
2142,161
2143,192
2144,150
2145,182
2146,0
2147,238
2148,14
2149,0
2150,79
2151,160
2152,43
2153,167
2154,181
2155,150
2156,162
2157,174
2158,228
2159,202
2160,81
2161,126
2162,142
2163,162
2164,132
2165,232
2166,8
2167,0
2168,30
2169,240
2170,235
2171,56
2172,205
2173,161
2174,201
2175,81
2176,145
2177,208
2178,105
2179,217
2180,94
2181,238
2182,0
2183,156
2184,0
2185,195
2186,2
2187,226
2188,198
2189,16
2190,197
2191,15
2192,176
2193,113
2194,190
2195,113
2196,181
2197,50
2198,142
2199,173
2200,198
2201,18
2202,223
2203,109
2204,140
2205,237
2206,112
2207,137
2208,66
2209,85
2210,91
2211,172
2212,168
2213,109
2214,145
2215,214
2216,210
2217,144
2218,28
2219,69
2220,163
2221,130
2222,211
2223,225
2224,159
2225,182
2226,183
2227,102
2228,142
2229,196
2230,249
2231,54
2232,110
2233,218
2234,232
2235,158
2236,134
2237,168
2238,143
2239,198
2240,169
2241,243
2242,170
2243,206
2244,243
2245,207
2246,157
2247,175
2248,0
2249,137
2250,145
2251,192
2252,194
2253,139
2254,113
2255,121
2256,157
2257,0
2258,193
2259,135
2260,165
2261,181
2262,204
2263,181
2264,233
2265,186
2266,133
2267,203
2268,227
2269,69
2270,54
2271,236
2272,133
2273,208
2274,185
2275,218
2276,114
2277,96
2278,28
2279,102
2280,154
2281,171
2282,163
2283,147
2284,24
2285,247
2286,70
2287,201
2288,241
2289,197
2290,139
2291,195
2292,54
2293,163
2294,116
2295,227
2296,123
2297,178
2298,226
2299,96
2300,176
2301,135
2302,197
2303,242
2304,138
2305,85
2306,0
2307,0
2308,204
2309,193
2310,199
2311,184
2312,201
2313,230
2314,28
2315,144
2316,71
2317,117
2318,243
2319,126
2320,199
2321,195
2322,162
2323,182
2324,196
2325,194
2326,129
2327,230
2328,123
2329,238
2330,7
2331,189
2332,195
2333,201
2334,174
2335,224
2336,121
2337,100
2338,170
2339,150
2340,190
2341,186
2342,132
2343,88
2344,196
2345,205
2346,117
2347,223
2348,212
2349,210
2350,164
2351,14
2352,191
2353,166
2354,188
2355,120
2356,110
2357,112
2358,209
2359,142
2360,143
2361,128
2362,194
2363,78
2364,193
2365,97
2366,244
2367,110
2368,199
2369,213
2370,147
2371,62
2372,236
2373,181
2374,67
2375,98
2376,214
2377,111
2378,92
2379,236
2380,160
2381,95
2382,147
2383,181
2384,29
2385,147
2386,207
2387,204
2388,119
2389,141
2390,210
2391,199
2392,142
2393,94
2394,102
2395,171
2396,216
2397,131
2398,204
2399,164
