0,190
1,131
2,180
3,228
4,156
5,105
6,196
7,220
8,234
9,141
10,146
11,225
12,185
13,187
14,197
15,195
16,208
17,165
18,243
19,242
20,244
21,104
22,185
23,205
24,239
25,227
26,116
27,115
28,226
29,163
30,52
31,181
32,204
33,237
34,189
35,228
36,233
37,221
38,184
39,218
40,163
41,226
42,211
43,111
44,226
45,212
46,168
47,227
48,133
49,137
50,203
51,226
52,105
53,190
54,149
55,168
56,182
57,194
58,162
59,253
60,230
61,126
62,194
63,227
64,210
65,227
66,252
67,240
68,165
69,42
70,188
71,194
72,173
73,215
74,238
75,191
76,196
77,84
78,182
79,132
80,246
81,235
82,153
83,173
84,228
85,231
86,168
87,204
88,147
89,201
90,197
91,245
92,204
93,175
94,157
95,182
96,185
97,181
98,242
99,182
100,256
101,251
102,179
103,91
104,249
105,213
106,222
107,177
108,168
109,27
110,141
111,197
112,214
113,221
114,246
115,194
116,200
117,232
118,233
119,242
120,141
121,214
122,127
123,7
124,195
125,204
126,225
127,70
128,181
129,161
130,182
131,220
132,197
133,245
134,181
135,171
136,198
137,194
138,91
139,155
140,254
141,235
142,206
143,134
144,120
145,180
146,158
147,188
148,205
149,211
150,118
151,182
152,204
153,206
154,179
155,246
156,251
157,177
158,66
159,124
160,232
161,193
162,227
163,175
164,246
165,2
166,114
167,181
168,172
169,252
170,213
171,156
172,205
173,166
174,244
175,177
176,192
177,219
178,240
179,0
180,166
181,70
182,153
183,221
184,204
185,184
186,224
187,100
188,130
189,183
190,250
191,219
192,77
193,253
194,141
195,231
196,174
197,206
198,192
199,210
200,178
201,213
202,150
203,209
204,253
205,173
206,140
207,195
208,222
209,132
210,166
211,179
212,245
213,240
214,42
215,135
216,207
217,192
218,240
219,188
220,133
221,235
222,191
223,189
224,221
225,249
226,241
227,180
228,217
229,227
230,178
231,145
232,237
233,213
234,191
235,187
236,143
237,212
238,101
239,230
240,221
241,175
242,246
243,186
244,246
245,236
246,233
247,242
248,181
249,218
250,182
251,152
252,220
253,200
254,239
255,248
256,254
257,221
258,175
259,193
260,134
261,204
262,224
263,142
264,220
265,206
266,167
267,130
268,188
269,199
270,94
271,208
272,191
273,249
274,194
275,194
276,232
277,137
278,250
279,165
280,133
281,183
282,209
283,171
284,134
285,230
286,187
287,219
288,218
289,205
290,150
291,234
292,193
293,123
294,209
295,178
296,115
297,114
298,192
299,219
300,176
301,195
302,241
303,192
304,235
305,225
306,148
307,201
308,192
309,235
310,217
311,177
312,168
313,232
314,253
315,167
316,34
317,201
318,238
319,209
320,154
321,61
322,175
323,211
324,208
325,232
326,178
327,248
328,208
329,118
330,221
331,252
332,170
333,221
334,232
335,224
336,191
337,216
338,225
339,106
340,60
341,251
342,227
343,204
344,129
345,154
346,122
347,60
348,14
349,138
350,110
351,134
352,78
353,149
354,212
355,172
356,216
357,232
358,219
359,76
360,212
361,194
362,220
363,94
364,236
365,200
366,211
367,239
368,241
369,118
370,176
371,213
372,122
373,130
374,251
375,123
376,159
377,220
378,102
379,217
380,178
381,112
382,160
383,222
384,185
385,253
386,207
387,101
388,184
389,175
390,230
391,137
392,226
393,181
394,175
395,23
396,173
397,210
398,139
399,241
400,150
401,156
402,218
403,158
404,169
405,216
406,224
407,121
408,215
409,231
410,196
411,118
412,209
413,252
414,183
415,160
416,140
417,94
418,212
419,110
420,229
421,216
422,236
423,245
424,204
425,239
426,213
427,114
428,146
429,176
430,234
431,211
432,216
433,248
434,194
435,176
436,180
437,220
438,208
439,205
440,179
441,125
442,199
443,183
444,173
445,176
446,87
447,133
448,100
449,218
450,72
451,221
452,206
453,206
454,207
455,208
456,202
457,252
458,185
459,250
460,238
461,245
462,242
463,178
464,187
465,201
466,177
467,198
468,156
469,138
470,93
471,178
472,200
473,169
474,163
475,247
476,227
477,172
478,221
479,113
480,131
481,250
482,231
483,250
484,140
485,158
486,229
487,138
488,179
489,225
490,166
491,178
492,180
493,98
494,185
495,141
496,231
497,224
498,240
499,235
500,113
501,196
502,232
503,248
504,140
505,247
506,133
507,206
508,52
509,89
510,194
511,231
512,225
513,251
514,179
515,237
516,179
517,181
518,110
519,229
520,140
521,192
522,175
523,58
524,188
525,169
526,214
527,205
528,228
529,225
530,193
531,225
532,126
533,190
534,251
535,83
536,212
537,227
538,99
539,120
540,193
541,249
542,217
543,196
544,229
545,93
546,182
547,39
548,64
549,256
550,177
551,102
552,226
553,171
554,72
555,194
556,99
557,234
558,146
559,195
560,182
561,215
562,198
563,88
564,221
565,155
566,253
567,254
568,194
569,245
570,208
571,139
572,236
573,242
574,189
575,175
576,234
577,112
578,232
579,255
580,196
581,77
582,113
583,252
584,249
585,115
586,177
587,218
588,210
589,118
590,225
591,228
592,248
593,153
594,140
595,205
596,226
597,248
598,173
599,223
600,179
601,201
602,87
603,221
604,164
605,163
606,175
607,203
608,186
609,125
610,204
611,249
612,185
613,251
614,105
615,253
616,165
617,150
618,135
619,173
620,200
621,218
622,145
623,233
624,108
625,169
626,221
627,209
628,219
629,111
630,192
631,159
632,220
633,220
634,208
635,196
636,173
637,88
638,120
639,227
640,83
641,187
642,194
643,162
644,240
645,234
646,239
647,234
648,188
649,216
650,181
651,251
652,135
653,124
654,59
655,199
656,179
657,252
658,223
659,159
660,203
661,208
662,186
663,198
664,208
665,131
666,237
667,112
668,229
669,127
670,176
671,211
672,88
673,223
674,185
675,226
676,183
677,134
678,207
679,232
680,230
681,150
682,241
683,96
684,210
685,211
686,177
687,115
688,179
689,137
690,247
691,229
692,205
693,191
694,116
695,230
696,181
697,238
698,0
699,82
700,198
701,215
702,141
703,254
704,127
705,228
706,63
707,248
708,119
709,133
710,249
711,251
712,252
713,223
714,125
715,185
716,193
717,221
718,123
719,102
720,147
721,227
722,81
723,198
724,198
725,177
726,108
727,254
728,0
729,201
730,211
731,111
732,239
733,149
734,238
735,142
736,174
737,199
738,222
739,152
740,209
741,222
742,137
743,133
744,200
745,190
746,120
747,255
748,172
749,233
750,143
751,11
752,207
753,47
754,250
755,107
756,234
757,198
758,157
759,238
760,190
761,124
762,220
763,212
764,178
765,239
766,163
767,199
768,84
769,185
770,176
771,222
772,139
773,215
774,208
775,126
776,190
777,176
778,200
779,103
780,221
781,126
782,131
783,242
784,194
785,252
786,238
787,82
788,84
789,212
790,252
791,82
792,187
793,240
794,186
795,239
796,140
797,174
798,232
799,256
800,156
801,223
802,218
803,132
804,162
805,236
806,228
807,205
808,250
809,222
810,206
811,128
812,188
813,228
814,196
815,205
816,213
817,152
818,168
819,178
820,251
821,219
822,0
823,199
824,228
825,185
826,183
827,237
828,197
829,205
830,164
831,202
832,184
833,166
834,136
835,168
836,184
837,135
838,159
839,151
840,225
841,234
842,240
843,228
844,204
845,237
846,125
847,185
848,230
849,159
850,217
851,154
852,200
853,250
854,145
855,152
856,23
857,245
858,173
859,135
860,236
861,196
862,151
863,210
864,174
865,186
866,190
867,219
868,94
869,226
870,182
871,209
872,223
873,208
874,246
875,239
876,185
877,228
878,194
879,219
880,246
881,157
882,63
883,218
884,185
885,221
886,164
887,207
888,213
889,87
890,244
891,188
892,210
893,195
894,137
895,254
896,238
897,231
898,144
899,174
900,130
901,193
902,186
903,134
904,105
905,209
906,83
907,66
908,187
909,226
910,240
911,202
912,38
913,217
914,244
915,186
916,114
917,183
918,165
919,165
920,214
921,192
922,197
923,239
924,229
925,166
926,231
927,139
928,245
929,230
930,231
931,220
932,178
933,240
934,174
935,247
936,242
937,148
938,39
939,251
940,241
941,216
942,122
943,197
944,204
945,240
946,188
947,142
948,193
949,256
950,179
951,241
952,160
953,234
954,245
955,126
956,236
957,246
958,207
959,216
960,200
961,250
962,250
963,102
964,171
965,173
966,250
967,254
968,222
969,179
970,222
971,162
972,144
973,155
974,166
975,181
976,223
977,167
978,225
979,237
980,188
981,255
982,155
983,212
984,223
985,133
986,39
987,239
988,170
989,109
990,145
991,97
992,80
993,208
994,201
995,165
996,190
997,222
998,182
999,249
1000,243
1001,152
1002,249
1003,112
1004,172
1005,177
1006,208
1007,196
1008,167
1009,125
1010,146
1011,156
1012,248
1013,198
1014,210
1015,198
1016,212
1017,208
1018,183
1019,196
1020,155
1021,80
1022,238
1023,184
1024,151
1025,254
1026,188
1027,222
1028,248
1029,173
1030,207
1031,161
1032,85
1033,245
1034,183
1035,248
1036,76
1037,82
1038,183
1039,174
1040,204
1041,174
1042,185
1043,219
1044,109
1045,187
1046,156
1047,182
1048,170
1049,143
1050,200
1051,252
1052,223
1053,147
1054,161
1055,158
1056,177
1057,239
1058,140
1059,196
1060,215
1061,147
1062,218
1063,218
1064,193
1065,235
1066,115
1067,222
1068,224
1069,251
1070,252
1071,146
1072,175
1073,186
1074,142
1075,254
1076,228
1077,249
1078,186
1079,230
1080,167
1081,217
1082,125
1083,198
1084,229
1085,186
1086,183
1087,155
1088,175
1089,189
1090,98
1091,197
1092,106
1093,132
1094,96
1095,229
1096,123
1097,183
1098,159
1099,201
1100,178
1101,237
1102,125
1103,190
1104,244
1105,171
1106,175
1107,250
1108,204
1109,227
1110,254
1111,227
1112,249
1113,239
1114,151
1115,213
1116,198
1117,186
1118,166
1119,190
1120,228
1121,140
1122,174
1123,157
1124,146
1125,231
1126,48
1127,147
1128,86
1129,211
1130,250
1131,256
1132,145
1133,229
1134,86
1135,197
1136,167
1137,168
1138,178
1139,93
1140,244
1141,241
1142,234
1143,85
1144,142
1145,166
1146,201
1147,229
1148,159
1149,152
1150,10
1151,245
1152,113
1153,213
1154,245
1155,123
1156,254
1157,230
1158,179
1159,246
1160,162
1161,226
1162,184
1163,234
1164,115
1165,176
1166,244
1167,190
1168,181
1169,160
1170,240
1171,199
1172,189
1173,172
1174,188
1175,194
1176,134
1177,223
1178,183
1179,242
1180,145
1181,192
1182,182
1183,184
1184,185
1185,245
1186,256
1187,133
1188,28
1189,220
1190,234
1191,212
1192,193
1193,251
1194,248
1195,236
1196,159
1197,188
1198,138
1199,96
1200,78
1201,256
1202,225
1203,218
1204,108
1205,236
1206,221
1207,219
1208,123
1209,234
1210,210
1211,190
1212,212
1213,89
1214,248
1215,0
1216,226
1217,0
1218,162
1219,244
1220,245
1221,172
1222,170
1223,231
1224,131
1225,11
1226,183
1227,188
1228,79
1229,171
1230,165
1231,165
1232,146
1233,242
1234,95
1235,69
1236,153
1237,42
1238,200
1239,247
1240,115
1241,211
1242,200
1243,181
1244,111
1245,104
1246,255
1247,242
1248,194
1249,210
1250,173
1251,201
1252,183
1253,232
1254,214
1255,208
1256,225
1257,161
1258,187
1259,246
1260,239
1261,237
1262,67
1263,253
1264,153
1265,196
1266,198
1267,228
1268,186
1269,246
1270,178
1271,226
1272,217
1273,239
1274,112
1275,163
1276,155
1277,220
1278,210
1279,186
1280,151
1281,191
1282,138
1283,207
1284,241
1285,180
1286,182
1287,24
1288,148
1289,201
1290,122
1291,127
1292,167
1293,125
1294,222
1295,181
1296,234
1297,241
1298,159
1299,246
1300,155
1301,240
1302,216
1303,209
1304,212
1305,105
1306,134
1307,198
1308,149
1309,111
1310,165
1311,211
1312,210
1313,164
1314,214
1315,256
1316,225
1317,139
1318,120
1319,92
1320,184
1321,105
1322,188
1323,247
1324,130
1325,172
1326,177
1327,252
1328,186
1329,222
1330,174
1331,189
1332,255
1333,213
1334,242
1335,179
1336,214
1337,132
1338,190
1339,208
1340,250
1341,254
1342,197
1343,206
1344,235
1345,226
1346,208
1347,255
1348,169
1349,189
1350,229
1351,214
1352,162
1353,229
1354,234
1355,89
1356,152
1357,97
1358,198
1359,74
1360,235
1361,244
1362,223
1363,175
1364,157
1365,182
1366,51
1367,201
1368,149
1369,234
1370,232
1371,208
1372,253
1373,140
1374,196
1375,144
1376,189
1377,220
1378,7
1379,174
1380,198
1381,188
1382,186
1383,234
1384,67
1385,165
1386,132
1387,195
1388,88
1389,238
1390,174
1391,194
1392,139
1393,239
1394,217
1395,230
1396,187
1397,241
1398,141
1399,222
1400,75
1401,186
1402,207
1403,152
1404,190
1405,155
1406,255
1407,0
1408,93
1409,124
1410,204
1411,227
1412,228
1413,238
1414,183
1415,231
1416,76
1417,227
1418,157
1419,69
1420,230
1421,225
1422,232
1423,256
1424,186
1425,220
1426,222
1427,146
1428,180
1429,171
1430,235
1431,181
1432,155
1433,235
1434,200
1435,151
1436,239
1437,234
1438,143
1439,199
1440,213
1441,246
1442,137
1443,251
1444,137
1445,236
1446,232
1447,222
1448,227
1449,185
1450,157
1451,143
1452,241
1453,131
1454,222
1455,237
1456,240
1457,152
1458,167
1459,156
1460,106
1461,205
1462,232
1463,205
1464,0
1465,214
1466,240
1467,236
1468,144
1469,176
1470,122
1471,246
1472,227
1473,177
1474,0
1475,196
1476,98
1477,207
1478,162
1479,214
1480,173
1481,0
1482,232
1483,61
1484,210
1485,200
1486,181
1487,251
1488,182
1489,222
1490,183
1491,250
1492,178
1493,252
1494,180
1495,236
1496,232
1497,158
1498,133
1499,194
1500,108
1501,205
1502,99
1503,141
1504,131
1505,101
1506,132
1507,218
1508,247
1509,157
1510,103
1511,241
1512,111
1513,105
1514,229
1515,182
1516,188
1517,163
1518,235
1519,207
1520,169
1521,217
1522,236
1523,243
1524,128
1525,218
1526,221
1527,151
1528,162
1529,192
1530,157
1531,228
1532,88
1533,17
1534,178
1535,206
1536,236
1537,174
1538,157
1539,234
1540,169
1541,250
1542,248
1543,218
1544,126
1545,174
1546,239
1547,158
1548,128
1549,154
1550,127
1551,78
1552,216
1553,224
1554,104
1555,215
1556,96
1557,211
1558,219
1559,178
1560,182
1561,176
1562,255
1563,165
1564,235
1565,138
1566,240
1567,234
1568,180
1569,144
1570,246
1571,240
1572,210
1573,236
1574,196
1575,203
1576,188
1577,245
1578,194
1579,234
1580,234
1581,241
1582,157
1583,196
1584,144
1585,165
1586,239
1587,234
1588,227
1589,161
1590,243
1591,178
1592,183
1593,141
1594,153
1595,240
1596,181
1597,162
1598,192
1599,194
1600,184
1601,28
1602,201
1603,221
1604,194
1605,247
1606,77
1607,229
1608,142
1609,201
1610,156
1611,225
1612,250
1613,189
1614,224
1615,170
1616,163
1617,119
1618,205
1619,219
1620,219
1621,30
1622,113
1623,191
1624,150
1625,184
1626,185
1627,203
1628,229
1629,148
1630,235
1631,237
1632,200
1633,210
1634,170
1635,191
1636,124
1637,206
1638,94
1639,156
1640,173
1641,209
1642,242
1643,145
1644,154
1645,251
1646,116
1647,235
1648,213
1649,192
1650,231
1651,207
1652,120
1653,165
1654,102
1655,232
1656,92
1657,191
1658,58
1659,182
1660,155
1661,249
1662,175
1663,115
1664,192
1665,244
1666,74
1667,158
1668,205
1669,118
1670,215
1671,127
1672,216
1673,55
1674,223
1675,190
1676,201
1677,225
1678,204
1679,89
1680,153
1681,220
1682,174
1683,159
1684,179
1685,174
1686,237
1687,230
1688,245
1689,207
1690,234
1691,111
1692,101
1693,132
1694,114
1695,81
1696,227
1697,147
1698,214
1699,204
1700,182
1701,252
1702,245
1703,230
1704,256
1705,189
1706,242
1707,256
1708,233
1709,239
1710,207
1711,213
1712,164
1713,193
1714,154
1715,168
1716,123
1717,195
1718,221
1719,189
1720,222
1721,164
1722,176
1723,95
1724,256
1725,225
1726,194
1727,215
1728,212
1729,224
1730,161
1731,202
1732,216
1733,86
1734,126
1735,44
1736,211
1737,252
1738,155
1739,246
1740,214
1741,88
1742,255
1743,170
1744,165
1745,157
1746,175
1747,170
1748,220
1749,120
1750,227
1751,197
1752,134
1753,223
1754,240
1755,202
1756,207
1757,204
1758,247
1759,210
1760,200
1761,88
1762,250
1763,214
1764,141
1765,78
1766,242
1767,185
1768,135
1769,217
1770,0
1771,176
1772,54
1773,169
1774,131
1775,148
1776,87
1777,236
1778,102
1779,146
1780,255
1781,195
1782,214
1783,189
1784,29
1785,142
1786,206
1787,238
1788,197
1789,249
1790,190
1791,80
1792,82
1793,188
1794,103
1795,57
1796,225
1797,94
1798,175
1799,220
1800,132
1801,198
1802,186
1803,124
1804,156
1805,170
1806,29
1807,159
1808,204
1809,175
1810,156
1811,209
1812,171
1813,225
1814,164
1815,139
1816,133
1817,133
1818,80
1819,240
1820,218
1821,205
1822,196
1823,228
1824,220
1825,179
1826,219
1827,179
1828,179
1829,111
1830,120
1831,130
1832,198
1833,249
1834,151
1835,184
1836,219
1837,192
1838,194
1839,139
1840,231
1841,151
1842,244
1843,159
1844,252
1845,0
1846,38
1847,222
1848,120
1849,157
1850,240
1851,137
1852,191
1853,195
1854,157
1855,202
1856,163
1857,207
1858,241
1859,186
1860,162
1861,191
1862,93
1863,158
1864,130
1865,195
1866,184
1867,253
1868,205
1869,211
1870,182
1871,191
1872,0
1873,190
1874,214
1875,202
1876,133
1877,217
1878,250
1879,161
1880,93
1881,77
1882,163
1883,188
1884,250
1885,104
1886,110
1887,243
1888,177
1889,93
1890,229
1891,114
1892,128
1893,216
1894,253
1895,208
1896,192
1897,219
1898,186
1899,184
1900,184
1901,245
1902,185
1903,152
1904,164
1905,160
1906,213
1907,212
1908,143
1909,141
1910,207
1911,206
1912,201
1913,180
1914,112
1915,166
1916,220
1917,197
1918,119
1919,155
1920,225
1921,205
1922,230
1923,164
1924,176
1925,225
1926,229
1927,149
1928,186
1929,212
1930,164
1931,255
1932,209
1933,213
1934,193
1935,248
1936,198
1937,196
1938,116
1939,201
1940,172
1941,229
1942,214
1943,179
1944,247
1945,151
1946,147
1947,163
1948,245
1949,12
1950,157
1951,144
1952,187
1953,114
1954,245
1955,115
1956,166
1957,213
1958,192
1959,139
1960,178
1961,127
1962,161
1963,136
1964,109
1965,173
1966,208
1967,208
1968,247
1969,255
1970,216
1971,254
1972,202
1973,157
1974,223
1975,172
1976,215
1977,224
1978,192
1979,244
1980,191
1981,226
1982,234
1983,239
1984,202
1985,149
1986,241
1987,156
1988,241
1989,203
1990,232
1991,186
1992,237
1993,142
1994,70
1995,180
1996,84
1997,181
1998,170
1999,188
2000,191
2001,221
2002,209
2003,220
2004,167
2005,185
2006,208
2007,227
2008,201
2009,225
2010,216
2011,224
2012,216
2013,198
2014,164
2015,161
2016,226
2017,206
2018,193
2019,202
2020,136
2021,236
2022,70
2023,186
2024,186
2025,214
2026,229
2027,146
2028,180
2029,81
2030,252
2031,224
2032,209
2033,244
2034,175
2035,224
2036,158
2037,150
2038,162
2039,197
2040,161
2041,219
2042,24
2043,167
2044,240
2045,42
2046,256
2047,247
2048,184
2049,169
2050,66
2051,105
2052,175
2053,228
2054,221
2055,229
2056,216
2057,214
2058,185
2059,192
2060,85
2061,200
2062,102
2063,21
2064,84
2065,238
2066,233
2067,122
2068,60
2069,54
2070,204
2071,212
2072,191
2073,223
2074,250
2075,235
2076,167
2077,133
2078,242
2079,137
2080,207
2081,235
2082,211
2083,183
2084,203
2085,141
2086,120
2087,182
2088,180
2089,212
2090,163
2091,254
2092,151
2093,233
2094,212
2095,195
2096,239
2097,174
2098,223
2099,137
2100,137
2101,252
2102,169
2103,164
2104,209
2105,58
2106,227
2107,220
2108,177
2109,241
2110,149
2111,210
2112,141
2113,152
2114,201
2115,219
2116,203
2117,243
2118,229
2119,250
2120,172
2121,95
2122,220
2123,139
2124,216
2125,236
2126,177
2127,199
2128,174
2129,176
2130,233
2131,171
2132,156
2133,196
2134,146
2135,166
2136,220
2137,175
2138,256
2139,210
2140,208
2141,189
2142,145
2143,203
2144,216
2145,225
2146,52
2147,167
2148,219
2149,204
2150,188
2151,251
2152,173
2153,148
2154,233
2155,245
2156,234
2157,201
2158,136
2159,214
2160,97
2161,189
2162,59
2163,243
2164,246
2165,151
2166,237
2167,177
2168,191
2169,252
2170,229
2171,188
2172,123
2173,136
2174,179
2175,203
2176,241
2177,251
2178,215
2179,213
2180,256
2181,210
2182,176
2183,136
2184,161
2185,194
2186,161
2187,20
2188,213
2189,156
2190,164
2191,211
2192,154
2193,80
2194,251
2195,131
2196,132
2197,221
2198,147
2199,142
2200,145
2201,197
2202,240
2203,0
2204,192
2205,124
2206,244
2207,152
2208,175
2209,123
2210,124
2211,224
2212,149
2213,158
2214,214
2215,256
2216,226
2217,191
2218,188
2219,180
2220,142
2221,232
2222,226
2223,164
2224,61
2225,215
2226,218
2227,107
2228,171
2229,153
2230,241
2231,204
2232,172
2233,205
2234,175
2235,235
2236,68
2237,240
2238,216
2239,140
2240,204
2241,201
2242,157
2243,164
2244,156
2245,190
2246,133
2247,176
2248,224
2249,176
2250,214
2251,255
2252,128
2253,210
2254,251
2255,220
2256,101
2257,228
2258,184
2259,80
2260,173
2261,211
2262,217
2263,77
2264,245
2265,90
2266,230
2267,195
2268,0
2269,155
2270,153
2271,90
2272,237
2273,163
2274,233
2275,106
2276,256
2277,221
2278,169
2279,145
2280,234
2281,136
2282,163
2283,89
2284,249
2285,216
2286,151
2287,214
2288,243
2289,233
2290,210
2291,203
2292,236
2293,73
2294,154
2295,157
2296,59
2297,127
2298,252
2299,187
2300,205
2301,202
2302,251
2303,243
2304,245
2305,236
2306,168
2307,147
2308,217
2309,212
2310,184
2311,119
2312,233
2313,225
2314,249
2315,256
2316,187
2317,89
2318,118
2319,212
2320,212
2321,213
2322,240
2323,239
2324,244
2325,217
2326,177
2327,233
2328,159
2329,159
2330,210
2331,172
2332,186
2333,178
2334,227
2335,143
2336,197
2337,192
2338,229
2339,145
2340,237
2341,120
2342,256
2343,205
2344,198
2345,204
2346,238
2347,214
2348,240
2349,212
2350,137
2351,239
2352,129
2353,147
2354,158
2355,248
2356,220
2357,209
2358,209
2359,16
2360,226
2361,89
2362,92
2363,227
2364,186
2365,139
2366,136
2367,247
2368,125
2369,144
2370,245
2371,211
2372,115
2373,227
2374,210
2375,232
2376,197
2377,74
2378,255
2379,249
2380,210
2381,201
2382,77
2383,238
2384,243
2385,198
2386,179
2387,208
2388,222
2389,118
2390,214
2391,179
2392,137
2393,197
2394,142
2395,129
2396,181
2397,248
2398,161
2399,204
