0,161
1,192
2,186
3,213
4,194
5,27
6,199
7,241
8,234
9,143
10,145
11,237
12,205
13,179
14,234
15,159
16,195
17,214
18,241
19,235
20,239
21,122
22,173
23,212
24,243
25,233
26,51
27,84
28,216
29,173
30,63
31,193
32,176
33,236
34,234
35,230
36,237
37,228
38,213
39,235
40,204
41,250
42,207
43,55
44,222
45,217
46,183
47,237
48,144
49,188
50,161
51,215
52,61
53,211
54,209
55,191
56,217
57,193
58,204
59,253
60,234
61,177
62,197
63,231
64,198
65,215
66,248
67,238
68,186
69,170
70,198
71,209
72,188
73,230
74,240
75,178
76,229
77,0
78,210
79,213
80,243
81,238
82,132
83,154
84,219
85,208
86,172
87,204
88,188
89,207
90,199
91,247
92,176
93,168
94,143
95,226
96,235
97,170
98,249
99,194
100,256
101,250
102,186
103,93
104,245
105,209
106,219
107,213
108,167
109,0
110,153
111,181
112,221
113,227
114,246
115,221
116,226
117,212
118,232
119,240
120,179
121,202
122,121
123,58
124,192
125,210
126,228
127,104
128,209
129,162
130,169
131,201
132,230
133,239
134,138
135,194
136,138
137,178
138,104
139,165
140,252
141,231
142,230
143,134
144,185
145,186
146,192
147,173
148,207
149,198
150,119
151,217
152,234
153,177
154,191
155,235
156,250
157,157
158,73
159,124
160,233
161,188
162,226
163,125
164,235
165,61
166,116
167,173
168,175
169,249
170,220
171,171
172,209
173,136
174,232
175,195
176,214
177,211
178,227
179,0
180,149
181,103
182,181
183,223
184,213
185,218
186,224
187,170
188,156
189,225
190,250
191,221
192,129
193,250
194,192
195,243
196,156
197,199
198,168
199,201
200,188
201,213
202,193
203,167
204,253
205,169
206,172
207,220
208,222
209,116
210,142
211,191
212,242
213,237
214,109
215,195
216,218
217,197
218,238
219,165
220,140
221,226
222,203
223,96
224,224
225,252
226,243
227,189
228,222
229,229
230,158
231,170
232,240
233,213
234,192
235,203
236,160
237,214
238,123
239,230
240,225
241,186
242,244
243,184
244,243
245,206
246,231
247,251
248,212
249,212
250,186
251,146
252,203
253,198
254,226
255,248
256,254
257,210
258,181
259,198
260,155
261,207
262,233
263,73
264,216
265,220
266,170
267,146
268,222
269,175
270,190
271,206
272,196
273,252
274,210
275,203
276,221
277,111
278,247
279,180
280,135
281,220
282,227
283,204
284,145
285,220
286,186
287,216
288,212
289,208
290,189
291,227
292,186
293,106
294,192
295,153
296,102
297,92
298,88
299,220
300,174
301,192
302,242
303,139
304,230
305,227
306,160
307,217
308,218
309,249
310,217
311,172
312,177
313,247
314,254
315,180
316,113
317,164
318,230
319,191
320,220
321,85
322,179
323,221
324,192
325,229
326,155
327,247
328,217
329,43
330,231
331,252
332,62
333,219
334,223
335,232
336,173
337,209
338,228
339,129
340,130
341,251
342,237
343,208
344,173
345,175
346,153
347,130
348,16
349,49
350,106
351,185
352,156
353,154
354,206
355,208
356,200
357,217
358,218
359,142
360,212
361,200
362,203
363,160
364,237
365,200
366,205
367,238
368,240
369,29
370,198
371,209
372,70
373,172
374,251
375,148
376,207
377,237
378,129
379,217
380,191
381,127
382,145
383,222
384,191
385,250
386,202
387,117
388,185
389,234
390,241
391,187
392,242
393,153
394,164
395,0
396,216
397,215
398,161
399,230
400,76
401,170
402,215
403,181
404,154
405,219
406,224
407,69
408,197
409,232
410,202
411,135
412,231
413,249
414,212
415,115
416,135
417,73
418,219
419,144
420,226
421,209
422,211
423,246
424,207
425,238
426,230
427,125
428,159
429,180
430,230
431,236
432,193
433,244
434,196
435,161
436,156
437,217
438,192
439,227
440,193
441,144
442,199
443,183
444,176
445,176
446,22
447,207
448,128
449,227
450,101
451,174
452,197
453,171
454,234
455,220
456,207
457,245
458,216
459,254
460,233
461,246
462,249
463,178
464,222
465,159
466,179
467,180
468,157
469,154
470,121
471,197
472,201
473,176
474,186
475,234
476,215
477,182
478,226
479,111
480,175
481,239
482,246
483,244
484,142
485,171
486,222
487,63
488,161
489,233
490,180
491,146
492,206
493,30
494,179
495,169
496,243
497,218
498,243
499,241
500,196
501,188
502,247
503,247
504,152
505,235
506,162
507,201
508,147
509,57
510,227
511,230
512,223
513,250
514,169
515,238
516,193
517,200
518,118
519,222
520,44
521,222
522,185
523,86
524,189
525,220
526,220
527,229
528,221
529,226
530,188
531,215
532,138
533,193
534,249
535,63
536,229
537,232
538,130
539,144
540,170
541,243
542,219
543,197
544,234
545,168
546,181
547,127
548,132
549,256
550,171
551,153
552,225
553,166
554,106
555,212
556,0
557,234
558,154
559,180
560,151
561,197
562,192
563,121
564,222
565,184
566,233
567,254
568,215
569,245
570,217
571,130
572,216
573,235
574,195
575,200
576,227
577,112
578,231
579,255
580,160
581,74
582,209
583,250
584,247
585,128
586,193
587,217
588,158
589,101
590,232
591,230
592,250
593,133
594,178
595,230
596,243
597,247
598,168
599,240
600,167
601,212
602,129
603,221
604,178
605,161
606,182
607,166
608,205
609,114
610,230
611,250
612,182
613,249
614,27
615,250
616,157
617,93
618,108
619,132
620,203
621,211
622,131
623,233
624,172
625,196
626,221
627,205
628,212
629,198
630,197
631,202
632,234
633,224
634,210
635,207
636,161
637,94
638,109
639,226
640,51
641,170
642,178
643,145
644,239
645,231
646,240
647,224
648,166
649,206
650,178
651,249
652,145
653,161
654,0
655,213
656,104
657,245
658,242
659,98
660,227
661,209
662,188
663,212
664,231
665,83
666,233
667,107
668,221
669,55
670,196
671,225
672,0
673,240
674,202
675,223
676,142
677,139
678,202
679,232
680,244
681,150
682,247
683,182
684,209
685,228
686,166
687,208
688,204
689,73
690,230
691,228
692,213
693,199
694,166
695,226
696,108
697,240
698,40
699,168
700,225
701,238
702,159
703,254
704,182
705,225
706,116
707,246
708,52
709,156
710,247
711,251
712,253
713,221
714,136
715,177
716,138
717,227
718,153
719,117
720,123
721,229
722,67
723,224
724,223
725,176
726,150
727,252
728,112
729,207
730,214
731,0
732,233
733,93
734,237
735,140
736,184
737,186
738,223
739,214
740,230
741,222
742,61
743,111
744,193
745,150
746,124
747,254
748,199
749,243
750,205
751,0
752,201
753,147
754,249
755,36
756,232
757,210
758,202
759,235
760,192
761,119
762,216
763,224
764,187
765,242
766,166
767,203
768,154
769,228
770,174
771,216
772,158
773,234
774,196
775,142
776,192
777,229
778,211
779,64
780,216
781,185
782,94
783,242
784,215
785,251
786,237
787,124
788,63
789,228
790,252
791,111
792,182
793,238
794,201
795,213
796,156
797,204
798,236
799,256
800,161
801,240
802,217
803,151
804,180
805,227
806,247
807,209
808,252
809,221
810,227
811,57
812,186
813,234
814,189
815,211
816,206
817,129
818,60
819,215
820,251
821,220
822,0
823,219
824,231
825,197
826,209
827,235
828,198
829,239
830,153
831,192
832,216
833,102
834,189
835,94
836,163
837,119
838,179
839,164
840,234
841,235
842,235
843,222
844,207
845,238
846,96
847,211
848,233
849,174
850,215
851,172
852,182
853,242
854,182
855,109
856,79
857,247
858,189
859,117
860,237
861,208
862,189
863,223
864,179
865,148
866,220
867,241
868,185
869,227
870,198
871,234
872,218
873,192
874,243
875,237
876,216
877,216
878,204
879,203
880,228
881,166
882,0
883,230
884,189
885,224
886,169
887,231
888,193
889,98
890,250
891,226
892,206
893,189
894,179
895,251
896,238
897,228
898,136
899,185
900,167
901,209
902,203
903,159
904,104
905,201
906,116
907,54
908,194
909,235
910,230
911,207
912,70
913,180
914,244
915,224
916,151
917,179
918,164
919,208
920,212
921,182
922,189
923,241
924,251
925,191
926,231
927,149
928,241
929,234
930,232
931,234
932,158
933,239
934,172
935,232
936,229
937,146
938,32
939,251
940,237
941,205
942,105
943,165
944,212
945,240
946,220
947,181
948,164
949,256
950,167
951,241
952,162
953,234
954,244
955,158
956,236
957,245
958,213
959,197
960,223
961,247
962,250
963,174
964,186
965,204
966,246
967,251
968,225
969,171
970,213
971,115
972,189
973,129
974,164
975,159
976,224
977,177
978,226
979,236
980,143
981,255
982,171
983,229
984,241
985,92
986,0
987,234
988,154
989,185
990,156
991,154
992,143
993,243
994,196
995,171
996,203
997,219
998,196
999,252
1000,241
1001,200
1002,242
1003,83
1004,188
1005,193
1006,211
1007,203
1008,144
1009,132
1010,107
1011,187
1012,248
1013,217
1014,233
1015,209
1016,217
1017,231
1018,189
1019,231
1020,215
1021,131
1022,242
1023,180
1024,138
1025,254
1026,68
1027,226
1028,247
1029,199
1030,183
1031,118
1032,109
1033,245
1034,183
1035,248
1036,90
1037,56
1038,191
1039,98
1040,191
1041,180
1042,172
1043,209
1044,144
1045,222
1046,189
1047,187
1048,159
1049,138
1050,226
1051,253
1052,216
1053,115
1054,131
1055,137
1056,185
1057,244
1058,121
1059,202
1060,227
1061,140
1062,216
1063,224
1064,205
1065,232
1066,66
1067,220
1068,226
1069,251
1070,252
1071,186
1072,126
1073,215
1074,68
1075,248
1076,233
1077,247
1078,215
1079,247
1080,158
1081,210
1082,159
1083,185
1084,215
1085,180
1086,180
1087,180
1088,171
1089,191
1090,116
1091,198
1092,50
1093,100
1094,116
1095,221
1096,114
1097,113
1098,142
1099,206
1100,221
1101,237
1102,143
1103,169
1104,236
1105,185
1106,192
1107,250
1108,240
1109,225
1110,253
1111,231
1112,247
1113,241
1114,138
1115,211
1116,192
1117,149
1118,190
1119,196
1120,227
1121,146
1122,175
1123,145
1124,163
1125,239
1126,19
1127,189
1128,124
1129,213
1130,246
1131,256
1132,229
1133,235
1134,62
1135,210
1136,177
1137,191
1138,200
1139,131
1140,227
1141,237
1142,236
1143,140
1144,101
1145,180
1146,182
1147,193
1148,178
1149,155
1150,196
1151,241
1152,89
1153,210
1154,242
1155,160
1156,253
1157,232
1158,218
1159,243
1160,187
1161,227
1162,181
1163,224
1164,133
1165,134
1166,237
1167,195
1168,179
1169,174
1170,242
1171,170
1172,184
1173,213
1174,184
1175,235
1176,135
1177,227
1178,213
1179,243
1180,110
1181,164
1182,161
1183,226
1184,153
1185,243
1186,256
1187,103
1188,186
1189,219
1190,239
1191,232
1192,205
1193,251
1194,247
1195,228
1196,156
1197,195
1198,162
1199,16
1200,126
1201,255
1202,223
1203,230
1204,76
1205,232
1206,224
1207,219
1208,167
1209,234
1210,202
1211,189
1212,209
1213,45
1214,248
1215,0
1216,228
1217,0
1218,191
1219,242
1220,246
1221,162
1222,93
1223,220
1224,159
1225,111
1226,207
1227,175
1228,65
1229,166
1230,173
1231,170
1232,157
1233,237
1234,97
1235,99
1236,123
1237,127
1238,223
1239,245
1240,192
1241,221
1242,189
1243,216
1244,176
1245,74
1246,254
1247,241
1248,187
1249,212
1250,180
1251,178
1252,187
1253,245
1254,218
1255,202
1256,223
1257,167
1258,222
1259,244
1260,238
1261,238
1262,108
1263,251
1264,203
1265,186
1266,177
1267,214
1268,199
1269,239
1270,168
1271,217
1272,220
1273,227
1274,110
1275,185
1276,117
1277,226
1278,212
1279,209
1280,171
1281,190
1282,137
1283,183
1284,242
1285,72
1286,184
1287,51
1288,172
1289,227
1290,148
1291,77
1292,167
1293,112
1294,225
1295,181
1296,235
1297,236
1298,173
1299,250
1300,39
1301,236
1302,220
1303,196
1304,214
1305,97
1306,130
1307,203
1308,123
1309,170
1310,210
1311,187
1312,200
1313,150
1314,220
1315,256
1316,221
1317,186
1318,182
1319,93
1320,190
1321,112
1322,210
1323,245
1324,61
1325,176
1326,186
1327,246
1328,195
1329,222
1330,201
1331,188
1332,255
1333,222
1334,241
1335,178
1336,179
1337,103
1338,214
1339,181
1340,246
1341,253
1342,205
1343,202
1344,229
1345,215
1346,199
1347,254
1348,168
1349,180
1350,228
1351,241
1352,153
1353,231
1354,236
1355,76
1356,170
1357,142
1358,176
1359,86
1360,233
1361,242
1362,217
1363,187
1364,162
1365,179
1366,106
1367,233
1368,184
1369,234
1370,240
1371,182
1372,252
1373,202
1374,192
1375,207
1376,207
1377,211
1378,34
1379,182
1380,210
1381,213
1382,190
1383,233
1384,67
1385,157
1386,139
1387,204
1388,70
1389,247
1390,221
1391,214
1392,120
1393,240
1394,218
1395,226
1396,200
1397,240
1398,154
1399,194
1400,151
1401,221
1402,149
1403,182
1404,167
1405,174
1406,255
1407,0
1408,136
1409,116
1410,204
1411,229
1412,232
1413,229
1414,193
1415,231
1416,85
1417,227
1418,148
1419,29
1420,228
1421,218
1422,191
1423,256
1424,165
1425,185
1426,242
1427,133
1428,144
1429,180
1430,230
1431,113
1432,164
1433,229
1434,172
1435,154
1436,243
1437,235
1438,111
1439,228
1440,208
1441,245
1442,151
1443,246
1444,162
1445,247
1446,230
1447,201
1448,218
1449,181
1450,197
1451,156
1452,240
1453,147
1454,228
1455,224
1456,241
1457,182
1458,208
1459,191
1460,66
1461,189
1462,233
1463,199
1464,48
1465,221
1466,249
1467,220
1468,139
1469,208
1470,115
1471,244
1472,222
1473,217
1474,0
1475,184
1476,188
1477,197
1478,181
1479,210
1480,206
1481,20
1482,230
1483,103
1484,204
1485,208
1486,192
1487,251
1488,179
1489,222
1490,171
1491,250
1492,197
1493,251
1494,163
1495,235
1496,230
1497,199
1498,156
1499,203
1500,92
1501,202
1502,134
1503,161
1504,158
1505,139
1506,61
1507,225
1508,242
1509,176
1510,101
1511,241
1512,91
1513,172
1514,225
1515,154
1516,184
1517,203
1518,231
1519,205
1520,200
1521,218
1522,244
1523,249
1524,160
1525,222
1526,230
1527,176
1528,186
1529,171
1530,167
1531,224
1532,138
1533,0
1534,160
1535,201
1536,219
1537,168
1538,152
1539,235
1540,188
1541,247
1542,249
1543,219
1544,201
1545,112
1546,240
1547,165
1548,132
1549,152
1550,159
1551,137
1552,229
1553,224
1554,96
1555,232
1556,74
1557,211
1558,219
1559,168
1560,201
1561,186
1562,254
1563,201
1564,243
1565,145
1566,236
1567,234
1568,214
1569,170
1570,245
1571,242
1572,190
1573,219
1574,183
1575,195
1576,186
1577,231
1578,187
1579,239
1580,234
1581,234
1582,170
1583,203
1584,112
1585,148
1586,239
1587,227
1588,227
1589,198
1590,241
1591,200
1592,162
1593,173
1594,172
1595,241
1596,219
1597,152
1598,190
1599,160
1600,186
1601,175
1602,201
1603,199
1604,192
1605,241
1606,78
1607,226
1608,127
1609,198
1610,113
1611,218
1612,254
1613,203
1614,222
1615,216
1616,157
1617,141
1618,179
1619,211
1620,232
1621,125
1622,207
1623,204
1624,166
1625,183
1626,130
1627,206
1628,234
1629,127
1630,235
1631,237
1632,192
1633,219
1634,87
1635,199
1636,182
1637,194
1638,104
1639,142
1640,180
1641,208
1642,243
1643,83
1644,169
1645,251
1646,124
1647,221
1648,232
1649,208
1650,240
1651,225
1652,156
1653,189
1654,55
1655,241
1656,123
1657,237
1658,95
1659,173
1660,188
1661,249
1662,166
1663,137
1664,178
1665,239
1666,121
1667,194
1668,215
1669,104
1670,224
1671,123
1672,213
1673,74
1674,220
1675,204
1676,215
1677,219
1678,224
1679,15
1680,145
1681,223
1682,224
1683,165
1684,183
1685,195
1686,234
1687,226
1688,246
1689,210
1690,228
1691,69
1692,155
1693,158
1694,173
1695,90
1696,210
1697,125
1698,225
1699,202
1700,227
1701,250
1702,251
1703,242
1704,256
1705,202
1706,246
1707,256
1708,230
1709,236
1710,202
1711,217
1712,201
1713,159
1714,114
1715,178
1716,133
1717,192
1718,225
1719,193
1720,222
1721,182
1722,210
1723,58
1724,256
1725,222
1726,196
1727,224
1728,220
1729,230
1730,164
1731,214
1732,219
1733,51
1734,146
1735,62
1736,210
1737,252
1738,172
1739,242
1740,203
1741,116
1742,255
1743,191
1744,185
1745,153
1746,187
1747,216
1748,215
1749,173
1750,227
1751,129
1752,155
1753,225
1754,245
1755,209
1756,217
1757,182
1758,230
1759,209
1760,9
1761,28
1762,247
1763,200
1764,192
1765,52
1766,250
1767,195
1768,158
1769,226
1770,0
1771,211
1772,67
1773,171
1774,104
1775,170
1776,143
1777,230
1778,113
1779,167
1780,254
1781,75
1782,206
1783,208
1784,149
1785,188
1786,183
1787,239
1788,185
1789,248
1790,128
1791,42
1792,86
1793,190
1794,1
1795,100
1796,206
1797,45
1798,151
1799,201
1800,194
1801,198
1802,177
1803,93
1804,124
1805,164
1806,95
1807,150
1808,200
1809,117
1810,168
1811,212
1812,227
1813,212
1814,176
1815,192
1816,144
1817,87
1818,84
1819,238
1820,211
1821,97
1822,207
1823,244
1824,210
1825,216
1826,232
1827,181
1828,185
1829,88
1830,118
1831,184
1832,202
1833,242
1834,79
1835,164
1836,221
1837,191
1838,213
1839,131
1840,228
1841,172
1842,245
1843,147
1844,247
1845,97
1846,133
1847,215
1848,68
1849,181
1850,230
1851,57
1852,220
1853,197
1854,156
1855,201
1856,185
1857,223
1858,239
1859,184
1860,176
1861,196
1862,148
1863,181
1864,197
1865,207
1866,183
1867,252
1868,191
1869,231
1870,194
1871,149
1872,36
1873,198
1874,211
1875,237
1876,71
1877,202
1878,239
1879,179
1880,160
1881,93
1882,217
1883,163
1884,246
1885,72
1886,87
1887,247
1888,155
1889,161
1890,230
1891,151
1892,138
1893,218
1894,253
1895,222
1896,198
1897,216
1898,197
1899,148
1900,190
1901,243
1902,208
1903,182
1904,204
1905,198
1906,219
1907,216
1908,195
1909,147
1910,197
1911,220
1912,199
1913,94
1914,137
1915,164
1916,222
1917,200
1918,106
1919,176
1920,234
1921,218
1922,229
1923,207
1924,61
1925,192
1926,215
1927,154
1928,173
1929,192
1930,152
1931,255
1932,234
1933,230
1934,205
1935,241
1936,197
1937,212
1938,59
1939,143
1940,161
1941,231
1942,208
1943,169
1944,247
1945,204
1946,124
1947,205
1948,244
1949,100
1950,163
1951,144
1952,186
1953,49
1954,236
1955,102
1956,190
1957,236
1958,152
1959,145
1960,145
1961,113
1962,160
1963,104
1964,78
1965,182
1966,208
1967,199
1968,243
1969,255
1970,242
1971,252
1972,208
1973,163
1974,223
1975,85
1976,191
1977,231
1978,192
1979,242
1980,205
1981,228
1982,220
1983,230
1984,217
1985,100
1986,243
1987,203
1988,241
1989,202
1990,239
1991,195
1992,241
1993,131
1994,56
1995,212
1996,87
1997,196
1998,204
1999,208
2000,204
2001,218
2002,202
2003,208
2004,167
2005,189
2006,210
2007,226
2008,221
2009,223
2010,220
2011,234
2012,233
2013,233
2014,183
2015,162
2016,229
2017,220
2018,206
2019,226
2020,188
2021,233
2022,76
2023,220
2024,196
2025,242
2026,227
2027,142
2028,204
2029,107
2030,254
2031,229
2032,228
2033,236
2034,179
2035,226
2036,145
2037,133
2038,156
2039,198
2040,146
2041,233
2042,0
2043,161
2044,248
2045,135
2046,256
2047,245
2048,198
2049,152
2050,98
2051,157
2052,150
2053,222
2054,178
2055,227
2056,210
2057,220
2058,223
2059,216
2060,136
2061,227
2062,58
2063,0
2064,73
2065,237
2066,218
2067,156
2068,0
2069,95
2070,179
2071,208
2072,202
2073,224
2074,253
2075,244
2076,156
2077,146
2078,244
2079,153
2080,216
2081,232
2082,221
2083,199
2084,215
2085,88
2086,123
2087,176
2088,216
2089,238
2090,142
2091,254
2092,163
2093,238
2094,207
2095,188
2096,238
2097,191
2098,207
2099,132
2100,202
2101,243
2102,184
2103,156
2104,204
2105,146
2106,242
2107,219
2108,142
2109,242
2110,191
2111,219
2112,167
2113,184
2114,219
2115,233
2116,208
2117,239
2118,229
2119,247
2120,175
2121,45
2122,213
2123,147
2124,234
2125,223
2126,187
2127,184
2128,160
2129,166
2130,232
2131,100
2132,152
2133,149
2134,141
2135,191
2136,232
2137,125
2138,256
2139,213
2140,180
2141,231
2142,207
2143,233
2144,235
2145,227
2146,167
2147,171
2148,216
2149,216
2150,177
2151,254
2152,165
2153,232
2154,239
2155,244
2156,245
2157,218
2158,195
2159,167
2160,105
2161,194
2162,11
2163,233
2164,234
2165,164
2166,232
2167,164
2168,195
2169,252
2170,230
2171,196
2172,84
2173,141
2174,174
2175,172
2176,236
2177,251
2178,210
2179,208
2180,256
2181,187
2182,181
2183,145
2184,155
2185,208
2186,128
2187,4
2188,209
2189,211
2190,164
2191,218
2192,147
2193,83
2194,243
2195,124
2196,129
2197,228
2198,123
2199,141
2200,173
2201,198
2202,239
2203,34
2204,167
2205,183
2206,242
2207,177
2208,167
2209,147
2210,157
2211,243
2212,136
2213,162
2214,226
2215,256
2216,215
2217,236
2218,217
2219,162
2220,182
2221,239
2222,222
2223,172
2224,59
2225,216
2226,217
2227,136
2228,152
2229,164
2230,243
2231,227
2232,100
2233,184
2234,157
2235,241
2236,129
2237,249
2238,216
2239,163
2240,164
2241,165
2242,193
2243,205
2244,128
2245,192
2246,164
2247,220
2248,222
2249,141
2250,229
2251,255
2252,135
2253,211
2254,250
2255,218
2256,138
2257,222
2258,171
2259,72
2260,207
2261,192
2262,233
2263,108
2264,241
2265,51
2266,215
2267,219
2268,0
2269,152
2270,147
2271,96
2272,250
2273,170
2274,233
2275,80
2276,256
2277,239
2278,153
2279,180
2280,219
2281,156
2282,171
2283,100
2284,252
2285,242
2286,123
2287,196
2288,234
2289,206
2290,198
2291,208
2292,244
2293,131
2294,178
2295,173
2296,171
2297,173
2298,249
2299,230
2300,196
2301,205
2302,247
2303,238
2304,227
2305,234
2306,181
2307,151
2308,193
2309,216
2310,182
2311,160
2312,247
2313,222
2314,251
2315,256
2316,181
2317,0
2318,111
2319,218
2320,215
2321,201
2322,242
2323,248
2324,245
2325,218
2326,146
2327,229
2328,33
2329,189
2330,170
2331,178
2332,188
2333,194
2334,227
2335,155
2336,169
2337,224
2338,215
2339,141
2340,235
2341,187
2342,256
2343,198
2344,201
2345,213
2346,234
2347,207
2348,242
2349,183
2350,193
2351,239
2352,25
2353,133
2354,158
2355,244
2356,229
2357,210
2358,210
2359,81
2360,222
2361,113
2362,116
2363,229
2364,223
2365,191
2366,157
2367,246
2368,104
2369,152
2370,245
2371,221
2372,134
2373,245
2374,234
2375,226
2376,225
2377,0
2378,252
2379,249
2380,212
2381,187
2382,137
2383,237
2384,237
2385,218
2386,155
2387,206
2388,231
2389,159
2390,235
2391,142
2392,165
2393,220
2394,132
2395,138
2396,167
2397,246
2398,178
2399,223
