0,186
1,189
2,177
3,226
4,192
5,141
6,192
7,234
8,230
9,139
10,137
11,223
12,203
13,190
14,221
15,167
16,231
17,194
18,242
19,240
20,242
21,114
22,173
23,202
24,239
25,227
26,112
27,122
28,212
29,171
30,80
31,185
32,200
33,234
34,225
35,219
36,236
37,224
38,206
39,231
40,197
41,251
42,204
43,111
44,224
45,210
46,167
47,239
48,155
49,164
50,204
51,223
52,106
53,214
54,182
55,186
56,192
57,191
58,223
59,246
60,231
61,136
62,178
63,212
64,204
65,220
66,250
67,242
68,191
69,159
70,184
71,204
72,182
73,230
74,228
75,163
76,219
77,53
78,199
79,165
80,232
81,233
82,135
83,180
84,220
85,215
86,167
87,188
88,134
89,200
90,193
91,236
92,205
93,171
94,157
95,210
96,192
97,188
98,246
99,181
100,256
101,245
102,187
103,89
104,248
105,211
106,216
107,217
108,165
109,45
110,147
111,193
112,204
113,203
114,246
115,194
116,203
117,234
118,228
119,230
120,154
121,223
122,114
123,77
124,191
125,206
126,233
127,113
128,210
129,157
130,163
131,220
132,223
133,233
134,177
135,184
136,196
137,201
138,114
139,156
140,252
141,234
142,222
143,140
144,134
145,185
146,180
147,194
148,196
149,216
150,149
151,207
152,220
153,192
154,178
155,235
156,249
157,175
158,61
159,130
160,231
161,195
162,215
163,135
164,248
165,102
166,136
167,180
168,176
169,251
170,211
171,170
172,191
173,140
174,242
175,175
176,214
177,212
178,239
179,35
180,153
181,92
182,198
183,225
184,187
185,208
186,215
187,158
188,136
189,233
190,244
191,216
192,142
193,253
194,180
195,235
196,177
197,205
198,196
199,202
200,174
201,201
202,191
203,211
204,253
205,172
206,166
207,204
208,208
209,152
210,175
211,181
212,241
213,226
214,114
215,177
216,204
217,199
218,241
219,186
220,134
221,237
222,187
223,183
224,218
225,252
226,226
227,181
228,226
229,217
230,184
231,170
232,236
233,207
234,192
235,217
236,147
237,210
238,161
239,224
240,223
241,171
242,244
243,189
244,246
245,238
246,231
247,251
248,204
249,215
250,163
251,131
252,202
253,203
254,233
255,248
256,254
257,224
258,185
259,176
260,137
261,184
262,230
263,94
264,217
265,210
266,151
267,151
268,190
269,203
270,188
271,202
272,189
273,252
274,195
275,199
276,231
277,167
278,250
279,167
280,148
281,206
282,212
283,209
284,154
285,222
286,180
287,215
288,218
289,208
290,161
291,231
292,188
293,121
294,208
295,156
296,121
297,94
298,142
299,224
300,185
301,194
302,238
303,192
304,223
305,215
306,149
307,216
308,200
309,242
310,228
311,172
312,167
313,248
314,249
315,156
316,101
317,187
318,239
319,194
320,231
321,140
322,160
323,202
324,209
325,228
326,146
327,243
328,204
329,141
330,226
331,251
332,166
333,209
334,226
335,227
336,190
337,219
338,217
339,117
340,102
341,248
342,235
343,194
344,169
345,176
346,137
347,94
348,48
349,147
350,98
351,169
352,162
353,150
354,203
355,222
356,213
357,229
358,218
359,123
360,205
361,183
362,209
363,144
364,233
365,190
366,205
367,241
368,239
369,155
370,192
371,194
372,137
373,160
374,251
375,130
376,205
377,230
378,137
379,221
380,210
381,108
382,140
383,210
384,174
385,252
386,196
387,111
388,196
389,227
390,243
391,169
392,228
393,181
394,183
395,56
396,218
397,212
398,171
399,235
400,135
401,170
402,215
403,158
404,167
405,207
406,220
407,123
408,211
409,229
410,184
411,140
412,223
413,250
414,201
415,128
416,172
417,129
418,200
419,108
420,225
421,203
422,230
423,247
424,204
425,237
426,222
427,106
428,166
429,180
430,230
431,223
432,222
433,249
434,185
435,174
436,161
437,228
438,202
439,224
440,205
441,128
442,185
443,201
444,180
445,185
446,62
447,189
448,124
449,222
450,85
451,203
452,203
453,198
454,203
455,216
456,200
457,246
458,196
459,248
460,229
461,243
462,248
463,185
464,226
465,183
466,176
467,185
468,187
469,163
470,106
471,169
472,194
473,159
474,185
475,247
476,226
477,174
478,221
479,146
480,131
481,244
482,237
483,248
484,148
485,175
486,227
487,133
488,160
489,232
490,168
491,161
492,194
493,65
494,169
495,140
496,228
497,220
498,228
499,240
500,165
501,206
502,216
503,248
504,148
505,243
506,136
507,210
508,151
509,65
510,218
511,230
512,218
513,251
514,171
515,233
516,186
517,203
518,124
519,231
520,81
521,220
522,178
523,89
524,194
525,205
526,224
527,222
528,224
529,226
530,179
531,211
532,110
533,175
534,250
535,118
536,214
537,214
538,114
539,112
540,215
541,242
542,211
543,208
544,224
545,162
546,168
547,149
548,137
549,256
550,175
551,134
552,223
553,176
554,85
555,202
556,20
557,232
558,146
559,202
560,177
561,215
562,191
563,102
564,220
565,174
566,253
567,254
568,209
569,246
570,207
571,115
572,236
573,234
574,197
575,191
576,229
577,182
578,218
579,255
580,198
581,96
582,186
583,252
584,245
585,118
586,202
587,205
588,197
589,97
590,224
591,231
592,249
593,137
594,159
595,228
596,241
597,248
598,168
599,236
600,160
601,201
602,126
603,220
604,165
605,151
606,154
607,186
608,198
609,123
610,218
611,246
612,196
613,250
614,48
615,253
616,163
617,118
618,144
619,135
620,194
621,205
622,137
623,225
624,170
625,171
626,226
627,201
628,212
629,158
630,196
631,199
632,231
633,217
634,210
635,192
636,177
637,96
638,80
639,219
640,49
641,180
642,200
643,160
644,230
645,227
646,238
647,230
648,186
649,204
650,169
651,249
652,156
653,135
654,43
655,205
656,170
657,249
658,237
659,176
660,219
661,201
662,186
663,188
664,216
665,108
666,225
667,107
668,227
669,146
670,184
671,220
672,116
673,231
674,202
675,210
676,148
677,146
678,188
679,225
680,240
681,145
682,245
683,158
684,208
685,221
686,156
687,185
688,206
689,68
690,245
691,230
692,202
693,208
694,127
695,228
696,177
697,240
698,6
699,169
700,214
701,220
702,152
703,254
704,184
705,224
706,110
707,246
708,102
709,147
710,247
711,241
712,251
713,220
714,127
715,179
716,180
717,222
718,168
719,103
720,187
721,221
722,100
723,213
724,215
725,177
726,134
727,253
728,48
729,187
730,213
731,121
732,233
733,106
734,236
735,145
736,164
737,201
738,207
739,175
740,226
741,202
742,162
743,133
744,185
745,188
746,135
747,255
748,196
749,241
750,162
751,118
752,204
753,133
754,248
755,111
756,234
757,200
758,178
759,226
760,188
761,110
762,218
763,227
764,181
765,240
766,160
767,194
768,115
769,195
770,160
771,226
772,146
773,219
774,202
775,145
776,181
777,223
778,207
779,110
780,224
781,181
782,128
783,241
784,209
785,250
786,236
787,108
788,81
789,213
790,252
791,92
792,198
793,238
794,189
795,238
796,163
797,165
798,226
799,256
800,148
801,231
802,216
803,139
804,164
805,234
806,228
807,193
808,247
809,208
810,202
811,140
812,190
813,229
814,197
815,200
816,210
817,154
818,152
819,189
820,253
821,208
822,0
823,212
824,220
825,196
826,178
827,233
828,194
829,226
830,191
831,203
832,196
833,164
834,156
835,175
836,181
837,107
838,153
839,171
840,231
841,223
842,237
843,231
844,205
845,231
846,125
847,191
848,221
849,165
850,211
851,194
852,199
853,248
854,145
855,178
856,67
857,245
858,176
859,138
860,227
861,194
862,189
863,219
864,176
865,186
866,212
867,237
868,148
869,222
870,172
871,226
872,212
873,220
874,237
875,239
876,193
877,222
878,197
879,231
880,246
881,154
882,30
883,237
884,182
885,223
886,144
887,225
888,224
889,85
890,248
891,205
892,199
893,198
894,160
895,254
896,236
897,221
898,181
899,157
900,138
901,190
902,210
903,150
904,114
905,193
906,105
907,12
908,192
909,232
910,240
911,192
912,90
913,210
914,243
915,207
916,139
917,171
918,149
919,193
920,200
921,187
922,208
923,235
924,231
925,158
926,220
927,139
928,237
929,219
930,233
931,235
932,169
933,235
934,182
935,244
936,237
937,150
938,60
939,247
940,232
941,204
942,124
943,195
944,199
945,234
946,204
947,156
948,171
949,256
950,195
951,235
952,173
953,231
954,246
955,155
956,234
957,241
958,208
959,210
960,204
961,250
962,249
963,145
964,185
965,200
966,247
967,252
968,212
969,163
970,216
971,133
972,171
973,143
974,166
975,161
976,222
977,149
978,226
979,234
980,196
981,255
982,166
983,225
984,241
985,102
986,6
987,235
988,157
989,177
990,138
991,133
992,165
993,222
994,198
995,171
996,204
997,222
998,199
999,250
1000,243
1001,180
1002,250
1003,112
1004,169
1005,174
1006,197
1007,190
1008,139
1009,96
1010,162
1011,153
1012,247
1013,202
1014,229
1015,206
1016,230
1017,222
1018,190
1019,214
1020,216
1021,110
1022,232
1023,171
1024,174
1025,253
1026,163
1027,221
1028,244
1029,201
1030,223
1031,131
1032,77
1033,250
1034,192
1035,246
1036,88
1037,67
1038,185
1039,153
1040,189
1041,174
1042,196
1043,211
1044,128
1045,192
1046,191
1047,188
1048,175
1049,156
1050,226
1051,245
1052,215
1053,181
1054,154
1055,139
1056,179
1057,242
1058,130
1059,198
1060,220
1061,156
1062,212
1063,214
1064,195
1065,220
1066,98
1067,216
1068,207
1069,243
1070,249
1071,171
1072,164
1073,202
1074,139
1075,253
1076,222
1077,240
1078,202
1079,244
1080,169
1081,221
1082,150
1083,191
1084,224
1085,194
1086,166
1087,166
1088,193
1089,182
1090,132
1091,199
1092,110
1093,118
1094,115
1095,223
1096,113
1097,163
1098,153
1099,185
1100,218
1101,234
1102,144
1103,197
1104,242
1105,181
1106,172
1107,250
1108,229
1109,230
1110,253
1111,216
1112,243
1113,238
1114,157
1115,193
1116,210
1117,151
1118,184
1119,187
1120,225
1121,177
1122,169
1123,172
1124,147
1125,234
1126,158
1127,181
1128,84
1129,195
1130,248
1131,256
1132,215
1133,234
1134,84
1135,195
1136,156
1137,165
1138,218
1139,91
1140,241
1141,238
1142,232
1143,119
1144,129
1145,190
1146,197
1147,217
1148,155
1149,162
1150,0
1151,247
1152,136
1153,209
1154,241
1155,146
1156,244
1157,224
1158,219
1159,244
1160,181
1161,223
1162,212
1163,230
1164,129
1165,199
1166,246
1167,188
1168,161
1169,156
1170,235
1171,195
1172,187
1173,199
1174,185
1175,222
1176,124
1177,219
1178,177
1179,227
1180,112
1181,217
1182,182
1183,192
1184,177
1185,234
1186,256
1187,79
1188,39
1189,235
1190,230
1191,234
1192,189
1193,250
1194,247
1195,236
1196,154
1197,179
1198,166
1199,118
1200,96
1201,255
1202,216
1203,234
1204,108
1205,234
1206,214
1207,228
1208,134
1209,226
1210,208
1211,191
1212,202
1213,60
1214,241
1215,0
1216,222
1217,0
1218,182
1219,236
1220,238
1221,174
1222,133
1223,235
1224,124
1225,51
1226,181
1227,202
1228,56
1229,161
1230,159
1231,167
1232,174
1233,245
1234,110
1235,92
1236,157
1237,100
1238,195
1239,246
1240,173
1241,222
1242,205
1243,207
1244,169
1245,112
1246,254
1247,240
1248,197
1249,205
1250,180
1251,206
1252,190
1253,244
1254,217
1255,209
1256,214
1257,164
1258,212
1259,244
1260,231
1261,238
1262,198
1263,251
1264,201
1265,198
1266,189
1267,216
1268,179
1269,239
1270,206
1271,225
1272,218
1273,227
1274,106
1275,167
1276,134
1277,208
1278,219
1279,197
1280,161
1281,188
1282,130
1283,201
1284,243
1285,98
1286,173
1287,63
1288,183
1289,191
1290,125
1291,143
1292,202
1293,104
1294,224
1295,183
1296,234
1297,232
1298,174
1299,250
1300,111
1301,238
1302,216
1303,208
1304,200
1305,171
1306,107
1307,191
1308,144
1309,155
1310,190
1311,206
1312,220
1313,188
1314,218
1315,256
1316,230
1317,171
1318,161
1319,130
1320,172
1321,124
1322,192
1323,235
1324,58
1325,167
1326,171
1327,251
1328,172
1329,223
1330,186
1331,175
1332,255
1333,206
1334,241
1335,168
1336,206
1337,136
1338,198
1339,203
1340,244
1341,253
1342,192
1343,206
1344,223
1345,222
1346,208
1347,253
1348,170
1349,181
1350,225
1351,240
1352,173
1353,220
1354,232
1355,96
1356,156
1357,123
1358,191
1359,45
1360,235
1361,230
1362,218
1363,170
1364,153
1365,182
1366,72
1367,223
1368,161
1369,230
1370,240
1371,192
1372,253
1373,170
1374,213
1375,171
1376,194
1377,216
1378,50
1379,172
1380,188
1381,172
1382,174
1383,234
1384,74
1385,155
1386,186
1387,195
1388,116
1389,246
1390,216
1391,197
1392,150
1393,241
1394,213
1395,219
1396,177
1397,242
1398,133
1399,222
1400,141
1401,203
1402,202
1403,175
1404,176
1405,151
1406,254
1407,0
1408,148
1409,136
1410,196
1411,230
1412,228
1413,241
1414,189
1415,228
1416,94
1417,225
1418,163
1419,41
1420,225
1421,229
1422,221
1423,256
1424,184
1425,210
1426,232
1427,169
1428,170
1429,158
1430,238
1431,160
1432,168
1433,233
1434,200
1435,156
1436,237
1437,228
1438,132
1439,218
1440,209
1441,247
1442,169
1443,251
1444,181
1445,234
1446,229
1447,223
1448,221
1449,176
1450,186
1451,159
1452,232
1453,142
1454,230
1455,234
1456,241
1457,173
1458,212
1459,177
1460,130
1461,193
1462,227
1463,212
1464,69
1465,214
1466,248
1467,241
1468,161
1469,178
1470,108
1471,236
1472,226
1473,213
1474,0
1475,198
1476,145
1477,226
1478,157
1479,208
1480,215
1481,0
1482,232
1483,91
1484,197
1485,195
1486,183
1487,247
1488,168
1489,219
1490,186
1491,251
1492,178
1493,250
1494,173
1495,235
1496,217
1497,195
1498,150
1499,197
1500,70
1501,197
1502,120
1503,175
1504,164
1505,128
1506,130
1507,217
1508,246
1509,172
1510,89
1511,237
1512,118
1513,149
1514,208
1515,174
1516,181
1517,194
1518,232
1519,200
1520,198
1521,212
1522,238
1523,249
1524,139
1525,209
1526,224
1527,174
1528,164
1529,177
1530,146
1531,218
1532,124
1533,0
1534,186
1535,200
1536,233
1537,174
1538,183
1539,233
1540,168
1541,248
1542,239
1543,216
1544,180
1545,168
1546,241
1547,151
1548,140
1549,164
1550,137
1551,105
1552,216
1553,225
1554,111
1555,227
1556,64
1557,205
1558,211
1559,172
1560,168
1561,171
1562,254
1563,187
1564,239
1565,154
1566,241
1567,231
1568,213
1569,171
1570,246
1571,243
1572,212
1573,231
1574,201
1575,190
1576,183
1577,239
1578,195
1579,220
1580,220
1581,240
1582,180
1583,195
1584,150
1585,189
1586,236
1587,236
1588,225
1589,188
1590,227
1591,183
1592,176
1593,151
1594,176
1595,240
1596,198
1597,141
1598,191
1599,192
1600,172
1601,170
1602,202
1603,228
1604,192
1605,243
1606,143
1607,227
1608,137
1609,189
1610,119
1611,234
1612,254
1613,207
1614,228
1615,179
1616,161
1617,156
1618,196
1619,218
1620,210
1621,100
1622,170
1623,188
1624,156
1625,188
1626,179
1627,197
1628,217
1629,178
1630,236
1631,234
1632,191
1633,204
1634,167
1635,189
1636,186
1637,205
1638,153
1639,164
1640,167
1641,207
1642,241
1643,110
1644,156
1645,243
1646,129
1647,227
1648,221
1649,201
1650,240
1651,198
1652,113
1653,180
1654,87
1655,239
1656,113
1657,188
1658,75
1659,191
1660,179
1661,242
1662,185
1663,128
1664,184
1665,242
1666,103
1667,168
1668,201
1669,142
1670,215
1671,123
1672,219
1673,48
1674,202
1675,189
1676,212
1677,222
1678,201
1679,75
1680,117
1681,217
1682,218
1683,159
1684,177
1685,209
1686,226
1687,216
1688,243
1689,198
1690,228
1691,85
1692,148
1693,166
1694,165
1695,87
1696,229
1697,141
1698,212
1699,200
1700,216
1701,251
1702,249
1703,243
1704,256
1705,189
1706,234
1707,256
1708,230
1709,224
1710,213
1711,214
1712,170
1713,187
1714,138
1715,181
1716,163
1717,201
1718,215
1719,185
1720,222
1721,167
1722,203
1723,111
1724,256
1725,219
1726,188
1727,216
1728,206
1729,229
1730,145
1731,214
1732,216
1733,89
1734,128
1735,15
1736,204
1737,246
1738,174
1739,245
1740,208
1741,90
1742,254
1743,176
1744,172
1745,149
1746,158
1747,214
1748,213
1749,133
1750,214
1751,169
1752,156
1753,216
1754,244
1755,199
1756,199
1757,201
1758,229
1759,211
1760,99
1761,71
1762,249
1763,208
1764,204
1765,64
1766,250
1767,187
1768,141
1769,219
1770,6
1771,187
1772,58
1773,165
1774,92
1775,157
1776,120
1777,228
1778,107
1779,165
1780,252
1781,125
1782,205
1783,182
1784,95
1785,168
1786,211
1787,231
1788,190
1789,248
1790,192
1791,99
1792,83
1793,187
1794,113
1795,94
1796,226
1797,135
1798,159
1799,195
1800,136
1801,196
1802,185
1803,130
1804,162
1805,168
1806,77
1807,178
1808,204
1809,167
1810,152
1811,207
1812,216
1813,211
1814,169
1815,168
1816,148
1817,157
1818,112
1819,237
1820,215
1821,200
1822,201
1823,231
1824,212
1825,198
1826,224
1827,184
1828,173
1829,75
1830,124
1831,188
1832,196
1833,242
1834,119
1835,185
1836,218
1837,196
1838,215
1839,141
1840,224
1841,157
1842,243
1843,154
1844,252
1845,44
1846,123
1847,225
1848,111
1849,180
1850,239
1851,117
1852,205
1853,185
1854,130
1855,192
1856,158
1857,210
1858,236
1859,201
1860,164
1861,184
1862,116
1863,153
1864,187
1865,200
1866,171
1867,253
1868,198
1869,207
1870,186
1871,205
1872,80
1873,188
1874,222
1875,233
1876,148
1877,220
1878,242
1879,177
1880,138
1881,79
1882,212
1883,176
1884,246
1885,132
1886,91
1887,242
1888,152
1889,171
1890,224
1891,159
1892,120
1893,210
1894,253
1895,192
1896,197
1897,221
1898,197
1899,207
1900,180
1901,241
1902,198
1903,167
1904,195
1905,194
1906,214
1907,212
1908,185
1909,138
1910,197
1911,219
1912,217
1913,132
1914,122
1915,166
1916,232
1917,202
1918,90
1919,155
1920,231
1921,206
1922,235
1923,191
1924,142
1925,215
1926,223
1927,159
1928,172
1929,208
1930,156
1931,255
1932,222
1933,216
1934,177
1935,251
1936,193
1937,195
1938,105
1939,142
1940,168
1941,219
1942,211
1943,166
1944,246
1945,180
1946,129
1947,173
1948,244
1949,94
1950,155
1951,154
1952,186
1953,118
1954,237
1955,134
1956,186
1957,224
1958,176
1959,155
1960,159
1961,115
1962,172
1963,159
1964,80
1965,163
1966,216
1967,210
1968,245
1969,255
1970,233
1971,251
1972,190
1973,158
1974,224
1975,174
1976,216
1977,220
1978,205
1979,245
1980,185
1981,232
1982,231
1983,236
1984,212
1985,160
1986,243
1987,206
1988,233
1989,200
1990,239
1991,184
1992,236
1993,174
1994,62
1995,202
1996,89
1997,179
1998,173
1999,196
2000,192
2001,216
2002,207
2003,215
2004,157
2005,181
2006,203
2007,222
2008,204
2009,225
2010,217
2011,226
2012,216
2013,215
2014,164
2015,162
2016,227
2017,205
2018,197
2019,219
2020,149
2021,226
2022,67
2023,220
2024,196
2025,227
2026,225
2027,128
2028,208
2029,93
2030,254
2031,219
2032,226
2033,235
2034,178
2035,226
2036,119
2037,152
2038,166
2039,199
2040,142
2041,219
2042,8
2043,176
2044,242
2045,112
2046,256
2047,247
2048,185
2049,161
2050,68
2051,157
2052,157
2053,222
2054,217
2055,228
2056,226
2057,217
2058,188
2059,204
2060,116
2061,224
2062,111
2063,107
2064,120
2065,226
2066,232
2067,134
2068,88
2069,94
2070,208
2071,216
2072,200
2073,219
2074,252
2075,242
2076,151
2077,137
2078,236
2079,140
2080,206
2081,222
2082,221
2083,192
2084,203
2085,145
2086,133
2087,164
2088,198
2089,239
2090,156
2091,254
2092,149
2093,233
2094,210
2095,186
2096,237
2097,187
2098,195
2099,147
2100,161
2101,243
2102,191
2103,165
2104,200
2105,72
2106,226
2107,217
2108,176
2109,238
2110,147
2111,206
2112,157
2113,182
2114,209
2115,234
2116,207
2117,246
2118,228
2119,245
2120,181
2121,118
2122,214
2123,142
2124,230
2125,239
2126,169
2127,193
2128,156
2129,173
2130,229
2131,173
2132,158
2133,181
2134,146
2135,179
2136,225
2137,164
2138,256
2139,193
2140,218
2141,225
2142,196
2143,228
2144,224
2145,217
2146,176
2147,183
2148,218
2149,207
2150,186
2151,254
2152,165
2153,180
2154,238
2155,236
2156,245
2157,218
2158,151
2159,193
2160,119
2161,187
2162,25
2163,243
2164,242
2165,160
2166,235
2167,175
2168,187
2169,244
2170,234
2171,190
2172,130
2173,139
2174,185
2175,197
2176,239
2177,250
2178,207
2179,214
2180,256
2181,184
2182,176
2183,146
2184,183
2185,196
2186,141
2187,67
2188,212
2189,174
2190,186
2191,210
2192,164
2193,86
2194,248
2195,116
2196,125
2197,226
2198,146
2199,144
2200,150
2201,203
2202,240
2203,33
2204,187
2205,147
2206,244
2207,160
2208,183
2209,134
2210,136
2211,239
2212,126
2213,156
2214,219
2215,256
2216,229
2217,239
2218,191
2219,180
2220,184
2221,231
2222,214
2223,172
2224,71
2225,224
2226,208
2227,111
2228,148
2229,162
2230,244
2231,226
2232,149
2233,200
2234,171
2235,231
2236,101
2237,246
2238,227
2239,153
2240,191
2241,205
2242,159
2243,192
2244,152
2245,191
2246,167
2247,212
2248,216
2249,172
2250,235
2251,255
2252,127
2253,200
2254,251
2255,224
2256,115
2257,223
2258,182
2259,46
2260,199
2261,206
2262,232
2263,107
2264,245
2265,102
2266,224
2267,221
2268,0
2269,167
2270,172
2271,68
2272,236
2273,155
2274,229
2275,152
2276,256
2277,219
2278,173
2279,162
2280,227
2281,172
2282,166
2283,84
2284,253
2285,211
2286,128
2287,225
2288,235
2289,230
2290,215
2291,207
2292,241
2293,130
2294,177
2295,139
2296,173
2297,141
2298,250
2299,203
2300,204
2301,213
2302,249
2303,241
2304,242
2305,240
2306,168
2307,158
2308,212
2309,197
2310,175
2311,129
2312,238
2313,221
2314,251
2315,256
2316,179
2317,56
2318,127
2319,210
2320,215
2321,210
2322,231
2323,245
2324,244
2325,212
2326,143
2327,225
2328,119
2329,184
2330,215
2331,166
2332,190
2333,180
2334,229
2335,181
2336,179
2337,233
2338,217
2339,149
2340,237
2341,142
2342,256
2343,211
2344,194
2345,207
2346,212
2347,217
2348,231
2349,223
2350,159
2351,238
2352,93
2353,148
2354,154
2355,247
2356,215
2357,210
2358,202
2359,43
2360,217
2361,84
2362,116
2363,220
2364,211
2365,163
2366,153
2367,246
2368,127
2369,150
2370,245
2371,214
2372,140
2373,246
2374,222
2375,230
2376,210
2377,9
2378,255
2379,248
2380,214
2381,184
2382,104
2383,233
2384,242
2385,201
2386,173
2387,215
2388,223
2389,155
2390,231
2391,143
2392,140
2393,199
2394,139
2395,148
2396,180
2397,246
2398,164
2399,226
