0,2
1,234
2,232
3,161
4,212
5,121
6,171
7,80
8,196
9,103
10,119
11,177
12,222
13,224
14,251
15,150
16,134
17,212
18,159
19,79
20,113
21,156
22,146
23,209
24,30
25,116
26,179
27,115
28,94
29,230
30,217
31,160
32,160
33,149
34,109
35,23
36,222
37,179
38,222
39,240
40,115
41,214
42,153
43,87
44,190
45,228
46,220
47,192
48,147
49,84
50,159
51,135
52,240
53,245
54,206
55,159
56,169
57,156
58,176
59,116
60,87
61,161
62,128
63,191
64,206
65,58
66,198
67,137
68,111
69,140
70,116
71,181
72,206
73,210
74,148
75,86
76,113
77,114
78,169
79,200
80,213
81,146
82,197
83,195
84,169
85,117
86,185
87,247
88,196
89,202
90,107
91,149
92,81
93,225
94,140
95,183
96,70
97,119
98,202
99,210
100,177
101,238
102,185
103,226
104,119
105,147
106,177
107,166
108,122
109,108
110,175
111,172
112,193
113,0
114,202
115,161
116,111
117,136
118,212
119,193
120,155
121,0
122,185
123,205
124,189
125,134
126,186
127,189
128,152
129,69
130,164
131,195
132,220
133,78
134,142
135,107
136,46
137,204
138,185
139,187
140,116
141,207
142,43
143,178
144,184
145,174
146,172
147,192
148,101
149,214
150,119
151,90
152,153
153,150
154,106
155,216
156,234
157,111
158,194
159,173
160,182
161,162
162,72
163,146
164,229
165,228
166,146
167,217
168,128
169,220
170,204
171,167
172,150
173,237
174,104
175,112
176,177
177,93
178,159
179,174
180,127
181,151
182,2
183,33
184,183
185,141
186,126
187,208
188,49
189,166
190,101
191,240
192,180
193,107
194,127
195,204
196,139
197,211
198,231
199,158
200,124
201,217
202,212
203,184
204,157
205,176
206,186
207,160
208,197
209,232
210,101
211,202
212,205
213,200
214,199
215,149
216,205
217,53
218,159
219,200
220,162
221,176
222,245
223,170
224,182
225,208
226,154
227,240
228,202
229,197
230,82
231,194
232,109
233,132
234,126
235,108
236,180
237,127
238,146
239,230
240,162
241,108
242,212
243,184
244,124
245,215
246,188
247,53
248,212
249,174
250,194
251,135
252,165
253,136
254,162
255,161
256,215
257,150
258,184
259,219
260,211
261,82
262,141
263,185
264,134
265,177
266,132
267,175
268,155
269,185
270,233
271,97
272,99
273,147
274,80
275,208
276,143
277,158
278,141
279,135
280,90
281,202
282,103
283,146
284,201
285,44
286,142
287,142
288,188
289,164
290,203
291,219
292,228
293,178
294,125
295,236
296,148
297,186
298,195
299,213
300,155
301,157
302,194
303,173
304,190
305,231
306,207
307,121
308,189
309,172
310,225
311,69
312,172
313,60
314,121
315,145
316,149
317,216
318,166
319,98
320,144
321,135
322,193
323,223
324,229
325,170
326,217
327,222
328,214
329,111
330,148
331,165
332,246
333,206
334,209
335,185
336,151
337,200
338,104
339,152
340,242
341,112
342,77
343,131
344,89
345,141
346,159
347,140
348,247
349,10
350,237
351,188
352,120
353,84
354,186
355,206
356,203
357,161
358,173
359,145
360,114
361,155
362,184
363,156
364,153
365,187
366,79
367,172
368,216
369,175
370,188
371,178
372,219
373,106
374,111
375,156
376,154
377,159
378,157
379,193
380,129
381,135
382,98
383,144
384,199
385,123
386,104
387,197
388,111
389,234
390,146
391,165
392,230
393,88
394,103
395,241
396,233
397,219
398,237
399,99
400,161
401,108
402,242
403,233
404,178
405,113
406,80
407,167
408,194
409,224
410,238
411,242
412,200
413,121
414,112
415,188
416,234
417,248
418,143
419,182
420,138
421,94
422,165
423,98
424,202
425,229
426,111
427,222
428,184
429,146
430,231
431,219
432,77
433,227
434,188
435,96
436,150
437,206
438,202
439,192
440,102
441,204
442,137
443,102
444,177
445,80
446,179
447,171
448,216
449,206
450,207
451,128
452,239
453,122
454,219
455,147
456,212
457,216
458,203
459,173
460,227
461,97
462,153
463,214
464,239
465,106
466,80
467,163
468,179
469,246
470,11
471,224
472,144
473,113
474,163
475,154
476,228
477,173
478,96
479,245
480,197
481,122
482,199
483,219
484,91
485,224
486,94
487,220
488,249
489,88
490,209
491,228
492,136
493,201
494,75
495,249
496,214
497,215
498,138
499,172
500,206
501,239
502,229
503,218
504,116
505,135
506,168
507,187
508,191
509,201
510,115
511,199
512,213
513,122
514,150
515,244
516,221
517,157
518,214
519,227
520,212
521,171
522,110
523,214
524,171
525,235
526,190
527,115
528,195
529,180
530,176
531,226
532,149
533,214
534,199
535,181
536,197
537,30
538,233
539,184
540,109
541,157
542,111
543,201
544,226
545,182
546,146
547,201
548,206
549,171
550,88
551,167
552,133
553,112
554,245
555,174
556,128
557,186
558,120
559,218
560,220
561,239
562,109
563,216
564,134
565,198
566,118
567,217
568,205
569,178
570,197
571,226
572,189
573,180
574,233
575,138
576,218
577,195
578,162
579,241
580,162
581,242
582,187
583,140
584,178
585,122
586,192
587,139
588,196
589,227
590,197
591,153
592,178
593,141
594,137
595,140
596,203
597,233
598,127
599,139
600,111
601,241
602,96
603,80
604,156
605,229
606,134
607,161
608,153
609,108
610,123
611,181
612,135
613,88
614,224
615,111
616,32
617,163
618,217
619,174
620,56
621,185
622,224
623,170
624,124
625,193
626,158
627,209
628,220
629,123
630,211
631,217
632,102
633,125
634,189
635,203
636,235
637,155
638,114
639,72
640,179
641,129
642,231
643,187
644,182
645,146
646,236
647,193
648,199
649,72
650,131
651,206
652,196
653,218
654,204
655,201
656,146
657,199
658,190
659,209
660,129
661,203
662,180
663,162
664,180
665,187
666,222
667,205
668,131
669,188
670,111
671,151
672,169
673,153
674,242
675,194
676,187
677,161
678,131
679,104
680,211
681,142
682,135
683,207
684,217
685,193
686,152
687,217
688,206
689,183
690,94
691,209
692,30
693,246
694,234
695,171
696,142
697,168
698,151
699,128
700,121
701,229
702,232
703,233
704,125
705,195
706,77
707,170
708,136
709,237
710,105
711,218
712,85
713,205
714,132
715,106
716,133
717,244
718,178
719,56
720,209
721,180
722,151
723,61
724,170
725,71
726,187
727,14
728,91
729,187
730,210
731,95
732,166
733,129
734,237
735,188
736,200
737,153
738,174
739,45
740,180
741,212
742,99
743,243
744,220
745,102
746,175
747,47
748,152
749,208
750,66
751,198
752,204
753,193
754,214
755,231
756,190
757,208
758,236
759,118
760,145
761,252
762,244
763,212
764,224
765,214
766,233
767,89
768,176
769,180
770,226
771,49
772,162
773,187
774,115
775,237
776,194
777,214
778,212
779,241
780,127
781,204
782,104
783,193
784,94
785,198
786,80
787,158
788,82
789,208
790,161
791,125
792,102
793,152
794,226
795,67
796,111
797,242
798,83
799,127
800,225
801,148
802,169
803,223
804,244
805,134
806,116
807,199
808,211
809,198
810,185
811,214
812,167
813,144
814,209
815,202
816,109
817,170
818,227
819,184
820,167
821,159
822,217
823,206
824,184
825,181
826,221
827,124
828,231
829,191
830,203
831,201
832,113
833,211
834,169
835,173
836,180
837,191
838,248
839,212
840,78
841,82
842,161
843,215
844,141
845,113
846,139
847,211
848,195
849,206
850,207
851,107
852,51
853,162
854,170
855,131
856,192
857,235
858,172
859,204
860,201
861,165
862,185
863,156
864,171
865,229
866,208
867,237
868,242
869,242
870,152
871,209
872,218
873,178
874,166
875,218
876,167
877,199
878,176
879,166
880,52
881,183
882,203
883,164
884,169
885,135
886,224
887,244
888,190
889,239
890,181
891,85
892,140
893,195
894,162
895,103
896,175
897,72
898,190
899,204
900,107
901,138
902,169
903,170
904,220
905,141
906,199
907,142
908,100
909,161
910,120
911,211
912,116
913,186
914,142
915,232
916,192
917,124
918,170
919,41
920,172
921,141
922,145
923,104
924,188
925,176
926,166
927,185
928,116
929,194
930,146
931,115
932,155
933,206
934,184
935,165
936,163
937,218
938,150
939,131
940,162
941,184
942,162
943,158
944,197
945,122
946,117
947,116
948,206
949,135
950,156
951,125
952,219
953,213
954,182
955,240
956,199
957,210
958,159
959,0
960,183
961,223
962,77
963,208
964,182
965,99
966,117
967,172
968,109
969,206
970,187
971,174
972,161
973,37
974,166
975,117
976,189
977,132
978,216
979,240
980,190
981,195
982,98
983,144
984,164
985,237
986,190
987,220
988,234
989,120
990,239
991,130
992,182
993,202
994,190
995,201
996,153
997,241
998,101
999,214
1000,214
1001,102
1002,151
1003,235
1004,216
1005,199
1006,60
1007,181
1008,178
1009,100
1010,223
1011,197
1012,171
1013,179
1014,179
1015,205
1016,256
1017,185
1018,213
1019,244
1020,112
1021,246
1022,116
1023,138
1024,123
1025,218
1026,202
1027,106
1028,191
1029,177
1030,225
1031,131
1032,34
1033,150
1034,171
1035,191
1036,215
1037,163
1038,211
1039,161
1040,192
1041,132
1042,203
1043,166
1044,116
1045,217
1046,178
1047,108
1048,224
1049,133
1050,135
1051,185
1052,177
1053,162
1054,143
1055,132
1056,239
1057,182
1058,143
1059,211
1060,218
1061,157
1062,199
1063,165
1064,200
1065,208
1066,152
1067,215
1068,236
1069,193
1070,224
1071,152
1072,98
1073,225
1074,241
1075,164
1076,216
1077,187
1078,160
1079,173
1080,204
1081,163
1082,175
1083,108
1084,210
1085,209
1086,172
1087,110
1088,195
1089,125
1090,220
1091,171
1092,207
1093,164
1094,219
1095,228
1096,68
1097,170
1098,208
1099,211
1100,185
1101,207
1102,232
1103,221
1104,140
1105,215
1106,207
1107,130
1108,219
1109,196
1110,159
1111,134
1112,87
1113,219
1114,223
1115,148
1116,217
1117,125
1118,152
1119,144
1120,205
1121,176
1122,155
1123,101
1124,170
1125,150
1126,244
1127,219
1128,173
1129,210
1130,179
1131,231
1132,162
1133,221
1134,169
1135,186
1136,185
1137,193
1138,250
1139,183
1140,233
1141,148
1142,193
1143,70
1144,149
1145,123
1146,0
1147,250
1148,139
1149,182
1150,61
1151,226
1152,172
1153,190
1154,153
1155,151
1156,150
1157,205
1158,200
1159,192
1160,143
1161,236
1162,81
1163,239
1164,139
1165,236
1166,200
1167,219
1168,229
1169,199
1170,167
1171,179
1172,206
1173,182
1174,225
1175,241
1176,203
1177,143
1178,247
1179,119
1180,185
1181,112
1182,115
1183,113
1184,222
1185,213
1186,186
1187,126
1188,50
1189,164
1190,208
1191,161
1192,222
1193,193
1194,228
1195,247
1196,177
1197,174
1198,140
1199,230
1200,144
1201,249
1202,135
1203,202
1204,163
1205,172
1206,130
1207,170
1208,137
1209,205
1210,183
1211,217
1212,196
1213,209
1214,83
1215,165
1216,91
1217,185
1218,144
1219,249
1220,198
1221,190
1222,56
1223,122
1224,170
1225,41
1226,244
1227,78
1228,158
1229,231
1230,99
1231,70
1232,156
1233,171
1234,110
1235,175
1236,185
1237,136
1238,138
1239,212
1240,178
1241,144
1242,117
1243,224
1244,234
1245,248
1246,213
1247,127
1248,239
1249,174
1250,238
1251,171
1252,179
1253,194
1254,110
1255,146
1256,190
1257,239
1258,164
1259,109
1260,166
1261,219
1262,75
1263,247
1264,170
1265,166
1266,53
1267,130
1268,239
1269,202
1270,230
1271,188
1272,192
1273,224
1274,243
1275,209
1276,163
1277,100
1278,205
1279,250
1280,164
1281,96
1282,236
1283,159
1284,157
1285,80
1286,181
1287,10
1288,166
1289,162
1290,234
1291,223
1292,96
1293,194
1294,137
1295,133
1296,230
1297,87
1298,175
1299,128
1300,241
1301,159
1302,221
1303,98
1304,185
1305,224
1306,220
1307,226
1308,44
1309,172
1310,154
1311,125
1312,106
1313,184
1314,183
1315,215
1316,78
1317,186
1318,138
1319,217
1320,139
1321,99
1322,178
1323,241
1324,61
1325,127
1326,169
1327,89
1328,136
1329,196
1330,152
1331,72
1332,134
1333,161
1334,147
1335,149
1336,145
1337,138
1338,36
1339,209
1340,128
1341,135
1342,219
1343,204
1344,138
1345,136
1346,247
1347,136
1348,190
1349,174
1350,187
1351,4
1352,165
1353,52
1354,197
1355,110
1356,212
1357,196
1358,186
1359,156
1360,176
1361,100
1362,183
1363,92
1364,241
1365,239
1366,167
1367,178
1368,133
1369,131
1370,197
1371,174
1372,113
1373,145
1374,232
1375,217
1376,94
1377,191
1378,105
1379,192
1380,213
1381,120
1382,210
1383,226
1384,219
1385,108
1386,235
1387,190
1388,42
1389,25
1390,86
1391,218
1392,171
1393,130
1394,199
1395,93
1396,131
1397,100
1398,187
1399,162
1400,184
1401,202
1402,160
1403,203
1404,220
1405,150
1406,203
1407,80
1408,106
1409,214
1410,171
1411,200
1412,212
1413,198
1414,198
1415,107
1416,157
1417,148
1418,242
1419,190
1420,162
1421,229
1422,248
1423,133
1424,102
1425,231
1426,34
1427,118
1428,154
1429,179
1430,52
1431,189
1432,201
1433,130
1434,137
1435,234
1436,171
1437,157
1438,240
1439,241
1440,205
1441,93
1442,143
1443,233
1444,155
1445,225
1446,127
1447,131
1448,185
1449,106
1450,102
1451,177
1452,195
1453,104
1454,229
1455,246
1456,186
1457,25
1458,133
1459,160
1460,189
1461,212
1462,88
1463,120
1464,114
1465,140
1466,178
1467,214
1468,227
1469,153
1470,66
1471,142
1472,122
1473,118
1474,183
1475,203
1476,190
1477,112
1478,218
1479,168
1480,185
1481,134
1482,240
1483,231
1484,194
1485,45
1486,242
1487,134
1488,238
1489,216
1490,168
1491,6
1492,218
1493,166
1494,251
1495,233
1496,237
1497,202
1498,217
1499,174
1500,148
1501,197
1502,195
1503,150
1504,116
1505,176
1506,133
1507,75
1508,170
1509,162
1510,104
1511,176
1512,152
1513,103
1514,160
1515,233
1516,189
1517,195
1518,189
1519,106
1520,185
1521,233
1522,167
1523,107
1524,135
1525,216
1526,193
1527,211
1528,195
1529,217
1530,136
1531,130
1532,144
1533,218
1534,124
1535,120
1536,138
1537,170
1538,145
1539,225
1540,160
1541,230
1542,47
1543,212
1544,152
1545,136
1546,172
1547,162
1548,62
1549,188
1550,33
1551,72
1552,153
1553,130
1554,192
1555,143
1556,127
1557,232
1558,191
1559,155
1560,227
1561,137
1562,222
1563,178
1564,151
1565,168
1566,108
1567,145
1568,238
1569,145
1570,199
1571,178
1572,241
1573,232
1574,136
1575,209
1576,145
1577,57
1578,98
1579,230
1580,188
1581,161
1582,82
1583,234
1584,171
1585,178
1586,198
1587,159
1588,194
1589,110
1590,222
1591,191
1592,190
1593,199
1594,176
1595,83
1596,159
1597,104
1598,114
1599,154
1600,223
1601,196
1602,152
1603,176
1604,239
1605,226
1606,202
1607,157
1608,233
1609,217
1610,252
1611,187
1612,192
1613,224
1614,164
1615,127
1616,237
1617,145
1618,181
1619,179
1620,187
1621,202
1622,238
1623,178
1624,205
1625,168
1626,167
1627,110
1628,230
1629,175
1630,178
1631,222
1632,202
1633,195
1634,185
1635,231
1636,186
1637,229
1638,76
1639,211
1640,219
1641,138
1642,180
1643,189
1644,200
1645,196
1646,209
1647,253
1648,254
1649,248
1650,230
1651,240
1652,188
1653,139
1654,136
1655,247
1656,195
1657,165
1658,241
1659,223
1660,231
1661,161
1662,201
1663,215
1664,153
1665,249
1666,144
1667,192
1668,9
1669,140
1670,204
1671,168
1672,247
1673,255
1674,194
1675,245
1676,210
1677,235
1678,201
1679,179
1680,225
1681,156
1682,214
1683,192
1684,156
1685,238
1686,154
1687,236
1688,241
1689,164
1690,118
1691,117
1692,224
1693,162
1694,126
1695,175
1696,192
1697,38
1698,219
1699,248
1700,106
1701,189
1702,166
1703,203
1704,220
1705,192
1706,231
1707,78
1708,120
1709,232
1710,191
1711,176
1712,109
1713,148
1714,44
1715,221
1716,217
1717,152
1718,99
1719,217
1720,170
1721,141
1722,188
1723,57
1724,91
1725,192
1726,239
1727,190
1728,179
1729,143
1730,145
1731,203
1732,151
1733,184
1734,132
1735,183
1736,110
1737,168
1738,179
1739,183
1740,105
1741,142
1742,140
1743,234
1744,250
1745,146
1746,125
1747,113
1748,183
1749,118
1750,90
1751,155
1752,134
1753,103
1754,170
1755,191
1756,194
1757,138
1758,234
1759,192
1760,106
1761,13
1762,226
1763,154
1764,207
1765,110
1766,68
1767,102
1768,234
1769,144
1770,197
1771,60
1772,147
1773,152
1774,104
1775,245
1776,233
1777,130
1778,117
1779,177
1780,194
1781,194
1782,87
1783,33
1784,171
1785,66
1786,106
1787,190
1788,205
1789,148
1790,237
1791,248
1792,188
1793,103
1794,198
1795,198
1796,154
1797,169
1798,212
1799,170
1800,169
1801,222
1802,225
1803,89
1804,223
1805,218
1806,132
1807,190
1808,169
1809,213
1810,124
1811,200
1812,170
1813,249
1814,149
1815,175
1816,173
1817,183
1818,158
1819,82
1820,143
1821,207
1822,170
1823,170
1824,187
1825,144
1826,136
1827,158
1828,177
1829,205
1830,192
1831,236
1832,209
1833,126
1834,94
1835,209
1836,136
1837,162
1838,214
1839,212
1840,220
1841,202
1842,179
1843,154
1844,159
1845,47
1846,56
1847,129
1848,218
1849,121
1850,193
1851,172
1852,201
1853,148
1854,186
1855,163
1856,139
1857,239
1858,181
1859,206
1860,229
1861,104
1862,151
1863,228
1864,246
1865,129
1866,102
1867,237
1868,99
1869,247
1870,240
1871,176
1872,182
1873,172
1874,217
1875,231
1876,161
1877,155
1878,163
1879,171
1880,238
1881,174
1882,239
1883,204
1884,146
1885,205
1886,203
1887,119
1888,128
1889,170
1890,238
1891,106
1892,252
1893,238
1894,197
1895,244
1896,114
1897,100
1898,159
1899,159
1900,96
1901,234
1902,47
1903,197
1904,194
1905,203
1906,66
1907,133
1908,237
1909,151
1910,171
1911,247
1912,189
1913,114
1914,117
1915,241
1916,237
1917,240
1918,227
1919,150
1920,199
1921,182
1922,242
1923,199
1924,69
1925,174
1926,211
1927,147
1928,107
1929,150
1930,53
1931,135
1932,247
1933,156
1934,84
1935,254
1936,204
1937,153
1938,163
1939,169
1940,114
1941,239
1942,243
1943,190
1944,126
1945,154
1946,224
1947,222
1948,226
1949,232
1950,177
1951,191
1952,202
1953,181
1954,130
1955,151
1956,210
1957,190
1958,199
1959,194
1960,221
1961,131
1962,117
1963,161
1964,73
1965,219
1966,228
1967,186
1968,175
1969,245
1970,123
1971,187
1972,225
1973,120
1974,187
1975,194
1976,186
1977,168
1978,191
1979,191
1980,157
1981,208
1982,231
1983,225
1984,180
1985,199
1986,213
1987,253
1988,222
1989,232
1990,140
1991,120
1992,239
1993,229
1994,142
1995,234
1996,75
1997,136
1998,226
1999,204
2000,141
2001,70
2002,140
2003,103
2004,175
2005,168
2006,216
2007,239
2008,18
2009,35
2010,247
2011,84
2012,229
2013,209
2014,112
2015,111
2016,166
2017,249
2018,186
2019,226
2020,239
2021,149
2022,191
2023,247
2024,172
2025,73
2026,206
2027,200
2028,137
2029,46
2030,223
2031,182
2032,27
2033,222
2034,131
2035,214
2036,230
2037,138
2038,241
2039,176
2040,205
2041,134
2042,156
2043,236
2044,117
2045,75
2046,230
2047,70
2048,65
2049,165
2050,215
2051,137
2052,138
2053,150
2054,240
2055,234
2056,22
2057,100
2058,202
2059,242
2060,168
2061,168
2062,163
2063,134
2064,197
2065,194
2066,212
2067,108
2068,123
2069,146
2070,207
2071,239
2072,107
2073,201
2074,203
2075,225
2076,226
2077,208
2078,146
2079,146
2080,196
2081,133
2082,109
2083,176
2084,218
2085,151
2086,188
2087,186
2088,206
2089,232
2090,162
2091,46
2092,232
2093,124
2094,164
2095,232
2096,169
2097,180
2098,157
2099,155
2100,107
2101,174
2102,165
2103,145
2104,216
2105,192
2106,185
2107,171
2108,165
2109,155
2110,229
2111,67
2112,73
2113,94
2114,92
2115,157
2116,74
2117,135
2118,97
2119,246
2120,200
2121,166
2122,165
2123,181
2124,244
2125,38
2126,124
2127,238
2128,190
2129,134
2130,164
2131,237
2132,81
2133,226
2134,129
2135,0
2136,170
2137,195
2138,128
2139,103
2140,119
2141,128
2142,180
2143,205
2144,149
2145,173
2146,87
2147,233
2148,6
2149,79
2150,168
2151,199
2152,120
2153,164
2154,192
2155,150
2156,173
2157,175
2158,212
2159,196
2160,142
2161,158
2162,87
2163,132
2164,187
2165,230
2166,110
2167,42
2168,18
2169,242
2170,238
2171,114
2172,211
2173,181
2174,214
2175,156
2176,184
2177,224
2178,149
2179,205
2180,111
2181,231
2182,45
2183,170
2184,0
2185,201
2186,124
2187,228
2188,231
2189,158
2190,184
2191,46
2192,169
2193,110
2194,206
2195,98
2196,225
2197,116
2198,173
2199,175
2200,181
2201,89
2202,217
2203,151
2204,114
2205,236
2206,111
2207,130
2208,144
2209,84
2210,106
2211,176
2212,123
2213,133
2214,163
2215,216
2216,206
2217,144
2218,63
2219,102
2220,196
2221,104
2222,202
2223,203
2224,139
2225,184
2226,222
2227,96
2228,134
2229,207
2230,249
2231,102
2232,141
2233,228
2234,228
2235,200
2236,116
2237,152
2238,176
2239,205
2240,144
2241,238
2242,185
2243,185
2244,244
2245,197
2246,203
2247,168
2248,7
2249,79
2250,172
2251,192
2252,226
2253,158
2254,144
2255,192
2256,175
2257,26
2258,193
2259,154
2260,193
2261,186
2262,197
2263,204
2264,232
2265,176
2266,132
2267,205
2268,232
2269,88
2270,75
2271,234
2272,118
2273,214
2274,159
2275,206
2276,184
2277,79
2278,0
2279,169
2280,187
2281,152
2282,161
2283,133
2284,76
2285,246
2286,73
2287,198
2288,237
2289,196
2290,143
2291,222
2292,72
2293,175
2294,124
2295,242
2296,163
2297,211
2298,228
2299,91
2300,209
2301,160
2302,167
2303,240
2304,151
2305,138
2306,0
2307,104
2308,194
2309,179
2310,190
2311,114
2312,219
2313,228
2314,177
2315,112
2316,64
2317,142
2318,232
2319,133
2320,221
2321,196
2322,129
2323,203
2324,197
2325,208
2326,110
2327,238
2328,99
2329,228
2330,132
2331,153
2332,193
2333,185
2334,186
2335,229
2336,113
2337,122
2338,205
2339,172
2340,197
2341,192
2342,171
2343,104
2344,205
2345,226
2346,169
2347,174
2348,185
2349,212
2350,160
2351,128
2352,187
2353,156
2354,206
2355,157
2356,123
2357,133
2358,192
2359,145
2360,176
2361,64
2362,183
2363,83
2364,192
2365,88
2366,244
2367,97
2368,202
2369,216
2370,166
2371,42
2372,233
2373,175
2374,97
2375,60
2376,189
2377,102
2378,76
2379,217
2380,135
2381,197
2382,170
2383,194
2384,0
2385,146
2386,208
2387,194
2388,125
2389,122
2390,195
2391,192
2392,166
2393,161
2394,66
2395,148
2396,218
2397,121
2398,211
2399,195
