0,185
1,173
2,172
3,221
4,190
5,136
6,180
7,235
8,234
9,138
10,141
11,221
12,181
13,186
14,235
15,176
16,213
17,206
18,242
19,240
20,234
21,117
22,157
23,190
24,243
25,228
26,135
27,121
28,222
29,163
30,64
31,198
32,190
33,234
34,227
35,218
36,236
37,219
38,214
39,240
40,205
41,250
42,174
43,73
44,224
45,206
46,133
47,239
48,141
49,181
50,197
51,224
52,107
53,217
54,209
55,196
56,192
57,210
58,202
59,253
60,235
61,173
62,169
63,208
64,202
65,217
66,250
67,242
68,149
69,173
70,186
71,214
72,164
73,227
74,221
75,190
76,225
77,89
78,211
79,220
80,236
81,233
82,151
83,163
84,221
85,230
86,174
87,198
88,113
89,195
90,159
91,238
92,218
93,164
94,160
95,220
96,236
97,183
98,247
99,175
100,256
101,250
102,163
103,94
104,245
105,217
106,216
107,222
108,189
109,54
110,147
111,192
112,195
113,233
114,246
115,230
116,227
117,233
118,226
119,238
120,173
121,220
122,135
123,72
124,189
125,212
126,233
127,105
128,212
129,144
130,165
131,216
132,222
133,231
134,188
135,174
136,197
137,196
138,118
139,142
140,252
141,231
142,228
143,160
144,175
145,164
146,200
147,186
148,196
149,218
150,161
151,214
152,242
153,187
154,195
155,234
156,247
157,173
158,64
159,126
160,227
161,180
162,210
163,166
164,236
165,60
166,125
167,165
168,164
169,251
170,212
171,147
172,187
173,153
174,239
175,170
176,223
177,217
178,239
179,51
180,169
181,115
182,166
183,213
184,183
185,201
186,215
187,158
188,138
189,222
190,246
191,211
192,139
193,251
194,193
195,247
196,189
197,213
198,210
199,200
200,168
201,211
202,199
203,207
204,253
205,129
206,145
207,216
208,191
209,154
210,171
211,205
212,240
213,221
214,95
215,175
216,191
217,194
218,244
219,178
220,113
221,237
222,188
223,159
224,216
225,252
226,239
227,170
228,223
229,225
230,173
231,160
232,234
233,201
234,192
235,211
236,135
237,208
238,103
239,228
240,216
241,160
242,245
243,165
244,238
245,240
246,225
247,249
248,196
249,210
250,178
251,169
252,213
253,209
254,236
255,247
256,254
257,215
258,175
259,182
260,134
261,178
262,231
263,112
264,226
265,223
266,162
267,148
268,224
269,191
270,162
271,197
272,170
273,252
274,183
275,185
276,229
277,124
278,247
279,177
280,164
281,220
282,226
283,217
284,112
285,217
286,182
287,218
288,218
289,186
290,163
291,221
292,198
293,123
294,200
295,168
296,122
297,116
298,175
299,207
300,170
301,192
302,239
303,183
304,227
305,222
306,147
307,221
308,216
309,250
310,218
311,158
312,164
313,249
314,252
315,162
316,132
317,199
318,240
319,196
320,206
321,94
322,154
323,209
324,189
325,222
326,158
327,235
328,197
329,143
330,235
331,251
332,156
333,210
334,226
335,216
336,192
337,211
338,204
339,115
340,142
341,249
342,236
343,188
344,169
345,135
346,133
347,117
348,44
349,139
350,105
351,183
352,110
353,165
354,192
355,205
356,211
357,236
358,214
359,127
360,194
361,192
362,213
363,143
364,230
365,191
366,209
367,239
368,239
369,132
370,191
371,202
372,106
373,178
374,248
375,115
376,204
377,231
378,143
379,187
380,196
381,115
382,120
383,195
384,171
385,252
386,207
387,135
388,201
389,221
390,238
391,206
392,239
393,181
394,188
395,7
396,211
397,218
398,170
399,232
400,121
401,165
402,215
403,145
404,175
405,206
406,217
407,89
408,215
409,222
410,176
411,103
412,231
413,250
414,188
415,138
416,171
417,92
418,186
419,100
420,217
421,212
422,225
423,245
424,216
425,239
426,229
427,89
428,147
429,157
430,230
431,234
432,219
433,243
434,186
435,174
436,160
437,233
438,200
439,228
440,185
441,128
442,187
443,203
444,184
445,178
446,50
447,204
448,107
449,224
450,86
451,204
452,213
453,203
454,240
455,219
456,190
457,246
458,219
459,246
460,226
461,240
462,250
463,169
464,218
465,187
466,157
467,160
468,167
469,120
470,99
471,183
472,184
473,168
474,197
475,247
476,227
477,180
478,210
479,131
480,168
481,236
482,246
483,249
484,158
485,159
486,216
487,146
488,145
489,235
490,159
491,167
492,205
493,166
494,172
495,158
496,224
497,210
498,235
499,228
500,198
501,199
502,246
503,248
504,124
505,233
506,146
507,189
508,156
509,96
510,235
511,229
512,221
513,252
514,178
515,228
516,201
517,207
518,110
519,230
520,150
521,230
522,173
523,101
524,198
525,227
526,209
527,228
528,228
529,220
530,175
531,203
532,87
533,183
534,238
535,107
536,230
537,217
538,99
539,143
540,204
541,239
542,213
543,205
544,224
545,148
546,150
547,125
548,112
549,256
550,173
551,103
552,220
553,170
554,76
555,179
556,68
557,232
558,142
559,201
560,174
561,211
562,197
563,129
564,221
565,181
566,253
567,254
568,225
569,243
570,195
571,118
572,236
573,230
574,189
575,199
576,232
577,122
578,222
579,255
580,196
581,86
582,217
583,250
584,243
585,111
586,181
587,190
588,184
589,121
590,224
591,225
592,251
593,158
594,177
595,232
596,237
597,246
598,157
599,237
600,191
601,197
602,132
603,210
604,145
605,172
606,179
607,197
608,182
609,107
610,223
611,250
612,178
613,243
614,49
615,253
616,151
617,146
618,111
619,166
620,183
621,201
622,148
623,230
624,168
625,199
626,219
627,206
628,209
629,159
630,175
631,207
632,233
633,207
634,199
635,180
636,175
637,96
638,121
639,215
640,59
641,198
642,196
643,172
644,227
645,229
646,240
647,236
648,188
649,211
650,185
651,249
652,161
653,135
654,54
655,214
656,122
657,243
658,239
659,162
660,224
661,196
662,179
663,187
664,230
665,172
666,225
667,119
668,232
669,145
670,181
671,212
672,70
673,240
674,202
675,214
676,163
677,136
678,180
679,224
680,244
681,141
682,249
683,158
684,200
685,234
686,170
687,193
688,205
689,133
690,246
691,224
692,193
693,206
694,160
695,227
696,172
697,239
698,63
699,163
700,214
701,228
702,158
703,254
704,184
705,233
706,91
707,241
708,85
709,150
710,245
711,250
712,253
713,220
714,124
715,175
716,165
717,218
718,118
719,107
720,173
721,216
722,147
723,230
724,222
725,178
726,119
727,254
728,43
729,189
730,219
731,113
732,225
733,150
734,237
735,154
736,162
737,197
738,213
739,211
740,235
741,200
742,128
743,133
744,175
745,179
746,114
747,254
748,209
749,241
750,216
751,12
752,194
753,136
754,249
755,119
756,232
757,167
758,205
759,229
760,189
761,141
762,211
763,232
764,167
765,240
766,144
767,176
768,127
769,230
770,156
771,215
772,137
773,233
774,200
775,131
776,186
777,235
778,172
779,113
780,224
781,171
782,118
783,238
784,212
785,249
786,237
787,84
788,68
789,230
790,251
791,109
792,197
793,240
794,204
795,240
796,142
797,166
798,230
799,256
800,163
801,240
802,200
803,154
804,172
805,239
806,248
807,197
808,245
809,211
810,234
811,147
812,162
813,236
814,198
815,203
816,200
817,167
818,172
819,201
820,251
821,222
822,41
823,226
824,216
825,189
826,172
827,225
828,182
829,237
830,174
831,206
832,216
833,146
834,188
835,160
836,179
837,100
838,156
839,119
840,234
841,216
842,234
843,216
844,193
845,230
846,151
847,181
848,218
849,147
850,206
851,146
852,202
853,247
854,116
855,189
856,73
857,244
858,153
859,108
860,231
861,184
862,150
863,222
864,175
865,137
866,220
867,237
868,162
869,222
870,193
871,226
872,205
873,222
874,240
875,239
876,202
877,216
878,180
879,219
880,248
881,161
882,38
883,235
884,177
885,183
886,159
887,223
888,217
889,88
890,248
891,222
892,196
893,196
894,185
895,251
896,233
897,213
898,147
899,167
900,126
901,164
902,205
903,127
904,119
905,175
906,82
907,100
908,191
909,238
910,240
911,193
912,97
913,215
914,239
915,220
916,106
917,172
918,154
919,211
920,195
921,190
922,203
923,233
924,251
925,150
926,222
927,154
928,238
929,217
930,227
931,237
932,185
933,237
934,187
935,245
936,227
937,161
938,103
939,250
940,227
941,200
942,117
943,195
944,201
945,231
946,226
947,188
948,162
949,256
950,203
951,234
952,145
953,232
954,243
955,145
956,227
957,241
958,202
959,217
960,226
961,250
962,250
963,154
964,171
965,209
966,249
967,252
968,202
969,175
970,215
971,151
972,218
973,132
974,181
975,176
976,220
977,146
978,227
979,236
980,197
981,255
982,144
983,230
984,237
985,109
986,15
987,226
988,148
989,172
990,132
991,148
992,84
993,204
994,199
995,163
996,190
997,216
998,173
999,251
1000,240
1001,204
1002,250
1003,100
1004,183
1005,185
1006,208
1007,200
1008,168
1009,78
1010,167
1011,170
1012,246
1013,216
1014,228
1015,222
1016,219
1017,226
1018,186
1019,231
1020,214
1021,92
1022,231
1023,170
1024,129
1025,254
1026,199
1027,217
1028,245
1029,145
1030,156
1031,134
1032,104
1033,240
1034,166
1035,246
1036,91
1037,84
1038,161
1039,161
1040,189
1041,160
1042,186
1043,198
1044,138
1045,224
1046,187
1047,206
1048,167
1049,139
1050,224
1051,247
1052,206
1053,158
1054,148
1055,137
1056,172
1057,250
1058,142
1059,192
1060,222
1061,135
1062,202
1063,206
1064,189
1065,224
1066,124
1067,218
1068,193
1069,247
1070,251
1071,186
1072,173
1073,217
1074,123
1075,253
1076,211
1077,244
1078,207
1079,247
1080,164
1081,198
1082,114
1083,196
1084,229
1085,188
1086,184
1087,172
1088,184
1089,172
1090,107
1091,163
1092,118
1093,123
1094,115
1095,226
1096,131
1097,172
1098,149
1099,190
1100,221
1101,232
1102,127
1103,180
1104,242
1105,176
1106,181
1107,248
1108,231
1109,227
1110,254
1111,220
1112,242
1113,233
1114,148
1115,186
1116,216
1117,182
1118,189
1119,179
1120,225
1121,160
1122,166
1123,150
1124,136
1125,239
1126,100
1127,180
1128,114
1129,190
1130,235
1131,256
1132,207
1133,243
1134,83
1135,226
1136,159
1137,152
1138,178
1139,120
1140,243
1141,239
1142,234
1143,149
1144,152
1145,152
1146,183
1147,225
1148,176
1149,181
1150,183
1151,244
1152,145
1153,202
1154,244
1155,146
1156,253
1157,233
1158,216
1159,243
1160,193
1161,227
1162,186
1163,228
1164,155
1165,182
1166,238
1167,196
1168,169
1169,131
1170,234
1171,204
1172,186
1173,214
1174,189
1175,237
1176,149
1177,216
1178,155
1179,235
1180,130
1181,194
1182,188
1183,224
1184,178
1185,234
1186,256
1187,135
1188,190
1189,229
1190,232
1191,228
1192,179
1193,250
1194,237
1195,230
1196,119
1197,174
1198,162
1199,81
1200,89
1201,255
1202,204
1203,240
1204,105
1205,233
1206,209
1207,226
1208,142
1209,233
1210,199
1211,194
1212,207
1213,92
1214,249
1215,0
1216,216
1217,0
1218,193
1219,240
1220,245
1221,172
1222,143
1223,230
1224,142
1225,15
1226,196
1227,186
1228,115
1229,165
1230,162
1231,159
1232,130
1233,241
1234,99
1235,81
1236,152
1237,106
1238,187
1239,247
1240,180
1241,206
1242,197
1243,216
1244,185
1245,100
1246,254
1247,239
1248,185
1249,197
1250,180
1251,203
1252,190
1253,246
1254,204
1255,211
1256,218
1257,177
1258,214
1259,244
1260,219
1261,238
1262,31
1263,251
1264,219
1265,196
1266,208
1267,225
1268,184
1269,239
1270,99
1271,223
1272,220
1273,233
1274,121
1275,155
1276,167
1277,210
1278,209
1279,191
1280,149
1281,193
1282,128
1283,212
1284,241
1285,200
1286,174
1287,59
1288,141
1289,190
1290,103
1291,120
1292,182
1293,141
1294,224
1295,149
1296,236
1297,241
1298,153
1299,250
1300,140
1301,236
1302,198
1303,201
1304,187
1305,89
1306,128
1307,185
1308,150
1309,169
1310,210
1311,215
1312,216
1313,181
1314,202
1315,256
1316,223
1317,179
1318,204
1319,149
1320,160
1321,111
1322,212
1323,234
1324,105
1325,177
1326,153
1327,251
1328,185
1329,222
1330,209
1331,172
1332,255
1333,216
1334,238
1335,151
1336,222
1337,146
1338,173
1339,203
1340,243
1341,253
1342,188
1343,205
1344,223
1345,222
1346,209
1347,253
1348,172
1349,183
1350,226
1351,243
1352,155
1353,200
1354,228
1355,126
1356,171
1357,112
1358,202
1359,74
1360,232
1361,231
1362,216
1363,170
1364,161
1365,178
1366,90
1367,231
1368,167
1369,230
1370,246
1371,211
1372,252
1373,214
1374,203
1375,192
1376,220
1377,218
1378,46
1379,168
1380,178
1381,182
1382,170
1383,230
1384,102
1385,153
1386,144
1387,190
1388,103
1389,248
1390,221
1391,191
1392,141
1393,233
1394,209
1395,200
1396,173
1397,241
1398,138
1399,216
1400,83
1401,217
1402,199
1403,162
1404,220
1405,147
1406,255
1407,72
1408,99
1409,118
1410,195
1411,208
1412,229
1413,225
1414,160
1415,221
1416,72
1417,214
1418,152
1419,60
1420,223
1421,232
1422,208
1423,256
1424,186
1425,212
1426,244
1427,153
1428,153
1429,174
1430,235
1431,188
1432,155
1433,230
1434,195
1435,155
1436,245
1437,230
1438,143
1439,221
1440,206
1441,246
1442,159
1443,251
1444,154
1445,247
1446,220
1447,224
1448,219
1449,180
1450,196
1451,157
1452,235
1453,130
1454,224
1455,237
1456,232
1457,188
1458,201
1459,193
1460,151
1461,197
1462,227
1463,208
1464,47
1465,220
1466,248
1467,229
1468,139
1469,162
1470,111
1471,242
1472,233
1473,218
1474,0
1475,194
1476,116
1477,211
1478,157
1479,217
1480,205
1481,0
1482,229
1483,64
1484,199
1485,192
1486,172
1487,248
1488,164
1489,204
1490,193
1491,251
1492,164
1493,252
1494,172
1495,241
1496,212
1497,204
1498,159
1499,200
1500,90
1501,198
1502,151
1503,153
1504,135
1505,103
1506,114
1507,225
1508,240
1509,159
1510,109
1511,232
1512,149
1513,161
1514,202
1515,163
1516,171
1517,208
1518,235
1519,190
1520,176
1521,207
1522,243
1523,249
1524,134
1525,204
1526,228
1527,190
1528,170
1529,184
1530,158
1531,216
1532,90
1533,23
1534,181
1535,191
1536,235
1537,155
1538,174
1539,227
1540,188
1541,244
1542,250
1543,228
1544,210
1545,174
1546,232
1547,161
1548,122
1549,146
1550,123
1551,177
1552,201
1553,219
1554,90
1555,233
1556,100
1557,206
1558,216
1559,174
1560,180
1561,178
1562,254
1563,178
1564,242
1565,150
1566,232
1567,230
1568,220
1569,169
1570,242
1571,234
1572,186
1573,238
1574,206
1575,188
1576,170
1577,229
1578,196
1579,235
1580,220
1581,231
1582,175
1583,196
1584,143
1585,182
1586,237
1587,224
1588,217
1589,214
1590,227
1591,199
1592,177
1593,117
1594,155
1595,241
1596,224
1597,146
1598,190
1599,182
1600,189
1601,170
1602,192
1603,236
1604,173
1605,233
1606,98
1607,225
1608,159
1609,174
1610,141
1611,236
1612,254
1613,191
1614,215
1615,200
1616,168
1617,162
1618,193
1619,223
1620,214
1621,99
1622,220
1623,197
1624,151
1625,173
1626,168
1627,204
1628,212
1629,168
1630,233
1631,231
1632,200
1633,214
1634,112
1635,177
1636,183
1637,206
1638,106
1639,154
1640,166
1641,213
1642,236
1643,139
1644,156
1645,246
1646,117
1647,219
1648,230
1649,190
1650,240
1651,190
1652,117
1653,166
1654,88
1655,241
1656,139
1657,233
1658,93
1659,184
1660,158
1661,247
1662,186
1663,132
1664,181
1665,241
1666,117
1667,153
1668,185
1669,123
1670,199
1671,129
1672,214
1673,78
1674,206
1675,194
1676,217
1677,224
1678,176
1679,82
1680,157
1681,207
1682,218
1683,151
1684,168
1685,194
1686,223
1687,203
1688,242
1689,199
1690,224
1691,98
1692,121
1693,158
1694,169
1695,97
1696,227
1697,165
1698,223
1699,195
1700,231
1701,249
1702,251
1703,243
1704,256
1705,194
1706,237
1707,256
1708,221
1709,233
1710,214
1711,197
1712,193
1713,198
1714,128
1715,165
1716,91
1717,206
1718,214
1719,187
1720,219
1721,176
1722,214
1723,83
1724,256
1725,216
1726,197
1727,215
1728,199
1729,231
1730,158
1731,208
1732,216
1733,69
1734,161
1735,67
1736,200
1737,248
1738,171
1739,240
1740,213
1741,102
1742,252
1743,188
1744,163
1745,157
1746,161
1747,197
1748,202
1749,160
1750,221
1751,171
1752,139
1753,213
1754,250
1755,195
1756,207
1757,212
1758,236
1759,203
1760,163
1761,107
1762,249
1763,220
1764,186
1765,74
1766,251
1767,187
1768,154
1769,227
1770,0
1771,208
1772,88
1773,164
1774,148
1775,129
1776,119
1777,226
1778,107
1779,142
1780,254
1781,173
1782,204
1783,190
1784,123
1785,190
1786,176
1787,232
1788,191
1789,247
1790,201
1791,106
1792,66
1793,172
1794,125
1795,81
1796,229
1797,106
1798,159
1799,169
1800,225
1801,191
1802,184
1803,109
1804,129
1805,166
1806,33
1807,160
1808,219
1809,150
1810,140
1811,204
1812,210
1813,205
1814,177
1815,201
1816,105
1817,126
1818,111
1819,236
1820,214
1821,196
1822,191
1823,246
1824,208
1825,209
1826,230
1827,162
1828,165
1829,111
1830,99
1831,190
1832,197
1833,240
1834,122
1835,188
1836,211
1837,193
1838,217
1839,130
1840,220
1841,156
1842,246
1843,154
1844,252
1845,19
1846,144
1847,202
1848,119
1849,177
1850,232
1851,117
1852,203
1853,181
1854,134
1855,186
1856,192
1857,204
1858,238
1859,186
1860,165
1861,178
1862,135
1863,184
1864,192
1865,183
1866,180
1867,253
1868,199
1869,235
1870,200
1871,187
1872,51
1873,174
1874,218
1875,235
1876,155
1877,212
1878,233
1879,163
1880,148
1881,60
1882,212
1883,192
1884,246
1885,106
1886,145
1887,242
1888,163
1889,205
1890,216
1891,147
1892,115
1893,211
1894,252
1895,176
1896,193
1897,223
1898,180
1899,202
1900,164
1901,238
1902,216
1903,156
1904,209
1905,189
1906,212
1907,211
1908,176
1909,164
1910,197
1911,219
1912,204
1913,199
1914,142
1915,156
1916,219
1917,215
1918,110
1919,151
1920,230
1921,222
1922,214
1923,207
1924,162
1925,228
1926,221
1927,159
1928,167
1929,208
1930,135
1931,254
1932,231
1933,209
1934,184
1935,240
1936,177
1937,186
1938,123
1939,182
1940,190
1941,209
1942,217
1943,163
1944,243
1945,199
1946,128
1947,200
1948,244
1949,108
1950,133
1951,144
1952,183
1953,91
1954,242
1955,122
1956,183
1957,225
1958,197
1959,138
1960,147
1961,116
1962,132
1963,175
1964,101
1965,164
1966,209
1967,209
1968,245
1969,255
1970,241
1971,252
1972,168
1973,156
1974,220
1975,169
1976,215
1977,228
1978,178
1979,244
1980,192
1981,222
1982,237
1983,234
1984,218
1985,123
1986,241
1987,194
1988,237
1989,216
1990,241
1991,182
1992,242
1993,144
1994,65
1995,208
1996,98
1997,165
1998,161
1999,205
2000,184
2001,219
2002,210
2003,199
2004,159
2005,162
2006,200
2007,222
2008,196
2009,222
2010,212
2011,238
2012,236
2013,219
2014,146
2015,158
2016,219
2017,202
2018,202
2019,229
2020,189
2021,229
2022,73
2023,219
2024,183
2025,240
2026,212
2027,172
2028,207
2029,111
2030,254
2031,216
2032,224
2033,221
2034,195
2035,225
2036,126
2037,153
2038,181
2039,195
2040,157
2041,221
2042,72
2043,192
2044,246
2045,141
2046,256
2047,247
2048,188
2049,172
2050,92
2051,152
2052,172
2053,222
2054,219
2055,222
2056,216
2057,211
2058,217
2059,218
2060,62
2061,227
2062,88
2063,15
2064,132
2065,224
2066,232
2067,124
2068,58
2069,80
2070,193
2071,207
2072,196
2073,214
2074,252
2075,246
2076,160
2077,134
2078,234
2079,123
2080,203
2081,220
2082,225
2083,181
2084,220
2085,152
2086,142
2087,170
2088,213
2089,232
2090,178
2091,254
2092,144
2093,232
2094,210
2095,187
2096,240
2097,155
2098,212
2099,136
2100,193
2101,242
2102,180
2103,167
2104,191
2105,187
2106,244
2107,222
2108,174
2109,235
2110,187
2111,200
2112,141
2113,166
2114,216
2115,233
2116,194
2117,238
2118,223
2119,248
2120,193
2121,128
2122,211
2123,142
2124,234
2125,240
2126,154
2127,192
2128,140
2129,167
2130,229
2131,175
2132,159
2133,189
2134,139
2135,188
2136,217
2137,168
2138,256
2139,197
2140,208
2141,232
2142,208
2143,229
2144,230
2145,217
2146,169
2147,153
2148,212
2149,194
2150,174
2151,254
2152,172
2153,232
2154,238
2155,234
2156,244
2157,222
2158,131
2159,208
2160,96
2161,191
2162,52
2163,243
2164,226
2165,155
2166,236
2167,153
2168,179
2169,252
2170,226
2171,173
2172,114
2173,147
2174,160
2175,177
2176,241
2177,249
2178,202
2179,206
2180,256
2181,211
2182,181
2183,129
2184,166
2185,184
2186,137
2187,25
2188,199
2189,210
2190,170
2191,206
2192,154
2193,81
2194,244
2195,119
2196,164
2197,226
2198,134
2199,137
2200,139
2201,189
2202,233
2203,0
2204,201
2205,107
2206,236
2207,139
2208,179
2209,132
2210,141
2211,239
2212,121
2213,175
2214,216
2215,256
2216,224
2217,226
2218,210
2219,180
2220,172
2221,242
2222,210
2223,185
2224,82
2225,199
2226,202
2227,89
2228,152
2229,135
2230,235
2231,228
2232,161
2233,210
2234,163
2235,227
2236,90
2237,244
2238,221
2239,146
2240,191
2241,192
2242,190
2243,214
2244,133
2245,185
2246,159
2247,212
2248,217
2249,171
2250,242
2251,255
2252,113
2253,196
2254,250
2255,226
2256,115
2257,227
2258,162
2259,77
2260,211
2261,188
2262,234
2263,115
2264,243
2265,114
2266,233
2267,225
2268,0
2269,155
2270,150
2271,105
2272,250
2273,166
2274,224
2275,134
2276,256
2277,240
2278,176
2279,143
2280,234
2281,161
2282,183
2283,99
2284,253
2285,237
2286,111
2287,196
2288,238
2289,234
2290,218
2291,194
2292,247
2293,76
2294,160
2295,152
2296,156
2297,190
2298,252
2299,232
2300,205
2301,198
2302,249
2303,241
2304,245
2305,235
2306,175
2307,154
2308,215
2309,189
2310,182
2311,119
2312,248
2313,217
2314,252
2315,256
2316,165
2317,67
2318,107
2319,208
2320,184
2321,201
2322,230
2323,245
2324,242
2325,197
2326,158
2327,210
2328,139
2329,183
2330,200
2331,192
2332,193
2333,172
2334,222
2335,137
2336,174
2337,223
2338,225
2339,163
2340,239
2341,191
2342,256
2343,218
2344,193
2345,198
2346,208
2347,203
2348,232
2349,205
2350,170
2351,236
2352,155
2353,113
2354,151
2355,248
2356,210
2357,210
2358,203
2359,24
2360,216
2361,113
2362,112
2363,213
2364,228
2365,185
2366,127
2367,245
2368,134
2369,153
2370,242
2371,209
2372,127
2373,245
2374,226
2375,235
2376,224
2377,69
2378,254
2379,242
2380,210
2381,167
2382,103
2383,236
2384,240
2385,220
2386,174
2387,208
2388,231
2389,146
2390,232
2391,169
2392,159
2393,182
2394,154
2395,128
2396,142
2397,248
2398,148
2399,231
