0,56
1,244
2,233
3,179
4,207
5,155
6,189
7,99
8,221
9,121
10,153
11,204
12,234
13,239
14,251
15,141
16,146
17,230
18,129
19,100
20,116
21,184
22,173
23,198
24,0
25,127
26,185
27,148
28,136
29,221
30,225
31,166
32,170
33,182
34,97
35,55
36,235
37,183
38,232
39,245
40,150
41,238
42,159
43,59
44,170
45,242
46,232
47,206
48,145
49,66
50,173
51,156
52,243
53,244
54,215
55,147
56,195
57,152
58,152
59,166
60,79
61,177
62,161
63,214
64,206
65,128
66,213
67,166
68,133
69,151
70,128
71,199
72,210
73,208
74,88
75,125
76,127
77,160
78,136
79,192
80,213
81,101
82,206
83,188
84,207
85,105
86,188
87,248
88,218
89,194
90,164
91,178
92,140
93,238
94,171
95,193
96,141
97,134
98,212
99,227
100,207
101,239
102,219
103,230
104,137
105,136
106,186
107,183
108,135
109,99
110,223
111,207
112,216
113,0
114,215
115,219
116,73
117,162
118,220
119,228
120,197
121,29
122,211
123,232
124,206
125,166
126,179
127,207
128,172
129,91
130,183
131,197
132,220
133,44
134,192
135,168
136,98
137,223
138,181
139,216
140,134
141,224
142,80
143,204
144,209
145,176
146,196
147,203
148,94
149,208
150,105
151,134
152,160
153,160
154,152
155,234
156,246
157,60
158,217
159,195
160,209
161,180
162,146
163,155
164,225
165,228
166,156
167,214
168,161
169,230
170,219
171,145
172,134
173,239
174,118
175,161
176,193
177,118
178,179
179,198
180,193
181,196
182,70
183,53
184,169
185,192
186,186
187,216
188,125
189,191
190,81
191,240
192,192
193,144
194,159
195,202
196,183
197,222
198,239
199,167
200,148
201,222
202,227
203,175
204,198
205,196
206,196
207,178
208,218
209,228
210,158
211,198
212,209
213,223
214,200
215,209
216,216
217,67
218,170
219,214
220,208
221,181
222,247
223,196
224,199
225,224
226,186
227,242
228,218
229,208
230,126
231,204
232,133
233,142
234,136
235,104
236,190
237,107
238,162
239,237
240,164
241,153
242,233
243,212
244,182
245,223
246,188
247,50
248,228
249,142
250,151
251,164
252,195
253,101
254,202
255,152
256,223
257,169
258,210
259,238
260,230
261,115
262,176
263,197
264,144
265,203
266,128
267,191
268,162
269,209
270,237
271,111
272,114
273,168
274,97
275,218
276,185
277,168
278,161
279,150
280,108
281,231
282,71
283,181
284,186
285,83
286,112
287,145
288,213
289,182
290,212
291,231
292,232
293,195
294,167
295,237
296,185
297,182
298,193
299,228
300,196
301,170
302,225
303,170
304,212
305,234
306,236
307,161
308,202
309,184
310,211
311,146
312,188
313,110
314,151
315,69
316,194
317,228
318,179
319,129
320,147
321,108
322,221
323,236
324,231
325,182
326,220
327,238
328,230
329,156
330,149
331,199
332,246
333,212
334,230
335,190
336,141
337,210
338,159
339,213
340,245
341,115
342,65
343,157
344,124
345,151
346,187
347,158
348,248
349,126
350,250
351,203
352,150
353,148
354,203
355,203
356,194
357,141
358,207
359,192
360,139
361,133
362,204
363,144
364,146
365,215
366,47
367,202
368,232
369,189
370,217
371,202
372,233
373,146
374,105
375,131
376,171
377,154
378,156
379,155
380,180
381,190
382,100
383,160
384,224
385,132
386,147
387,224
388,149
389,241
390,174
391,188
392,223
393,131
394,153
395,242
396,230
397,222
398,238
399,115
400,179
401,123
402,246
403,245
404,168
405,116
406,74
407,145
408,208
409,231
410,242
411,235
412,214
413,137
414,83
415,210
416,237
417,250
418,183
419,189
420,178
421,81
422,175
423,130
424,221
425,232
426,75
427,231
428,183
429,157
430,243
431,228
432,125
433,230
434,179
435,117
436,159
437,214
438,223
439,192
440,149
441,224
442,148
443,101
444,192
445,88
446,185
447,186
448,229
449,218
450,225
451,166
452,242
453,163
454,231
455,164
456,216
457,234
458,225
459,204
460,237
461,122
462,170
463,235
464,247
465,142
466,119
467,188
468,223
469,247
470,47
471,236
472,159
473,123
474,184
475,104
476,243
477,185
478,182
479,245
480,198
481,164
482,206
483,220
484,76
485,233
486,127
487,234
488,249
489,120
490,230
491,243
492,101
493,218
494,114
495,251
496,230
497,234
498,167
499,164
500,221
501,239
502,234
503,243
504,190
505,189
506,214
507,183
508,219
509,205
510,132
511,226
512,222
513,141
514,165
515,244
516,228
517,186
518,237
519,233
520,225
521,157
522,127
523,240
524,190
525,242
526,180
527,160
528,221
529,211
530,220
531,228
532,140
533,226
534,218
535,223
536,229
537,144
538,242
539,205
540,206
541,190
542,137
543,220
544,235
545,182
546,172
547,233
548,217
549,195
550,120
551,207
552,198
553,156
554,249
555,208
556,161
557,213
558,152
559,232
560,233
561,249
562,169
563,227
564,159
565,210
566,175
567,223
568,224
569,201
570,218
571,223
572,214
573,215
574,242
575,150
576,210
577,239
578,201
579,242
580,210
581,245
582,220
583,172
584,207
585,167
586,186
587,209
588,197
589,237
590,216
591,173
592,212
593,144
594,133
595,158
596,212
597,237
598,153
599,176
600,155
601,243
602,97
603,115
604,159
605,235
606,160
607,178
608,193
609,126
610,156
611,203
612,215
613,97
614,230
615,160
616,35
617,194
618,234
619,205
620,47
621,191
622,238
623,167
624,164
625,200
626,174
627,227
628,235
629,122
630,218
631,233
632,144
633,143
634,224
635,216
636,240
637,172
638,191
639,122
640,207
641,166
642,243
643,186
644,207
645,145
646,243
647,195
648,219
649,80
650,128
651,221
652,208
653,228
654,196
655,219
656,152
657,215
658,189
659,225
660,142
661,223
662,206
663,189
664,199
665,201
666,236
667,218
668,134
669,215
670,140
671,189
672,191
673,172
674,241
675,212
676,210
677,185
678,145
679,162
680,224
681,154
682,160
683,220
684,231
685,212
686,135
687,236
688,224
689,199
690,121
691,219
692,97
693,249
694,240
695,192
696,127
697,193
698,97
699,149
700,138
701,237
702,242
703,244
704,163
705,216
706,84
707,182
708,151
709,245
710,162
711,227
712,125
713,227
714,169
715,136
716,166
717,249
718,198
719,160
720,209
721,199
722,161
723,97
724,194
725,148
726,195
727,34
728,110
729,204
730,206
731,138
732,175
733,193
734,242
735,192
736,219
737,184
738,191
739,73
740,190
741,228
742,99
743,243
744,230
745,112
746,199
747,143
748,167
749,199
750,115
751,202
752,208
753,186
754,214
755,218
756,201
757,218
758,246
759,142
760,175
761,252
762,246
763,236
764,231
765,216
766,238
767,166
768,220
769,205
770,239
771,94
772,246
773,201
774,150
775,243
776,193
777,240
778,227
779,243
780,170
781,208
782,96
783,206
784,111
785,206
786,48
787,175
788,125
789,223
790,202
791,132
792,112
793,198
794,240
795,118
796,82
797,245
798,99
799,117
800,231
801,157
802,204
803,241
804,246
805,154
806,156
807,208
808,216
809,201
810,210
811,218
812,143
813,159
814,209
815,210
816,142
817,138
818,234
819,207
820,184
821,168
822,234
823,203
824,201
825,181
826,228
827,156
828,243
829,209
830,200
831,198
832,162
833,227
834,167
835,184
836,190
837,170
838,248
839,233
840,63
841,112
842,169
843,207
844,170
845,128
846,172
847,238
848,208
849,221
850,211
851,59
852,124
853,153
854,182
855,153
856,217
857,243
858,144
859,227
860,218
861,143
862,210
863,158
864,195
865,227
866,229
867,242
868,245
869,244
870,190
871,227
872,220
873,191
874,159
875,220
876,178
877,183
878,207
879,190
880,113
881,191
882,204
883,182
884,196
885,155
886,228
887,245
888,160
889,243
890,200
891,120
892,105
893,218
894,195
895,165
896,177
897,77
898,182
899,216
900,182
901,160
902,193
903,158
904,229
905,154
906,213
907,172
908,168
909,185
910,136
911,231
912,112
913,208
914,151
915,241
916,214
917,161
918,191
919,86
920,192
921,160
922,171
923,146
924,206
925,199
926,131
927,209
928,177
929,216
930,164
931,106
932,189
933,225
934,201
935,191
936,207
937,234
938,197
939,176
940,173
941,218
942,178
943,198
944,221
945,152
946,198
947,140
948,205
949,185
950,152
951,149
952,223
953,239
954,204
955,246
956,202
957,210
958,173
959,63
960,205
961,233
962,113
963,221
964,180
965,153
966,121
967,187
968,156
969,233
970,221
971,175
972,193
973,96
974,204
975,165
976,204
977,116
978,217
979,241
980,208
981,214
982,192
983,204
984,154
985,238
986,198
987,233
988,241
989,173
990,242
991,154
992,185
993,232
994,226
995,215
996,193
997,244
998,152
999,220
1000,218
1001,140
1002,181
1003,245
1004,220
1005,230
1006,190
1007,217
1008,202
1009,170
1010,233
1011,198
1012,189
1013,212
1014,202
1015,226
1016,176
1017,217
1018,218
1019,246
1020,181
1021,248
1022,123
1023,193
1024,158
1025,222
1026,214
1027,100
1028,198
1029,195
1030,238
1031,161
1032,116
1033,171
1034,201
1035,199
1036,233
1037,174
1038,225
1039,185
1040,202
1041,117
1042,209
1043,165
1044,145
1045,228
1046,178
1047,175
1048,235
1049,120
1050,191
1051,213
1052,212
1053,183
1054,179
1055,161
1056,240
1057,211
1058,152
1059,210
1060,229
1061,180
1062,200
1063,175
1064,226
1065,198
1066,173
1067,235
1068,246
1069,205
1070,234
1071,191
1072,130
1073,227
1074,244
1075,203
1076,221
1077,199
1078,178
1079,188
1080,227
1081,149
1082,168
1083,128
1084,214
1085,223
1086,222
1087,156
1088,211
1089,170
1090,224
1091,182
1092,228
1093,191
1094,223
1095,237
1096,100
1097,229
1098,214
1099,225
1100,200
1101,226
1102,238
1103,223
1104,175
1105,213
1106,219
1107,157
1108,225
1109,219
1110,176
1111,159
1112,186
1113,212
1114,229
1115,170
1116,225
1117,165
1118,186
1119,178
1120,222
1121,204
1122,168
1123,145
1124,174
1125,166
1126,248
1127,238
1128,189
1129,204
1130,197
1131,242
1132,166
1133,237
1134,189
1135,182
1136,231
1137,213
1138,249
1139,189
1140,249
1141,182
1142,211
1143,113
1144,90
1145,177
1146,41
1147,251
1148,141
1149,205
1150,90
1151,233
1152,194
1153,188
1154,188
1155,194
1156,205
1157,216
1158,211
1159,227
1160,175
1161,233
1162,99
1163,249
1164,168
1165,243
1166,179
1167,229
1168,242
1169,225
1170,188
1171,178
1172,226
1173,202
1174,238
1175,248
1176,220
1177,199
1178,248
1179,143
1180,191
1181,161
1182,147
1183,150
1184,216
1185,238
1186,213
1187,197
1188,131
1189,204
1190,222
1191,127
1192,247
1193,222
1194,232
1195,248
1196,192
1197,195
1198,182
1199,235
1200,169
1201,248
1202,137
1203,220
1204,176
1205,154
1206,118
1207,166
1208,38
1209,218
1210,171
1211,210
1212,215
1213,201
1214,42
1215,137
1216,95
1217,128
1218,118
1219,251
1220,204
1221,201
1222,44
1223,127
1224,161
1225,18
1226,240
1227,122
1228,162
1229,244
1230,116
1231,26
1232,164
1233,162
1234,95
1235,183
1236,193
1237,137
1238,150
1239,208
1240,186
1241,174
1242,118
1243,224
1244,228
1245,248
1246,189
1247,159
1248,243
1249,144
1250,224
1251,139
1252,167
1253,181
1254,53
1255,43
1256,178
1257,237
1258,154
1259,144
1260,153
1261,211
1262,3
1263,248
1264,190
1265,171
1266,80
1267,89
1268,236
1269,174
1270,234
1271,193
1272,174
1273,220
1274,242
1275,227
1276,158
1277,2
1278,187
1279,251
1280,120
1281,82
1282,230
1283,124
1284,133
1285,30
1286,183
1287,0
1288,162
1289,160
1290,234
1291,223
1292,105
1293,202
1294,106
1295,140
1296,241
1297,81
1298,158
1299,36
1300,246
1301,182
1302,241
1303,162
1304,188
1305,232
1306,206
1307,230
1308,63
1309,179
1310,123
1311,152
1312,32
1313,217
1314,225
1315,224
1316,120
1317,159
1318,98
1319,213
1320,68
1321,64
1322,176
1323,242
1324,13
1325,145
1326,56
1327,69
1328,129
1329,219
1330,187
1331,102
1332,104
1333,105
1334,173
1335,100
1336,61
1337,162
1338,0
1339,203
1340,21
1341,201
1342,207
1343,193
1344,71
1345,66
1346,247
1347,7
1348,217
1349,148
1350,241
1351,0
1352,189
1353,0
1354,218
1355,104
1356,228
1357,209
1358,164
1359,132
1360,217
1361,77
1362,178
1363,61
1364,243
1365,241
1366,147
1367,196
1368,114
1369,123
1370,212
1371,195
1372,35
1373,109
1374,241
1375,248
1376,141
1377,205
1378,174
1379,223
1380,200
1381,65
1382,215
1383,230
1384,215
1385,0
1386,243
1387,211
1388,70
1389,35
1390,0
1391,227
1392,168
1393,196
1394,204
1395,30
1396,117
1397,54
1398,185
1399,180
1400,179
1401,198
1402,139
1403,210
1404,226
1405,119
1406,213
1407,46
1408,140
1409,220
1410,181
1411,221
1412,220
1413,207
1414,227
1415,79
1416,157
1417,117
1418,224
1419,189
1420,143
1421,220
1422,247
1423,105
1424,131
1425,242
1426,34
1427,108
1428,216
1429,210
1430,85
1431,161
1432,207
1433,112
1434,127
1435,239
1436,132
1437,103
1438,236
1439,240
1440,229
1441,96
1442,154
1443,243
1444,189
1445,220
1446,141
1447,150
1448,193
1449,107
1450,43
1451,185
1452,199
1453,117
1454,237
1455,246
1456,182
1457,69
1458,172
1459,152
1460,199
1461,219
1462,7
1463,168
1464,29
1465,209
1466,202
1467,223
1468,206
1469,178
1470,118
1471,196
1472,126
1473,151
1474,199
1475,196
1476,197
1477,50
1478,215
1479,159
1480,169
1481,156
1482,240
1483,227
1484,222
1485,136
1486,247
1487,123
1488,244
1489,227
1490,198
1491,58
1492,237
1493,210
1494,250
1495,232
1496,249
1497,229
1498,223
1499,157
1500,151
1501,192
1502,204
1503,151
1504,71
1505,172
1506,52
1507,88
1508,186
1509,194
1510,133
1511,191
1512,160
1513,42
1514,125
1515,230
1516,195
1517,206
1518,216
1519,88
1520,173
1521,238
1522,179
1523,90
1524,106
1525,223
1526,196
1527,198
1528,190
1529,230
1530,143
1531,96
1532,175
1533,238
1534,168
1535,108
1536,95
1537,163
1538,141
1539,221
1540,181
1541,244
1542,57
1543,199
1544,155
1545,77
1546,198
1547,163
1548,43
1549,131
1550,33
1551,72
1552,171
1553,203
1554,180
1555,171
1556,134
1557,210
1558,176
1559,134
1560,229
1561,110
1562,243
1563,169
1564,112
1565,141
1566,71
1567,178
1568,240
1569,34
1570,179
1571,165
1572,245
1573,239
1574,178
1575,247
1576,135
1577,57
1578,0
1579,232
1580,206
1581,150
1582,89
1583,233
1584,176
1585,193
1586,219
1587,153
1588,199
1589,134
1590,234
1591,214
1592,209
1593,205
1594,163
1595,0
1596,167
1597,141
1598,74
1599,125
1600,220
1601,186
1602,133
1603,153
1604,236
1605,204
1606,194
1607,161
1608,222
1609,189
1610,252
1611,151
1612,198
1613,218
1614,162
1615,133
1616,231
1617,180
1618,189
1619,166
1620,136
1621,211
1622,239
1623,188
1624,214
1625,193
1626,98
1627,130
1628,234
1629,162
1630,179
1631,224
1632,209
1633,200
1634,193
1635,236
1636,197
1637,234
1638,25
1639,206
1640,215
1641,178
1642,142
1643,168
1644,213
1645,214
1646,211
1647,254
1648,254
1649,251
1650,234
1651,249
1652,174
1653,147
1654,169
1655,250
1656,195
1657,179
1658,248
1659,222
1660,229
1661,163
1662,198
1663,217
1664,150
1665,249
1666,160
1667,195
1668,44
1669,148
1670,185
1671,199
1672,250
1673,255
1674,195
1675,245
1676,224
1677,230
1678,165
1679,102
1680,233
1681,162
1682,220
1683,201
1684,179
1685,230
1686,178
1687,209
1688,241
1689,137
1690,55
1691,146
1692,208
1693,180
1694,143
1695,169
1696,194
1697,0
1698,206
1699,249
1700,155
1701,211
1702,119
1703,228
1704,192
1705,193
1706,236
1707,154
1708,199
1709,229
1710,194
1711,212
1712,141
1713,135
1714,8
1715,209
1716,234
1717,190
1718,81
1719,227
1720,153
1721,100
1722,189
1723,63
1724,82
1725,190
1726,237
1727,186
1728,131
1729,101
1730,122
1731,223
1732,149
1733,208
1734,164
1735,198
1736,141
1737,82
1738,180
1739,221
1740,59
1741,111
1742,152
1743,229
1744,249
1745,132
1746,147
1747,92
1748,185
1749,181
1750,65
1751,110
1752,83
1753,121
1754,196
1755,207
1756,223
1757,136
1758,233
1759,202
1760,25
1761,42
1762,220
1763,143
1764,219
1765,151
1766,152
1767,171
1768,226
1769,151
1770,210
1771,121
1772,132
1773,145
1774,104
1775,246
1776,243
1777,164
1778,111
1779,183
1780,203
1781,186
1782,46
1783,42
1784,202
1785,121
1786,76
1787,225
1788,208
1789,71
1790,238
1791,249
1792,213
1793,45
1794,193
1795,234
1796,159
1797,180
1798,226
1799,197
1800,179
1801,226
1802,230
1803,105
1804,216
1805,215
1806,196
1807,197
1808,226
1809,218
1810,211
1811,210
1812,122
1813,251
1814,140
1815,173
1816,214
1817,183
1818,145
1819,14
1820,145
1821,218
1822,188
1823,148
1824,213
1825,159
1826,150
1827,198
1828,193
1829,243
1830,226
1831,234
1832,213
1833,173
1834,95
1835,152
1836,173
1837,131
1838,242
1839,206
1840,217
1841,227
1842,194
1843,153
1844,130
1845,140
1846,58
1847,167
1848,220
1849,131
1850,175
1851,189
1852,216
1853,146
1854,175
1855,145
1856,183
1857,244
1858,196
1859,192
1860,229
1861,122
1862,79
1863,231
1864,245
1865,128
1866,195
1867,246
1868,73
1869,249
1870,236
1871,224
1872,175
1873,209
1874,219
1875,228
1876,150
1877,161
1878,207
1879,145
1880,230
1881,183
1882,245
1883,222
1884,165
1885,218
1886,193
1887,136
1888,176
1889,163
1890,230
1891,139
1892,252
1893,243
1894,200
1895,247
1896,78
1897,196
1898,191
1899,180
1900,53
1901,236
1902,165
1903,189
1904,167
1905,206
1906,70
1907,159
1908,238
1909,127
1910,176
1911,248
1912,185
1913,93
1914,60
1915,241
1916,246
1917,238
1918,244
1919,84
1920,205
1921,182
1922,250
1923,203
1924,114
1925,161
1926,188
1927,134
1928,81
1929,179
1930,39
1931,95
1932,248
1933,151
1934,30
1935,255
1936,203
1937,181
1938,176
1939,97
1940,82
1941,240
1942,248
1943,184
1944,83
1945,113
1946,217
1947,221
1948,233
1949,228
1950,189
1951,201
1952,222
1953,173
1954,137
1955,59
1956,215
1957,180
1958,206
1959,196
1960,219
1961,115
1962,56
1963,151
1964,87
1965,207
1966,242
1967,184
1968,208
1969,247
1970,113
1971,182
1972,233
1973,103
1974,194
1975,211
1976,182
1977,189
1978,199
1979,181
1980,155
1981,236
1982,234
1983,195
1984,184
1985,209
1986,205
1987,254
1988,231
1989,240
1990,136
1991,102
1992,238
1993,227
1994,162
1995,231
1996,23
1997,137
1998,229
1999,218
2000,152
2001,31
2002,104
2003,67
2004,210
2005,172
2006,207
2007,243
2008,31
2009,32
2010,248
2011,63
2012,228
2013,224
2014,122
2015,129
2016,195
2017,249
2018,188
2019,223
2020,245
2021,147
2022,204
2023,246
2024,186
2025,109
2026,209
2027,201
2028,154
2029,31
2030,227
2031,201
2032,0
2033,213
2034,111
2035,181
2036,228
2037,149
2038,243
2039,161
2040,193
2041,123
2042,165
2043,238
2044,161
2045,9
2046,234
2047,75
2048,0
2049,123
2050,199
2051,105
2052,87
2053,123
2054,230
2055,229
2056,0
2057,112
2058,194
2059,247
2060,172
2061,146
2062,110
2063,137
2064,199
2065,185
2066,225
2067,88
2068,143
2069,110
2070,197
2071,243
2072,97
2073,220
2074,216
2075,224
2076,226
2077,213
2078,174
2079,93
2080,215
2081,164
2082,68
2083,196
2084,225
2085,146
2086,165
2087,186
2088,241
2089,231
2090,181
2091,54
2092,239
2093,127
2094,151
2095,237
2096,92
2097,147
2098,169
2099,164
2100,0
2101,171
2102,157
2103,164
2104,204
2105,189
2106,205
2107,63
2108,182
2109,115
2110,231
2111,34
2112,166
2113,0
2114,7
2115,199
2116,0
2117,126
2118,175
2119,232
2120,195
2121,210
2122,112
2123,96
2124,245
2125,24
2126,170
2127,220
2128,221
2129,0
2130,108
2131,236
2132,34
2133,216
2134,137
2135,0
2136,209
2137,85
2138,156
2139,0
2140,82
2141,137
2142,156
2143,215
2144,144
2145,194
2146,10
2147,239
2148,62
2149,114
2150,83
2151,192
2152,91
2153,157
2154,199
2155,208
2156,177
2157,177
2158,236
2159,203
2160,57
2161,126
2162,161
2163,143
2164,137
2165,233
2166,161
2167,0
2168,0
2169,244
2170,234
2171,35
2172,216
2173,191
2174,195
2175,198
2176,149
2177,218
2178,143
2179,233
2180,123
2181,236
2182,0
2183,165
2184,46
2185,218
2186,40
2187,228
2188,232
2189,30
2190,193
2191,24
2192,217
2193,105
2194,207
2195,36
2196,188
2197,88
2198,222
2199,173
2200,194
2201,4
2202,220
2203,145
2204,133
2205,235
2206,103
2207,142
2208,166
2209,82
2210,107
2211,177
2212,112
2213,82
2214,172
2215,217
2216,210
2217,157
2218,37
2219,81
2220,176
2221,148
2222,211
2223,221
2224,124
2225,193
2226,214
2227,69
2228,170
2229,208
2230,249
2231,97
2232,139
2233,219
2234,219
2235,168
2236,123
2237,148
2238,163
2239,205
2240,121
2241,246
2242,162
2243,211
2244,242
2245,213
2246,197
2247,154
2248,0
2249,120
2250,165
2251,195
2252,222
2253,114
2254,137
2255,170
2256,159
2257,0
2258,197
2259,81
2260,165
2261,183
2262,206
2263,205
2264,237
2265,186
2266,146
2267,213
2268,227
2269,68
2270,0
2271,235
2272,150
2273,210
2274,176
2275,219
2276,103
2277,79
2278,0
2279,140
2280,146
2281,167
2282,141
2283,163
2284,22
2285,246
2286,109
2287,197
2288,244
2289,196
2290,153
2291,200
2292,32
2293,169
2294,124
2295,243
2296,173
2297,204
2298,226
2299,115
2300,174
2301,166
2302,197
2303,241
2304,166
2305,137
2306,0
2307,0
2308,220
2309,196
2310,215
2311,157
2312,222
2313,230
2314,100
2315,132
2316,60
2317,109
2318,251
2319,134
2320,237
2321,173
2322,135
2323,183
2324,183
2325,199
2326,117
2327,236
2328,162
2329,242
2330,66
2331,156
2332,201
2333,197
2334,205
2335,221
2336,44
2337,116
2338,161
2339,104
2340,210
2341,197
2342,174
2343,160
2344,246
2345,224
2346,105
2347,216
2348,216
2349,223
2350,186
2351,67
2352,202
2353,191
2354,150
2355,204
2356,171
2357,133
2358,193
2359,183
2360,170
2361,108
2362,202
2363,89
2364,237
2365,137
2366,244
2367,81
2368,190
2369,224
2370,182
2371,74
2372,237
2373,181
2374,0
2375,110
2376,213
2377,79
2378,70
2379,240
2380,154
2381,108
2382,148
2383,220
2384,0
2385,117
2386,195
2387,219
2388,140
2389,92
2390,214
2391,196
2392,107
2393,108
2394,88
2395,129
2396,209
2397,125
2398,207
2399,209
