0,195
1,194
2,188
3,222
4,192
5,144
6,202
7,238
8,237
9,162
10,142
11,237
12,216
13,177
14,221
15,187
16,206
17,195
18,243
19,237
20,241
21,134
22,180
23,198
24,243
25,224
26,127
27,86
28,223
29,172
30,69
31,183
32,190
33,237
34,229
35,235
36,236
37,226
38,209
39,231
40,199
41,251
42,212
43,111
44,227
45,214
46,162
47,239
48,146
49,171
50,177
51,217
52,104
53,214
54,197
55,194
56,179
57,189
58,223
59,253
60,233
61,162
62,201
63,221
64,202
65,225
66,250
67,241
68,173
69,159
70,196
71,212
72,174
73,230
74,240
75,146
76,223
77,58
78,202
79,190
80,244
81,239
82,160
83,162
84,220
85,209
86,168
87,202
88,152
89,209
90,199
91,247
92,198
93,167
94,160
95,210
96,216
97,205
98,246
99,190
100,256
101,249
102,195
103,88
104,247
105,227
106,217
107,224
108,174
109,28
110,160
111,176
112,207
113,218
114,246
115,207
116,219
117,221
118,232
119,238
120,174
121,206
122,104
123,97
124,194
125,206
126,223
127,136
128,210
129,166
130,160
131,215
132,223
133,244
134,173
135,198
136,189
137,188
138,120
139,177
140,253
141,235
142,229
143,134
144,160
145,187
146,184
147,193
148,210
149,207
150,95
151,210
152,222
153,191
154,184
155,244
156,250
157,183
158,64
159,121
160,227
161,188
162,223
163,159
164,242
165,12
166,136
167,182
168,177
169,251
170,221
171,150
172,204
173,137
174,241
175,187
176,223
177,209
178,236
179,0
180,190
181,49
182,194
183,220
184,205
185,208
186,229
187,169
188,148
189,233
190,248
191,223
192,123
193,252
194,180
195,239
196,179
197,211
198,174
199,207
200,186
201,215
202,191
203,204
204,252
205,174
206,177
207,218
208,218
209,167
210,187
211,200
212,244
213,238
214,120
215,182
216,215
217,180
218,230
219,196
220,143
221,238
222,201
223,130
224,229
225,252
226,246
227,187
228,214
229,231
230,170
231,174
232,232
233,213
234,202
235,217
236,146
237,208
238,146
239,220
240,225
241,168
242,246
243,189
244,242
245,236
246,227
247,251
248,204
249,227
250,168
251,141
252,212
253,200
254,223
255,248
256,254
257,220
258,180
259,186
260,144
261,200
262,230
263,88
264,220
265,214
266,185
267,151
268,202
269,190
270,188
271,205
272,188
273,252
274,193
275,215
276,231
277,149
278,250
279,195
280,128
281,212
282,219
283,212
284,163
285,227
286,207
287,218
288,212
289,206
290,161
291,233
292,186
293,115
294,197
295,187
296,129
297,133
298,118
299,220
300,170
301,195
302,240
303,161
304,226
305,225
306,166
307,216
308,215
309,249
310,219
311,179
312,174
313,247
314,252
315,172
316,101
317,189
318,235
319,199
320,231
321,127
322,173
323,222
324,198
325,232
326,170
327,248
328,210
329,108
330,232
331,252
332,162
333,228
334,225
335,227
336,204
337,218
338,223
339,128
340,99
341,252
342,235
343,211
344,169
345,175
346,141
347,114
348,85
349,136
350,129
351,183
352,119
353,150
354,199
355,222
356,212
357,226
358,221
359,123
360,204
361,200
362,222
363,144
364,232
365,195
366,202
367,239
368,239
369,145
370,193
371,204
372,154
373,179
374,251
375,180
376,205
377,235
378,137
379,231
380,199
381,133
382,137
383,216
384,185
385,252
386,200
387,98
388,198
389,227
390,243
391,190
392,238
393,139
394,182
395,26
396,218
397,216
398,171
399,234
400,128
401,188
402,216
403,179
404,183
405,214
406,227
407,81
408,217
409,227
410,194
411,139
412,223
413,252
414,202
415,116
416,165
417,65
418,217
419,131
420,226
421,196
422,222
423,244
424,211
425,238
426,229
427,139
428,150
429,180
430,233
431,237
432,214
433,242
434,202
435,168
436,164
437,227
438,211
439,223
440,201
441,147
442,197
443,183
444,184
445,181
446,7
447,190
448,113
449,225
450,85
451,203
452,198
453,197
454,223
455,218
456,205
457,250
458,217
459,254
460,235
461,243
462,250
463,179
464,226
465,163
466,184
467,182
468,171
469,164
470,113
471,193
472,201
473,170
474,185
475,246
476,223
477,181
478,223
479,142
480,164
481,248
482,235
483,248
484,157
485,173
486,226
487,74
488,170
489,233
490,181
491,155
492,205
493,48
494,174
495,153
496,230
497,239
498,235
499,238
500,183
501,197
502,239
503,247
504,162
505,243
506,134
507,200
508,151
509,43
510,229
511,230
512,224
513,252
514,178
515,237
516,184
517,166
518,116
519,227
520,116
521,220
522,177
523,89
524,197
525,216
526,219
527,227
528,224
529,226
530,186
531,216
532,115
533,182
534,251
535,152
536,228
537,230
538,163
539,110
540,202
541,247
542,212
543,186
544,229
545,162
546,192
547,149
548,118
549,256
550,177
551,158
552,228
553,157
554,91
555,208
556,0
557,235
558,151
559,186
560,165
561,213
562,191
563,119
564,218
565,174
566,253
567,252
568,218
569,247
570,209
571,131
572,232
573,234
574,203
575,199
576,220
577,149
578,234
579,255
580,202
581,85
582,221
583,254
584,249
585,114
586,188
587,209
588,203
589,85
590,233
591,231
592,249
593,141
594,174
595,228
596,241
597,248
598,169
599,237
600,163
601,211
602,126
603,213
604,174
605,145
606,181
607,203
608,216
609,118
610,218
611,250
612,190
613,249
614,79
615,253
616,155
617,172
618,167
619,116
620,208
621,220
622,135
623,235
624,191
625,188
626,221
627,210
628,215
629,164
630,199
631,199
632,231
633,213
634,211
635,200
636,176
637,100
638,67
639,230
640,76
641,167
642,192
643,203
644,241
645,230
646,240
647,225
648,190
649,206
650,183
651,250
652,129
653,156
654,20
655,207
656,134
657,246
658,238
659,179
660,222
661,208
662,184
663,209
664,227
665,112
666,233
667,135
668,213
669,153
670,192
671,216
672,20
673,232
674,202
675,220
676,150
677,160
678,201
679,227
680,242
681,148
682,245
683,182
684,203
685,230
686,169
687,187
688,206
689,102
690,246
691,230
692,209
693,190
694,164
695,233
696,144
697,237
698,33
699,169
700,217
701,220
702,154
703,254
704,184
705,227
706,110
707,247
708,100
709,154
710,247
711,251
712,252
713,230
714,150
715,168
716,184
717,222
718,153
719,107
720,142
721,233
722,106
723,219
724,226
725,194
726,138
727,253
728,48
729,212
730,213
731,167
732,232
733,135
734,235
735,166
736,177
737,183
738,216
739,206
740,231
741,221
742,154
743,138
744,192
745,169
746,89
747,254
748,202
749,242
750,180
751,66
752,205
753,133
754,249
755,103
756,231
757,203
758,190
759,238
760,201
761,139
762,213
763,227
764,203
765,243
766,161
767,208
768,151
769,222
770,179
771,226
772,142
773,231
774,201
775,172
776,202
777,223
778,196
779,112
780,222
781,181
782,125
783,243
784,209
785,251
786,240
787,97
788,132
789,232
790,252
791,105
792,182
793,239
794,194
795,225
796,128
797,180
798,232
799,256
800,163
801,234
802,219
803,171
804,178
805,229
806,247
807,204
808,246
809,220
810,208
811,133
812,171
813,235
814,196
815,211
816,207
817,161
818,109
819,194
820,251
821,223
822,0
823,216
824,232
825,196
826,201
827,237
828,212
829,228
830,202
831,197
832,200
833,138
834,176
835,172
836,170
837,145
838,158
839,154
840,236
841,235
842,236
843,225
844,208
845,237
846,124
847,193
848,233
849,174
850,216
851,186
852,186
853,247
854,171
855,164
856,67
857,246
858,190
859,151
860,239
861,206
862,173
863,219
864,171
865,158
866,215
867,237
868,156
869,229
870,186
871,226
872,225
873,214
874,243
875,239
876,202
877,220
878,195
879,199
880,246
881,154
882,13
883,233
884,183
885,222
886,153
887,229
888,219
889,70
890,248
891,205
892,201
893,202
894,171
895,252
896,237
897,225
898,157
899,170
900,153
901,199
902,210
903,135
904,140
905,189
906,128
907,18
908,197
909,216
910,237
911,205
912,77
913,214
914,244
915,215
916,129
917,187
918,168
919,201
920,207
921,188
922,201
923,242
924,245
925,159
926,227
927,134
928,237
929,232
930,229
931,235
932,186
933,239
934,176
935,243
936,229
937,160
938,81
939,250
940,234
941,205
942,101
943,200
944,211
945,237
946,213
947,177
948,183
949,256
950,186
951,242
952,172
953,233
954,241
955,151
956,238
957,247
958,216
959,219
960,214
961,249
962,250
963,145
964,193
965,200
966,248
967,252
968,225
969,173
970,227
971,119
972,187
973,127
974,187
975,163
976,232
977,156
978,226
979,238
980,199
981,255
982,170
983,229
984,241
985,96
986,1
987,236
988,155
989,179
990,161
991,171
992,157
993,222
994,201
995,173
996,204
997,218
998,203
999,250
1000,242
1001,192
1002,249
1003,116
1004,186
1005,201
1006,178
1007,195
1008,162
1009,164
1010,78
1011,177
1012,248
1013,219
1014,232
1015,197
1016,214
1017,222
1018,195
1019,228
1020,216
1021,110
1022,238
1023,184
1024,126
1025,254
1026,191
1027,226
1028,251
1029,203
1030,198
1031,108
1032,112
1033,245
1034,175
1035,246
1036,80
1037,58
1038,190
1039,131
1040,199
1041,178
1042,179
1043,213
1044,150
1045,211
1046,191
1047,199
1048,169
1049,148
1050,228
1051,252
1052,213
1053,169
1054,149
1055,136
1056,188
1057,242
1058,126
1059,204
1060,221
1061,153
1062,225
1063,223
1064,204
1065,227
1066,70
1067,221
1068,221
1069,249
1070,252
1071,171
1072,157
1073,207
1074,158
1075,254
1076,221
1077,249
1078,203
1079,244
1080,163
1081,228
1082,168
1083,199
1084,223
1085,183
1086,162
1087,167
1088,161
1089,190
1090,132
1091,200
1092,114
1093,121
1094,104
1095,222
1096,105
1097,118
1098,142
1099,204
1100,218
1101,238
1102,135
1103,202
1104,241
1105,174
1106,174
1107,250
1108,244
1109,229
1110,253
1111,234
1112,248
1113,242
1114,149
1115,217
1116,212
1117,151
1118,192
1119,196
1120,229
1121,151
1122,162
1123,130
1124,132
1125,236
1126,138
1127,181
1128,107
1129,220
1130,250
1131,256
1132,215
1133,234
1134,91
1135,210
1136,173
1137,174
1138,207
1139,108
1140,240
1141,241
1142,234
1143,149
1144,129
1145,195
1146,189
1147,208
1148,174
1149,170
1150,16
1151,246
1152,117
1153,207
1154,241
1155,169
1156,253
1157,239
1158,219
1159,245
1160,181
1161,228
1162,174
1163,229
1164,139
1165,168
1166,242
1167,188
1168,179
1169,154
1170,239
1171,192
1172,182
1173,210
1174,212
1175,228
1176,134
1177,227
1178,195
1179,245
1180,116
1181,185
1182,178
1183,212
1184,175
1185,245
1186,256
1187,94
1188,134
1189,227
1190,241
1191,234
1192,203
1193,249
1194,248
1195,230
1196,122
1197,169
1198,173
1199,91
1200,107
1201,255
1202,224
1203,240
1204,107
1205,233
1206,222
1207,220
1208,158
1209,236
1210,210
1211,186
1212,213
1213,75
1214,247
1215,0
1216,225
1217,10
1218,182
1219,243
1220,239
1221,165
1222,107
1223,217
1224,143
1225,57
1226,192
1227,199
1228,40
1229,170
1230,174
1231,169
1232,176
1233,240
1234,87
1235,96
1236,170
1237,110
1238,214
1239,243
1240,200
1241,213
1242,217
1243,212
1244,181
1245,99
1246,254
1247,245
1248,177
1249,216
1250,189
1251,196
1252,195
1253,244
1254,215
1255,197
1256,220
1257,161
1258,212
1259,244
1260,232
1261,237
1262,168
1263,253
1264,201
1265,182
1266,165
1267,209
1268,189
1269,245
1270,184
1271,220
1272,218
1273,230
1274,99
1275,179
1276,130
1277,207
1278,218
1279,192
1280,162
1281,193
1282,150
1283,206
1284,242
1285,76
1286,178
1287,93
1288,166
1289,207
1290,144
1291,98
1292,194
1293,127
1294,223
1295,189
1296,234
1297,239
1298,161
1299,252
1300,31
1301,233
1302,218
1303,205
1304,205
1305,162
1306,129
1307,192
1308,159
1309,176
1310,190
1311,200
1312,213
1313,188
1314,215
1315,256
1316,226
1317,182
1318,175
1319,109
1320,197
1321,112
1322,212
1323,246
1324,61
1325,176
1326,178
1327,251
1328,205
1329,220
1330,197
1331,192
1332,255
1333,223
1334,239
1335,180
1336,180
1337,136
1338,200
1339,195
1340,246
1341,254
1342,204
1343,214
1344,237
1345,227
1346,199
1347,253
1348,186
1349,183
1350,230
1351,240
1352,163
1353,231
1354,231
1355,112
1356,160
1357,137
1358,200
1359,84
1360,235
1361,246
1362,222
1363,195
1364,162
1365,177
1366,61
1367,230
1368,158
1369,235
1370,238
1371,191
1372,253
1373,197
1374,200
1375,187
1376,207
1377,211
1378,50
1379,182
1380,205
1381,198
1382,189
1383,233
1384,36
1385,163
1386,155
1387,202
1388,108
1389,247
1390,216
1391,214
1392,113
1393,240
1394,223
1395,233
1396,198
1397,240
1398,150
1399,219
1400,133
1401,211
1402,203
1403,178
1404,148
1405,179
1406,255
1407,0
1408,130
1409,123
1410,198
1411,227
1412,228
1413,228
1414,206
1415,229
1416,85
1417,228
1418,153
1419,38
1420,227
1421,225
1422,198
1423,256
1424,181
1425,192
1426,232
1427,146
1428,187
1429,182
1430,230
1431,106
1432,167
1433,232
1434,189
1435,164
1436,242
1437,230
1438,186
1439,224
1440,212
1441,246
1442,167
1443,251
1444,181
1445,241
1446,228
1447,219
1448,224
1449,200
1450,192
1451,161
1452,241
1453,137
1454,225
1455,233
1456,242
1457,186
1458,212
1459,192
1460,120
1461,196
1462,234
1463,211
1464,69
1465,222
1466,249
1467,237
1468,174
1469,196
1470,137
1471,240
1472,225
1473,213
1474,0
1475,211
1476,172
1477,202
1478,189
1479,216
1480,215
1481,0
1482,226
1483,167
1484,204
1485,207
1486,189
1487,251
1488,185
1489,218
1490,190
1491,250
1492,181
1493,251
1494,156
1495,242
1496,227
1497,195
1498,150
1499,207
1500,66
1501,204
1502,128
1503,164
1504,154
1505,129
1506,138
1507,225
1508,242
1509,180
1510,113
1511,242
1512,102
1513,149
1514,228
1515,184
1516,203
1517,197
1518,234
1519,206
1520,193
1521,212
1522,238
1523,250
1524,139
1525,221
1526,229
1527,174
1528,172
1529,195
1530,168
1531,221
1532,151
1533,27
1534,169
1535,209
1536,231
1537,172
1538,157
1539,235
1540,196
1541,247
1542,249
1543,217
1544,193
1545,140
1546,237
1547,166
1548,143
1549,151
1550,144
1551,179
1552,229
1553,229
1554,83
1555,233
1556,75
1557,212
1558,214
1559,174
1560,177
1561,180
1562,255
1563,179
1564,240
1565,158
1566,250
1567,234
1568,229
1569,166
1570,244
1571,242
1572,217
1573,230
1574,194
1575,206
1576,166
1577,240
1578,191
1579,229
1580,229
1581,238
1582,180
1583,206
1584,113
1585,179
1586,243
1587,234
1588,225
1589,196
1590,242
1591,198
1592,166
1593,142
1594,173
1595,235
1596,224
1597,160
1598,191
1599,182
1600,180
1601,170
1602,199
1603,218
1604,191
1605,238
1606,97
1607,230
1608,147
1609,187
1610,116
1611,207
1612,254
1613,189
1614,227
1615,179
1616,163
1617,182
1618,191
1619,226
1620,231
1621,100
1622,172
1623,200
1624,166
1625,190
1626,175
1627,208
1628,229
1629,149
1630,229
1631,239
1632,194
1633,221
1634,127
1635,199
1636,186
1637,205
1638,144
1639,169
1640,181
1641,214
1642,242
1643,168
1644,160
1645,252
1646,120
1647,227
1648,223
1649,209
1650,241
1651,222
1652,154
1653,182
1654,130
1655,238
1656,98
1657,200
1658,80
1659,177
1660,166
1661,249
1662,161
1663,136
1664,187
1665,243
1666,140
1667,189
1668,206
1669,105
1670,218
1671,140
1672,216
1673,84
1674,216
1675,200
1676,219
1677,227
1678,223
1679,42
1680,133
1681,223
1682,218
1683,168
1684,187
1685,209
1686,238
1687,225
1688,248
1689,210
1690,234
1691,108
1692,129
1693,154
1694,173
1695,74
1696,224
1697,147
1698,218
1699,204
1700,225
1701,249
1702,250
1703,243
1704,256
1705,208
1706,245
1707,256
1708,230
1709,236
1710,203
1711,217
1712,177
1713,158
1714,154
1715,180
1716,130
1717,186
1718,217
1719,202
1720,221
1721,171
1722,216
1723,122
1724,256
1725,219
1726,175
1727,225
1728,222
1729,227
1730,160
1731,199
1732,218
1733,82
1734,158
1735,27
1736,209
1737,251
1738,172
1739,243
1740,210
1741,116
1742,253
1743,190
1744,176
1745,147
1746,164
1747,214
1748,215
1749,140
1750,227
1751,150
1752,161
1753,223
1754,244
1755,200
1756,213
1757,189
1758,243
1759,219
1760,169
1761,54
1762,249
1763,203
1764,204
1765,52
1766,250
1767,183
1768,151
1769,219
1770,0
1771,206
1772,45
1773,166
1774,105
1775,174
1776,87
1777,233
1778,108
1779,171
1780,255
1781,117
1782,207
1783,215
1784,95
1785,177
1786,194
1787,236
1788,186
1789,248
1790,189
1791,79
1792,99
1793,191
1794,85
1795,84
1796,221
1797,64
1798,176
1799,205
1800,211
1801,192
1802,182
1803,108
1804,173
1805,160
1806,32
1807,190
1808,201
1809,140
1810,159
1811,214
1812,216
1813,208
1814,160
1815,198
1816,141
1817,92
1818,110
1819,243
1820,217
1821,205
1822,211
1823,236
1824,214
1825,213
1826,226
1827,185
1828,183
1829,83
1830,121
1831,188
1832,200
1833,248
1834,120
1835,188
1836,222
1837,187
1838,215
1839,157
1840,231
1841,160
1842,245
1843,165
1844,252
1845,44
1846,134
1847,215
1848,110
1849,180
1850,234
1851,113
1852,212
1853,199
1854,171
1855,199
1856,161
1857,220
1858,238
1859,180
1860,161
1861,207
1862,129
1863,174
1864,187
1865,207
1866,204
1867,253
1868,204
1869,219
1870,198
1871,176
1872,0
1873,195
1874,212
1875,235
1876,153
1877,211
1878,243
1879,175
1880,140
1881,88
1882,212
1883,169
1884,247
1885,126
1886,92
1887,243
1888,155
1889,171
1890,222
1891,168
1892,131
1893,216
1894,251
1895,220
1896,199
1897,219
1898,188
1899,191
1900,192
1901,244
1902,201
1903,172
1904,195
1905,194
1906,225
1907,211
1908,185
1909,137
1910,203
1911,219
1912,211
1913,100
1914,127
1915,158
1916,220
1917,205
1918,133
1919,161
1920,231
1921,217
1922,223
1923,191
1924,119
1925,200
1926,214
1927,152
1928,176
1929,191
1930,145
1931,255
1932,223
1933,222
1934,200
1935,242
1936,200
1937,196
1938,51
1939,185
1940,176
1941,225
1942,210
1943,169
1944,248
1945,199
1946,134
1947,192
1948,246
1949,94
1950,158
1951,148
1952,203
1953,112
1954,240
1955,132
1956,201
1957,225
1958,170
1959,169
1960,169
1961,98
1962,176
1963,125
1964,52
1965,167
1966,214
1967,204
1968,245
1969,255
1970,241
1971,252
1972,195
1973,119
1974,222
1975,169
1976,214
1977,226
1978,184
1979,243
1980,194
1981,230
1982,231
1983,234
1984,207
1985,150
1986,242
1987,206
1988,243
1989,215
1990,240
1991,174
1992,236
1993,147
1994,72
1995,202
1996,67
1997,178
1998,208
1999,196
2000,199
2001,212
2002,196
2003,226
2004,179
2005,196
2006,222
2007,229
2008,215
2009,223
2010,221
2011,230
2012,234
2013,215
2014,167
2015,164
2016,235
2017,215
2018,202
2019,225
2020,181
2021,231
2022,73
2023,220
2024,191
2025,241
2026,233
2027,132
2028,208
2029,125
2030,254
2031,227
2032,226
2033,238
2034,185
2035,226
2036,122
2037,138
2038,163
2039,202
2040,160
2041,222
2042,20
2043,190
2044,245
2045,123
2046,256
2047,247
2048,203
2049,175
2050,73
2051,157
2052,147
2053,222
2054,225
2055,228
2056,228
2057,216
2058,198
2059,211
2060,128
2061,224
2062,82
2063,23
2064,100
2065,234
2066,232
2067,98
2068,79
2069,104
2070,184
2071,215
2072,182
2073,217
2074,252
2075,245
2076,157
2077,158
2078,241
2079,152
2080,209
2081,230
2082,221
2083,191
2084,217
2085,152
2086,154
2087,176
2088,204
2089,239
2090,146
2091,254
2092,170
2093,233
2094,211
2095,204
2096,241
2097,186
2098,204
2099,133
2100,181
2101,246
2102,185
2103,158
2104,214
2105,110
2106,240
2107,224
2108,194
2109,238
2110,195
2111,228
2112,144
2113,182
2114,214
2115,234
2116,212
2117,242
2118,228
2119,248
2120,172
2121,136
2122,215
2123,157
2124,230
2125,234
2126,197
2127,168
2128,149
2129,168
2130,233
2131,189
2132,157
2133,182
2134,153
2135,183
2136,224
2137,164
2138,256
2139,215
2140,185
2141,225
2142,199
2143,231
2144,224
2145,224
2146,176
2147,187
2148,216
2149,207
2150,196
2151,254
2152,189
2153,207
2154,238
2155,244
2156,245
2157,227
2158,164
2159,198
2160,127
2161,186
2162,25
2163,236
2164,234
2165,142
2166,235
2167,181
2168,198
2169,252
2170,229
2171,186
2172,121
2173,150
2174,175
2175,182
2176,241
2177,251
2178,211
2179,216
2180,256
2181,187
2182,185
2183,149
2184,172
2185,196
2186,115
2187,22
2188,218
2189,198
2190,169
2191,218
2192,178
2193,61
2194,251
2195,131
2196,119
2197,222
2198,151
2199,148
2200,155
2201,197
2202,241
2203,0
2204,167
2205,142
2206,246
2207,178
2208,178
2209,192
2210,142
2211,241
2212,143
2213,156
2214,229
2215,256
2216,227
2217,239
2218,200
2219,186
2220,184
2221,238
2222,224
2223,176
2224,86
2225,219
2226,218
2227,123
2228,177
2229,180
2230,240
2231,228
2232,139
2233,204
2234,175
2235,236
2236,80
2237,244
2238,230
2239,156
2240,198
2241,189
2242,190
2243,196
2244,142
2245,182
2246,184
2247,212
2248,222
2249,173
2250,235
2251,255
2252,141
2253,216
2254,251
2255,216
2256,119
2257,223
2258,179
2259,76
2260,209
2261,201
2262,232
2263,153
2264,242
2265,31
2266,227
2267,214
2268,0
2269,166
2270,166
2271,69
2272,246
2273,190
2274,237
2275,148
2276,256
2277,230
2278,162
2279,179
2280,228
2281,164
2282,168
2283,76
2284,253
2285,236
2286,128
2287,219
2288,234
2289,231
2290,204
2291,208
2292,243
2293,105
2294,177
2295,161
2296,173
2297,162
2298,250
2299,220
2300,203
2301,196
2302,249
2303,240
2304,239
2305,240
2306,175
2307,148
2308,202
2309,220
2310,179
2311,137
2312,245
2313,221
2314,251
2315,256
2316,187
2317,0
2318,130
2319,212
2320,212
2321,213
2322,240
2323,245
2324,244
2325,225
2326,133
2327,234
2328,129
2329,184
2330,202
2331,176
2332,190
2333,189
2334,238
2335,205
2336,151
2337,233
2338,232
2339,154
2340,236
2341,165
2342,256
2343,206
2344,200
2345,212
2346,229
2347,218
2348,244
2349,207
2350,178
2351,240
2352,95
2353,140
2354,154
2355,246
2356,222
2357,206
2358,210
2359,58
2360,225
2361,113
2362,154
2363,222
2364,218
2365,180
2366,138
2367,246
2368,148
2369,158
2370,241
2371,216
2372,147
2373,246
2374,222
2375,226
2376,216
2377,16
2378,253
2379,249
2380,213
2381,190
2382,153
2383,235
2384,242
2385,208
2386,175
2387,212
2388,225
2389,156
2390,231
2391,163
2392,162
2393,217
2394,150
2395,156
2396,168
2397,246
2398,171
2399,226
