0,6
1,233
2,234
3,174
4,211
5,148
6,169
7,33
8,195
9,130
10,118
11,191
12,232
13,226
14,251
15,139
16,123
17,212
18,145
19,59
20,129
21,171
22,141
23,196
24,26
25,96
26,181
27,154
28,118
29,217
30,219
31,148
32,174
33,153
34,99
35,11
36,227
37,175
38,221
39,242
40,120
41,219
42,159
43,31
44,140
45,231
46,213
47,199
48,130
49,101
50,164
51,125
52,240
53,243
54,208
55,162
56,191
57,155
58,168
59,136
60,94
61,171
62,139
63,196
64,209
65,68
66,198
67,144
68,121
69,152
70,113
71,182
72,207
73,212
74,123
75,127
76,119
77,143
78,165
79,218
80,221
81,150
82,194
83,193
84,192
85,103
86,196
87,247
88,214
89,200
90,138
91,130
92,93
93,229
94,133
95,181
96,102
97,140
98,205
99,225
100,161
101,239
102,183
103,224
104,55
105,147
106,191
107,173
108,144
109,75
110,227
111,164
112,217
113,16
114,206
115,159
116,83
117,140
118,210
119,202
120,199
121,0
122,191
123,226
124,187
125,156
126,175
127,192
128,170
129,43
130,184
131,204
132,204
133,57
134,194
135,115
136,48
137,219
138,195
139,194
140,127
141,206
142,93
143,177
144,204
145,183
146,160
147,209
148,110
149,216
150,117
151,147
152,144
153,162
154,141
155,228
156,242
157,83
158,206
159,182
160,202
161,187
162,75
163,150
164,228
165,223
166,162
167,212
168,180
169,216
170,201
171,155
172,134
173,239
174,108
175,98
176,189
177,84
178,145
179,202
180,128
181,157
182,0
183,99
184,188
185,147
186,150
187,211
188,47
189,168
190,89
191,241
192,185
193,161
194,131
195,208
196,141
197,208
198,241
199,163
200,118
201,215
202,219
203,182
204,160
205,178
206,177
207,171
208,199
209,225
210,155
211,206
212,210
213,214
214,195
215,212
216,210
217,24
218,187
219,209
220,210
221,180
222,244
223,158
224,203
225,214
226,174
227,242
228,213
229,212
230,63
231,197
232,123
233,139
234,101
235,102
236,177
237,104
238,149
239,232
240,134
241,128
242,240
243,208
244,139
245,220
246,189
247,41
248,217
249,155
250,164
251,174
252,158
253,107
254,186
255,156
256,218
257,170
258,186
259,238
260,223
261,110
262,176
263,195
264,129
265,186
266,110
267,186
268,176
269,209
270,235
271,77
272,112
273,159
274,68
275,218
276,162
277,167
278,158
279,156
280,93
281,227
282,105
283,156
284,188
285,69
286,122
287,127
288,193
289,191
290,202
291,234
292,227
293,206
294,185
295,230
296,158
297,188
298,207
299,213
300,202
301,164
302,218
303,174
304,210
305,230
306,239
307,123
308,210
309,175
310,224
311,81
312,179
313,128
314,152
315,109
316,182
317,222
318,153
319,20
320,157
321,96
322,198
323,230
324,224
325,170
326,202
327,238
328,233
329,142
330,154
331,190
332,246
333,207
334,217
335,170
336,143
337,207
338,160
339,208
340,243
341,111
342,23
343,144
344,100
345,159
346,165
347,156
348,246
349,118
350,249
351,188
352,141
353,90
354,195
355,202
356,184
357,164
358,211
359,162
360,125
361,136
362,181
363,144
364,151
365,206
366,71
367,202
368,233
369,170
370,224
371,208
372,232
373,105
374,83
375,156
376,168
377,161
378,143
379,192
380,129
381,157
382,48
383,158
384,225
385,124
386,98
387,236
388,121
389,240
390,143
391,184
392,228
393,76
394,149
395,240
396,227
397,228
398,237
399,99
400,162
401,99
402,238
403,244
404,193
405,123
406,108
407,145
408,200
409,230
410,240
411,229
412,208
413,113
414,74
415,210
416,237
417,248
418,162
419,174
420,134
421,66
422,151
423,93
424,204
425,229
426,96
427,225
428,190
429,152
430,240
431,224
432,78
433,232
434,157
435,84
436,159
437,207
438,199
439,198
440,138
441,223
442,129
443,50
444,180
445,68
446,188
447,182
448,218
449,206
450,213
451,147
452,256
453,136
454,223
455,152
456,217
457,225
458,209
459,200
460,232
461,126
462,178
463,229
464,243
465,130
466,82
467,180
468,185
469,246
470,167
471,229
472,149
473,113
474,169
475,146
476,234
477,168
478,104
479,245
480,197
481,126
482,189
483,214
484,76
485,228
486,112
487,221
488,248
489,111
490,220
491,240
492,124
493,213
494,113
495,250
496,218
497,233
498,158
499,174
500,197
501,238
502,235
503,241
504,129
505,201
506,186
507,185
508,211
509,202
510,128
511,202
512,214
513,121
514,167
515,242
516,228
517,157
518,225
519,227
520,216
521,158
522,111
523,228
524,175
525,238
526,188
527,159
528,209
529,206
530,217
531,223
532,144
533,201
534,221
535,165
536,228
537,128
538,237
539,213
540,210
541,150
542,139
543,191
544,228
545,183
546,140
547,237
548,215
549,164
550,127
551,187
552,136
553,168
554,244
555,178
556,180
557,211
558,137
559,236
560,207
561,247
562,118
563,225
564,145
565,213
566,80
567,211
568,204
569,167
570,188
571,228
572,200
573,171
574,242
575,141
576,219
577,238
578,197
579,239
580,207
581,242
582,185
583,157
584,180
585,152
586,176
587,194
588,183
589,229
590,222
591,156
592,191
593,151
594,122
595,143
596,212
597,235
598,148
599,138
600,145
601,241
602,104
603,89
604,145
605,227
606,153
607,170
608,197
609,113
610,151
611,186
612,194
613,50
614,222
615,117
616,65
617,174
618,237
619,187
620,45
621,187
622,231
623,158
624,132
625,202
626,167
627,212
628,227
629,159
630,221
631,222
632,96
633,152
634,201
635,213
636,236
637,171
638,170
639,93
640,210
641,171
642,235
643,185
644,195
645,147
646,238
647,170
648,203
649,73
650,135
651,209
652,206
653,227
654,185
655,207
656,129
657,203
658,196
659,220
660,131
661,211
662,176
663,185
664,180
665,192
666,235
667,218
668,138
669,216
670,104
671,166
672,186
673,180
674,242
675,213
676,203
677,156
678,142
679,96
680,222
681,136
682,160
683,211
684,228
685,213
686,152
687,227
688,207
689,188
690,109
691,219
692,10
693,243
694,239
695,162
696,135
697,182
698,121
699,139
700,115
701,227
702,235
703,244
704,129
705,224
706,65
707,162
708,135
709,241
710,177
711,232
712,100
713,234
714,178
715,118
716,161
717,250
718,195
719,91
720,206
721,191
722,174
723,63
724,190
725,117
726,192
727,0
728,127
729,218
730,217
731,91
732,174
733,189
734,238
735,182
736,220
737,165
738,185
739,67
740,191
741,221
742,93
743,242
744,222
745,110
746,207
747,110
748,159
749,192
750,71
751,197
752,208
753,190
754,215
755,213
756,201
757,218
758,239
759,141
760,168
761,252
762,245
763,224
764,224
765,224
766,239
767,160
768,220
769,185
770,233
771,107
772,222
773,179
774,154
775,243
776,195
777,239
778,201
779,244
780,176
781,222
782,87
783,206
784,86
785,191
786,77
787,175
788,84
789,230
790,182
791,100
792,112
793,205
794,232
795,125
796,118
797,239
798,88
799,111
800,226
801,156
802,183
803,250
804,244
805,122
806,132
807,208
808,210
809,200
810,208
811,206
812,185
813,134
814,208
815,199
816,134
817,183
818,229
819,201
820,168
821,171
822,221
823,209
824,195
825,185
826,230
827,142
828,246
829,211
830,210
831,205
832,128
833,222
834,191
835,162
836,189
837,143
838,248
839,229
840,46
841,132
842,181
843,213
844,161
845,124
846,144
847,242
848,198
849,221
850,207
851,0
852,125
853,156
854,184
855,131
856,207
857,245
858,163
859,224
860,218
861,135
862,199
863,173
864,166
865,222
866,227
867,233
868,241
869,242
870,154
871,215
872,220
873,183
874,160
875,218
876,173
877,191
878,170
879,175
880,181
881,184
882,201
883,168
884,195
885,144
886,225
887,243
888,167
889,240
890,185
891,70
892,97
893,202
894,172
895,163
896,175
897,65
898,195
899,208
900,194
901,125
902,212
903,144
904,228
905,141
906,201
907,166
908,174
909,158
910,129
911,223
912,134
913,215
914,133
915,240
916,195
917,168
918,188
919,42
920,183
921,151
922,118
923,180
924,195
925,188
926,123
927,201
928,125
929,207
930,106
931,104
932,147
933,201
934,175
935,149
936,198
937,224
938,195
939,95
940,171
941,226
942,181
943,150
944,209
945,160
946,183
947,132
948,199
949,120
950,144
951,144
952,218
953,237
954,180
955,244
956,198
957,211
958,168
959,143
960,189
961,224
962,31
963,213
964,189
965,81
966,110
967,201
968,102
969,224
970,224
971,154
972,166
973,86
974,189
975,134
976,207
977,119
978,216
979,238
980,206
981,182
982,106
983,143
984,155
985,236
986,198
987,228
988,234
989,139
990,244
991,143
992,173
993,205
994,223
995,203
996,162
997,236
998,160
999,219
1000,218
1001,145
1002,179
1003,245
1004,223
1005,234
1006,179
1007,193
1008,186
1009,187
1010,226
1011,193
1012,160
1013,203
1014,206
1015,226
1016,174
1017,198
1018,219
1019,245
1020,226
1021,248
1022,124
1023,124
1024,136
1025,227
1026,203
1027,82
1028,198
1029,182
1030,234
1031,164
1032,127
1033,146
1034,201
1035,192
1036,227
1037,167
1038,230
1039,162
1040,198
1041,121
1042,206
1043,167
1044,143
1045,224
1046,189
1047,154
1048,231
1049,120
1050,187
1051,200
1052,212
1053,185
1054,166
1055,142
1056,239
1057,209
1058,146
1059,209
1060,230
1061,158
1062,194
1063,174
1064,225
1065,209
1066,190
1067,232
1068,244
1069,206
1070,232
1071,184
1072,143
1073,218
1074,241
1075,174
1076,215
1077,197
1078,169
1079,176
1080,225
1081,143
1082,182
1083,129
1084,215
1085,221
1086,219
1087,129
1088,196
1089,145
1090,223
1091,179
1092,207
1093,178
1094,204
1095,230
1096,132
1097,215
1098,211
1099,223
1100,208
1101,227
1102,236
1103,223
1104,164
1105,219
1106,217
1107,127
1108,230
1109,213
1110,170
1111,142
1112,191
1113,220
1114,228
1115,177
1116,230
1117,170
1118,186
1119,145
1120,230
1121,216
1122,165
1123,147
1124,165
1125,131
1126,245
1127,218
1128,181
1129,208
1130,179
1131,239
1132,161
1133,238
1134,160
1135,182
1136,223
1137,186
1138,249
1139,185
1140,247
1141,203
1142,186
1143,130
1144,105
1145,126
1146,50
1147,250
1148,137
1149,211
1150,134
1151,228
1152,186
1153,183
1154,143
1155,193
1156,195
1157,209
1158,208
1159,233
1160,146
1161,231
1162,129
1163,249
1164,152
1165,240
1166,172
1167,221
1168,238
1169,215
1170,181
1171,185
1172,213
1173,188
1174,243
1175,248
1176,218
1177,195
1178,247
1179,115
1180,179
1181,115
1182,150
1183,139
1184,227
1185,246
1186,220
1187,191
1188,161
1189,205
1190,209
1191,121
1192,245
1193,207
1194,230
1195,248
1196,194
1197,186
1198,166
1199,233
1200,158
1201,247
1202,111
1203,216
1204,178
1205,173
1206,139
1207,171
1208,84
1209,215
1210,171
1211,215
1212,213
1213,194
1214,61
1215,96
1216,123
1217,198
1218,132
1219,249
1220,203
1221,200
1222,25
1223,104
1224,177
1225,0
1226,236
1227,100
1228,179
1229,237
1230,102
1231,25
1232,146
1233,170
1234,136
1235,192
1236,186
1237,150
1238,164
1239,212
1240,184
1241,158
1242,93
1243,221
1244,234
1245,249
1246,233
1247,135
1248,239
1249,164
1250,238
1251,188
1252,171
1253,194
1254,77
1255,72
1256,174
1257,235
1258,164
1259,113
1260,164
1261,218
1262,101
1263,246
1264,179
1265,172
1266,62
1267,77
1268,241
1269,194
1270,228
1271,195
1272,203
1273,225
1274,241
1275,209
1276,146
1277,106
1278,210
1279,251
1280,153
1281,86
1282,230
1283,156
1284,146
1285,66
1286,171
1287,0
1288,158
1289,201
1290,234
1291,225
1292,85
1293,207
1294,123
1295,141
1296,232
1297,108
1298,110
1299,46
1300,245
1301,168
1302,237
1303,168
1304,203
1305,231
1306,221
1307,232
1308,61
1309,158
1310,137
1311,160
1312,43
1313,228
1314,230
1315,226
1316,114
1317,183
1318,126
1319,207
1320,123
1321,85
1322,162
1323,238
1324,73
1325,142
1326,119
1327,100
1328,143
1329,218
1330,194
1331,97
1332,105
1333,134
1334,195
1335,139
1336,69
1337,130
1338,9
1339,214
1340,49
1341,207
1342,225
1343,202
1344,119
1345,70
1346,247
1347,107
1348,219
1349,159
1350,238
1351,0
1352,187
1353,0
1354,226
1355,92
1356,228
1357,205
1358,179
1359,146
1360,219
1361,128
1362,180
1363,68
1364,242
1365,241
1366,163
1367,172
1368,132
1369,138
1370,225
1371,209
1372,82
1373,123
1374,241
1375,245
1376,145
1377,201
1378,163
1379,222
1380,203
1381,104
1382,212
1383,230
1384,219
1385,74
1386,235
1387,215
1388,0
1389,51
1390,21
1391,225
1392,173
1393,208
1394,201
1395,45
1396,134
1397,52
1398,170
1399,180
1400,186
1401,210
1402,140
1403,206
1404,228
1405,152
1406,198
1407,76
1408,152
1409,216
1410,183
1411,203
1412,219
1413,207
1414,233
1415,104
1416,173
1417,119
1418,242
1419,195
1420,168
1421,227
1422,245
1423,111
1424,127
1425,243
1426,36
1427,113
1428,222
1429,218
1430,41
1431,182
1432,204
1433,120
1434,130
1435,239
1436,163
1437,125
1438,238
1439,245
1440,236
1441,96
1442,165
1443,238
1444,210
1445,224
1446,117
1447,154
1448,201
1449,102
1450,18
1451,187
1452,196
1453,113
1454,235
1455,245
1456,186
1457,40
1458,169
1459,160
1460,209
1461,236
1462,5
1463,187
1464,68
1465,179
1466,212
1467,225
1468,235
1469,166
1470,132
1471,203
1472,143
1473,158
1474,208
1475,201
1476,198
1477,64
1478,221
1479,177
1480,187
1481,140
1482,234
1483,225
1484,225
1485,138
1486,247
1487,127
1488,240
1489,216
1490,194
1491,79
1492,231
1493,202
1494,251
1495,232
1496,248
1497,227
1498,219
1499,175
1500,130
1501,193
1502,189
1503,165
1504,95
1505,161
1506,119
1507,78
1508,190
1509,181
1510,127
1511,189
1512,136
1513,84
1514,141
1515,232
1516,192
1517,210
1518,226
1519,75
1520,204
1521,240
1522,182
1523,102
1524,129
1525,226
1526,191
1527,206
1528,195
1529,217
1530,152
1531,107
1532,134
1533,238
1534,126
1535,91
1536,132
1537,168
1538,135
1539,220
1540,181
1541,235
1542,66
1543,213
1544,164
1545,118
1546,183
1547,167
1548,23
1549,171
1550,26
1551,84
1552,160
1553,175
1554,170
1555,171
1556,135
1557,222
1558,187
1559,154
1560,232
1561,103
1562,243
1563,194
1564,129
1565,172
1566,119
1567,160
1568,237
1569,44
1570,186
1571,178
1572,245
1573,237
1574,188
1575,242
1576,131
1577,120
1578,38
1579,234
1580,218
1581,135
1582,105
1583,230
1584,179
1585,192
1586,209
1587,142
1588,190
1589,125
1590,233
1591,231
1592,213
1593,203
1594,173
1595,45
1596,162
1597,133
1598,89
1599,125
1600,221
1601,204
1602,159
1603,172
1604,239
1605,218
1606,197
1607,158
1608,236
1609,223
1610,252
1611,166
1612,181
1613,220
1614,172
1615,144
1616,238
1617,179
1618,175
1619,190
1620,158
1621,217
1622,239
1623,186
1624,211
1625,193
1626,70
1627,114
1628,223
1629,156
1630,177
1631,227
1632,211
1633,206
1634,185
1635,236
1636,197
1637,233
1638,100
1639,210
1640,220
1641,186
1642,172
1643,191
1644,227
1645,215
1646,218
1647,254
1648,254
1649,250
1650,223
1651,243
1652,174
1653,140
1654,149
1655,249
1656,198
1657,181
1658,247
1659,219
1660,236
1661,174
1662,196
1663,221
1664,152
1665,249
1666,139
1667,195
1668,136
1669,166
1670,208
1671,198
1672,251
1673,255
1674,195
1675,246
1676,219
1677,238
1678,170
1679,159
1680,224
1681,162
1682,228
1683,174
1684,177
1685,240
1686,179
1687,227
1688,242
1689,166
1690,81
1691,145
1692,224
1693,170
1694,116
1695,170
1696,210
1697,0
1698,224
1699,248
1700,153
1701,222
1702,166
1703,229
1704,220
1705,201
1706,234
1707,146
1708,175
1709,232
1710,200
1711,225
1712,148
1713,127
1714,16
1715,223
1716,232
1717,198
1718,45
1719,219
1720,146
1721,140
1722,191
1723,52
1724,39
1725,197
1726,239
1727,186
1728,179
1729,121
1730,159
1731,226
1732,152
1733,214
1734,137
1735,199
1736,136
1737,128
1738,191
1739,213
1740,52
1741,150
1742,144
1743,235
1744,251
1745,137
1746,142
1747,106
1748,178
1749,177
1750,104
1751,143
1752,126
1753,103
1754,188
1755,208
1756,229
1757,142
1758,234
1759,200
1760,78
1761,55
1762,227
1763,145
1764,219
1765,138
1766,160
1767,170
1768,232
1769,140
1770,215
1771,125
1772,132
1773,145
1774,109
1775,246
1776,242
1777,160
1778,112
1779,185
1780,219
1781,191
1782,76
1783,64
1784,193
1785,128
1786,80
1787,220
1788,207
1789,80
1790,239
1791,249
1792,205
1793,89
1794,201
1795,232
1796,150
1797,192
1798,221
1799,219
1800,182
1801,231
1802,233
1803,100
1804,226
1805,210
1806,186
1807,204
1808,214
1809,227
1810,166
1811,207
1812,160
1813,245
1814,159
1815,172
1816,189
1817,180
1818,167
1819,36
1820,142
1821,194
1822,209
1823,140
1824,207
1825,164
1826,147
1827,206
1828,195
1829,232
1830,222
1831,235
1832,215
1833,155
1834,92
1835,197
1836,181
1837,132
1838,242
1839,216
1840,235
1841,230
1842,213
1843,152
1844,186
1845,151
1846,75
1847,167
1848,219
1849,150
1850,189
1851,201
1852,209
1853,146
1854,184
1855,158
1856,181
1857,240
1858,204
1859,204
1860,228
1861,125
1862,144
1863,234
1864,246
1865,118
1866,209
1867,246
1868,85
1869,249
1870,239
1871,229
1872,190
1873,205
1874,222
1875,231
1876,152
1877,154
1878,199
1879,177
1880,233
1881,189
1882,245
1883,225
1884,163
1885,220
1886,194
1887,128
1888,178
1889,164
1890,236
1891,112
1892,252
1893,236
1894,203
1895,243
1896,125
1897,187
1898,195
1899,153
1900,89
1901,226
1902,180
1903,199
1904,177
1905,200
1906,6
1907,147
1908,229
1909,148
1910,167
1911,250
1912,190
1913,114
1914,104
1915,239
1916,237
1917,239
1918,232
1919,111
1920,201
1921,176
1922,245
1923,201
1924,66
1925,153
1926,193
1927,166
1928,109
1929,151
1930,21
1931,72
1932,247
1933,141
1934,45
1935,254
1936,214
1937,166
1938,197
1939,129
1940,136
1941,236
1942,248
1943,195
1944,103
1945,151
1946,210
1947,220
1948,228
1949,233
1950,183
1951,199
1952,196
1953,172
1954,113
1955,128
1956,217
1957,184
1958,197
1959,206
1960,216
1961,135
1962,84
1963,138
1964,71
1965,221
1966,229
1967,191
1968,211
1969,245
1970,129
1971,189
1972,226
1973,111
1974,184
1975,196
1976,179
1977,188
1978,168
1979,209
1980,163
1981,234
1982,233
1983,220
1984,178
1985,207
1986,207
1987,253
1988,227
1989,231
1990,129
1991,108
1992,239
1993,222
1994,145
1995,234
1996,39
1997,153
1998,229
1999,205
2000,155
2001,58
2002,100
2003,47
2004,179
2005,169
2006,208
2007,245
2008,54
2009,7
2010,248
2011,87
2012,229
2013,198
2014,132
2015,84
2016,179
2017,250
2018,192
2019,228
2020,242
2021,132
2022,193
2023,245
2024,187
2025,53
2026,204
2027,200
2028,133
2029,48
2030,224
2031,216
2032,0
2033,227
2034,113
2035,209
2036,219
2037,154
2038,242
2039,150
2040,206
2041,123
2042,161
2043,236
2044,136
2045,88
2046,232
2047,81
2048,0
2049,159
2050,206
2051,139
2052,103
2053,140
2054,240
2055,236
2056,6
2057,110
2058,195
2059,234
2060,186
2061,158
2062,157
2063,137
2064,201
2065,180
2066,222
2067,106
2068,136
2069,119
2070,203
2071,243
2072,99
2073,211
2074,206
2075,227
2076,226
2077,206
2078,164
2079,157
2080,209
2081,133
2082,125
2083,197
2084,217
2085,168
2086,174
2087,186
2088,249
2089,226
2090,181
2091,63
2092,239
2093,112
2094,166
2095,233
2096,170
2097,174
2098,168
2099,159
2100,33
2101,186
2102,159
2103,162
2104,217
2105,199
2106,190
2107,90
2108,186
2109,134
2110,229
2111,0
2112,170
2113,0
2114,65
2115,201
2116,16
2117,149
2118,190
2119,248
2120,191
2121,217
2122,142
2123,158
2124,244
2125,42
2126,175
2127,230
2128,222
2129,35
2130,154
2131,237
2132,40
2133,228
2134,134
2135,0
2136,208
2137,139
2138,176
2139,40
2140,125
2141,109
2142,190
2143,216
2144,134
2145,176
2146,33
2147,239
2148,125
2149,112
2150,118
2151,200
2152,96
2153,158
2154,224
2155,191
2156,174
2157,186
2158,210
2159,205
2160,98
2161,142
2162,167
2163,150
2164,187
2165,229
2166,158
2167,0
2168,0
2169,241
2170,238
2171,78
2172,219
2173,176
2174,216
2175,216
2176,149
2177,217
2178,110
2179,239
2180,127
2181,239
2182,20
2183,172
2184,139
2185,213
2186,86
2187,231
2188,233
2189,81
2190,195
2191,19
2192,207
2193,119
2194,206
2195,60
2196,217
2197,94
2198,228
2199,170
2200,185
2201,50
2202,211
2203,144
2204,91
2205,234
2206,92
2207,129
2208,163
2209,77
2210,108
2211,169
2212,156
2213,38
2214,144
2215,211
2216,209
2217,144
2218,61
2219,87
2220,188
2221,95
2222,201
2223,205
2224,144
2225,175
2226,218
2227,91
2228,169
2229,208
2230,249
2231,75
2232,133
2233,221
2234,222
2235,190
2236,125
2237,155
2238,169
2239,201
2240,138
2241,242
2242,198
2243,202
2244,243
2245,201
2246,192
2247,167
2248,0
2249,94
2250,171
2251,206
2252,223
2253,150
2254,154
2255,179
2256,159
2257,0
2258,190
2259,136
2260,187
2261,192
2262,211
2263,211
2264,235
2265,158
2266,138
2267,204
2268,227
2269,71
2270,36
2271,235
2272,112
2273,213
2274,161
2275,209
2276,183
2277,109
2278,0
2279,122
2280,187
2281,144
2282,172
2283,155
2284,47
2285,244
2286,81
2287,194
2288,242
2289,205
2290,169
2291,219
2292,6
2293,172
2294,126
2295,243
2296,199
2297,200
2298,227
2299,114
2300,206
2301,151
2302,182
2303,242
2304,169
2305,129
2306,0
2307,0
2308,220
2309,188
2310,209
2311,139
2312,217
2313,216
2314,93
2315,126
2316,86
2317,97
2318,248
2319,139
2320,238
2321,195
2322,139
2323,195
2324,202
2325,214
2326,129
2327,238
2328,158
2329,243
2330,89
2331,164
2332,206
2333,187
2334,176
2335,227
2336,55
2337,118
2338,195
2339,199
2340,210
2341,201
2342,174
2343,160
2344,219
2345,228
2346,139
2347,201
2348,211
2349,220
2350,172
2351,100
2352,196
2353,170
2354,198
2355,192
2356,188
2357,146
2358,215
2359,185
2360,180
2361,90
2362,190
2363,74
2364,242
2365,145
2366,245
2367,53
2368,197
2369,211
2370,198
2371,94
2372,236
2373,176
2374,59
2375,138
2376,214
2377,96
2378,46
2379,239
2380,154
2381,143
2382,164
2383,220
2384,0
2385,169
2386,207
2387,215
2388,153
2389,105
2390,200
2391,203
2392,148
2393,134
2394,94
2395,158
2396,215
2397,161
2398,198
2399,217
