0,201
1,185
2,185
3,212
4,182
5,142
6,196
7,233
8,227
9,171
10,152
11,231
12,219
13,183
14,222
15,177
16,220
17,188
18,242
19,235
20,243
21,115
22,184
23,197
24,243
25,226
26,72
27,88
28,232
29,177
30,83
31,185
32,185
33,236
34,214
35,226
36,232
37,220
38,206
39,239
40,206
41,250
42,216
43,89
44,226
45,210
46,181
47,235
48,151
49,165
50,198
51,212
52,109
53,209
54,213
55,205
56,173
57,191
58,198
59,253
60,235
61,178
62,190
63,228
64,205
65,231
66,248
67,239
68,179
69,180
70,198
71,199
72,181
73,227
74,242
75,192
76,216
77,87
78,209
79,186
80,238
81,233
82,131
83,169
84,207
85,217
86,171
87,213
88,180
89,205
90,203
91,248
92,190
93,167
94,133
95,212
96,221
97,187
98,246
99,212
100,256
101,248
102,197
103,101
104,248
105,217
106,217
107,207
108,189
109,32
110,181
111,173
112,214
113,233
114,246
115,226
116,209
117,219
118,231
119,234
120,169
121,205
122,118
123,64
124,194
125,213
126,227
127,107
128,209
129,159
130,172
131,219
132,222
133,237
134,175
135,203
136,186
137,194
138,117
139,177
140,254
141,239
142,223
143,129
144,183
145,180
146,190
147,193
148,210
149,204
150,136
151,214
152,225
153,194
154,201
155,232
156,247
157,174
158,64
159,138
160,227
161,188
162,228
163,181
164,237
165,55
166,119
167,176
168,161
169,251
170,215
171,179
172,213
173,131
174,241
175,183
176,216
177,209
178,235
179,31
180,166
181,66
182,213
183,231
184,212
185,208
186,224
187,155
188,152
189,224
190,247
191,225
192,104
193,251
194,203
195,239
196,170
197,197
198,175
199,200
200,198
201,211
202,187
203,197
204,252
205,172
206,175
207,214
208,221
209,174
210,175
211,200
212,243
213,230
214,112
215,168
216,211
217,190
218,238
219,176
220,126
221,232
222,208
223,123
224,225
225,252
226,245
227,182
228,221
229,228
230,183
231,181
232,237
233,215
234,193
235,197
236,139
237,206
238,156
239,228
240,224
241,167
242,242
243,186
244,240
245,233
246,229
247,252
248,203
249,219
250,166
251,140
252,199
253,204
254,215
255,246
256,254
257,215
258,179
259,183
260,148
261,199
262,230
263,74
264,218
265,216
266,194
267,168
268,222
269,211
270,180
271,199
272,194
273,252
274,204
275,209
276,232
277,120
278,250
279,186
280,139
281,206
282,223
283,207
284,171
285,223
286,198
287,221
288,215
289,197
290,163
291,233
292,189
293,123
294,192
295,190
296,112
297,90
298,103
299,223
300,174
301,191
302,238
303,160
304,223
305,223
306,159
307,211
308,218
309,249
310,234
311,183
312,180
313,247
314,251
315,180
316,106
317,158
318,242
319,195
320,198
321,122
322,170
323,206
324,218
325,226
326,169
327,241
328,213
329,122
330,235
331,250
332,108
333,216
334,227
335,225
336,204
337,225
338,229
339,108
340,82
341,248
342,236
343,199
344,168
345,176
346,139
347,144
348,70
349,83
350,109
351,164
352,146
353,159
354,212
355,200
356,204
357,226
358,225
359,149
360,200
361,186
362,214
363,131
364,226
365,192
366,199
367,235
368,238
369,69
370,180
371,201
372,146
373,163
374,249
375,135
376,210
377,235
378,138
379,230
380,184
381,109
382,160
383,230
384,179
385,251
386,208
387,94
388,193
389,222
390,238
391,201
392,237
393,133
394,169
395,26
396,210
397,214
398,163
399,235
400,126
401,181
402,215
403,178
404,185
405,209
406,228
407,120
408,202
409,220
410,192
411,162
412,229
413,249
414,198
415,115
416,131
417,93
418,222
419,130
420,230
421,180
422,216
423,247
424,208
425,236
426,229
427,116
428,149
429,181
430,228
431,235
432,216
433,248
434,203
435,174
436,164
437,224
438,203
439,226
440,209
441,126
442,191
443,182
444,184
445,176
446,33
447,216
448,110
449,228
450,91
451,203
452,203
453,208
454,224
455,220
456,210
457,244
458,204
459,246
460,232
461,244
462,250
463,173
464,227
465,145
466,186
467,184
468,162
469,146
470,102
471,201
472,195
473,146
474,188
475,245
476,211
477,183
478,218
479,167
480,167
481,247
482,246
483,242
484,133
485,168
486,224
487,51
488,182
489,230
490,175
491,151
492,201
493,20
494,179
495,162
496,227
497,236
498,232
499,241
500,204
501,183
502,244
503,246
504,164
505,242
506,144
507,199
508,105
509,89
510,226
511,234
512,217
513,247
514,163
515,240
516,181
517,182
518,129
519,225
520,64
521,227
522,181
523,81
524,196
525,201
526,209
527,223
528,226
529,226
530,195
531,215
532,121
533,190
534,248
535,153
536,224
537,224
538,129
539,113
540,210
541,246
542,214
543,178
544,225
545,147
546,191
547,130
548,161
549,256
550,168
551,129
552,225
553,179
554,89
555,206
556,0
557,234
558,151
559,188
560,161
561,216
562,198
563,89
564,220
565,181
566,252
567,253
568,202
569,239
570,215
571,133
572,225
573,237
574,211
575,192
576,217
577,171
578,234
579,253
580,193
581,88
582,195
583,250
584,243
585,119
586,189
587,217
588,210
589,106
590,229
591,223
592,252
593,139
594,174
595,235
596,239
597,247
598,173
599,238
600,153
601,199
602,135
603,223
604,161
605,158
606,182
607,184
608,211
609,133
610,218
611,250
612,195
613,247
614,38
615,249
616,137
617,168
618,136
619,130
620,195
621,214
622,149
623,235
624,173
625,200
626,214
627,203
628,211
629,199
630,203
631,213
632,231
633,236
634,210
635,187
636,169
637,105
638,62
639,223
640,82
641,161
642,185
643,161
644,231
645,230
646,239
647,235
648,196
649,194
650,181
651,249
652,149
653,157
654,58
655,205
656,167
657,249
658,236
659,149
660,222
661,212
662,188
663,202
664,221
665,122
666,231
667,108
668,223
669,141
670,189
671,213
672,11
673,241
674,204
675,229
676,173
677,158
678,203
679,225
680,242
681,148
682,248
683,150
684,203
685,223
686,171
687,179
688,191
689,50
690,244
691,224
692,208
693,212
694,141
695,221
696,150
697,236
698,62
699,137
700,209
701,226
702,152
703,253
704,176
705,231
706,112
707,247
708,96
709,156
710,244
711,250
712,249
713,215
714,146
715,174
716,179
717,217
718,158
719,118
720,125
721,221
722,107
723,222
724,224
725,195
726,157
727,252
728,54
729,201
730,212
731,0
732,234
733,78
734,241
735,154
736,180
737,189
738,215
739,200
740,228
741,223
742,176
743,128
744,186
745,169
746,100
747,254
748,198
749,240
750,189
751,137
752,215
753,136
754,250
755,69
756,234
757,205
758,195
759,236
760,191
761,104
762,200
763,224
764,187
765,243
766,167
767,203
768,178
769,211
770,167
771,217
772,147
773,233
774,206
775,167
776,190
777,225
778,204
779,78
780,222
781,160
782,108
783,239
784,216
785,247
786,236
787,113
788,100
789,225
790,244
791,101
792,169
793,238
794,194
795,224
796,148
797,178
798,229
799,256
800,162
801,238
802,216
803,179
804,172
805,218
806,248
807,204
808,243
809,217
810,217
811,95
812,167
813,236
814,192
815,205
816,208
817,154
818,58
819,202
820,251
821,215
822,0
823,218
824,220
825,211
826,201
827,236
828,215
829,238
830,174
831,204
832,205
833,101
834,185
835,143
836,153
837,138
838,146
839,174
840,234
841,235
842,236
843,224
844,213
845,235
846,108
847,191
848,239
849,160
850,210
851,207
852,161
853,248
854,148
855,166
856,92
857,240
858,194
859,143
860,235
861,207
862,177
863,218
864,172
865,145
866,226
867,242
868,171
869,230
870,180
871,228
872,224
873,201
874,238
875,236
876,213
877,228
878,213
879,184
880,246
881,164
882,16
883,228
884,192
885,227
886,156
887,217
888,201
889,77
890,249
891,208
892,214
893,207
894,167
895,253
896,237
897,230
898,151
899,180
900,117
901,190
902,200
903,160
904,128
905,194
906,104
907,62
908,204
909,209
910,242
911,197
912,94
913,187
914,241
915,217
916,140
917,187
918,162
919,203
920,212
921,172
922,189
923,234
924,249
925,165
926,220
927,146
928,237
929,229
930,230
931,231
932,167
933,239
934,176
935,238
936,229
937,134
938,55
939,250
940,234
941,206
942,109
943,213
944,201
945,233
946,210
947,173
948,184
949,256
950,198
951,243
952,164
953,234
954,241
955,154
956,233
957,241
958,211
959,213
960,222
961,247
962,250
963,161
964,194
965,202
966,250
967,251
968,226
969,170
970,220
971,130
972,201
973,135
974,183
975,149
976,230
977,170
978,226
979,232
980,169
981,255
982,187
983,228
984,237
985,106
986,0
987,231
988,145
989,180
990,150
991,154
992,167
993,213
994,213
995,169
996,214
997,216
998,192
999,250
1000,239
1001,189
1002,244
1003,106
1004,183
1005,192
1006,183
1007,193
1008,136
1009,98
1010,129
1011,175
1012,249
1013,214
1014,226
1015,203
1016,224
1017,222
1018,187
1019,222
1020,193
1021,119
1022,234
1023,184
1024,151
1025,254
1026,181
1027,220
1028,245
1029,215
1030,200
1031,124
1032,120
1033,240
1034,186
1035,247
1036,79
1037,98
1038,181
1039,122
1040,213
1041,176
1042,152
1043,215
1044,139
1045,210
1046,200
1047,194
1048,175
1049,153
1050,217
1051,244
1052,221
1053,199
1054,138
1055,147
1056,174
1057,240
1058,114
1059,196
1060,217
1061,145
1062,215
1063,220
1064,208
1065,232
1066,104
1067,216
1068,221
1069,250
1070,246
1071,188
1072,162
1073,201
1074,91
1075,252
1076,216
1077,249
1078,203
1079,246
1080,158
1081,215
1082,160
1083,193
1084,225
1085,185
1086,167
1087,178
1088,171
1089,191
1090,124
1091,201
1092,125
1093,121
1094,113
1095,215
1096,107
1097,142
1098,160
1099,200
1100,208
1101,238
1102,142
1103,188
1104,241
1105,162
1106,181
1107,250
1108,234
1109,229
1110,253
1111,234
1112,242
1113,242
1114,171
1115,222
1116,214
1117,166
1118,181
1119,187
1120,226
1121,150
1122,165
1123,158
1124,122
1125,234
1126,147
1127,175
1128,84
1129,213
1130,245
1131,256
1132,196
1133,238
1134,92
1135,213
1136,184
1137,164
1138,204
1139,115
1140,244
1141,237
1142,232
1143,117
1144,105
1145,201
1146,185
1147,213
1148,177
1149,146
1150,210
1151,243
1152,118
1153,202
1154,240
1155,158
1156,253
1157,228
1158,219
1159,240
1160,183
1161,228
1162,174
1163,231
1164,116
1165,185
1166,237
1167,192
1168,183
1169,154
1170,235
1171,194
1172,189
1173,201
1174,190
1175,230
1176,139
1177,223
1178,211
1179,243
1180,152
1181,196
1182,154
1183,208
1184,149
1185,240
1186,256
1187,92
1188,199
1189,233
1190,231
1191,224
1192,201
1193,249
1194,244
1195,228
1196,161
1197,184
1198,170
1199,101
1200,100
1201,253
1202,212
1203,225
1204,84
1205,231
1206,221
1207,219
1208,148
1209,232
1210,208
1211,194
1212,215
1213,9
1214,244
1215,0
1216,219
1217,0
1218,189
1219,239
1220,244
1221,169
1222,111
1223,226
1224,155
1225,93
1226,198
1227,178
1228,56
1229,162
1230,162
1231,176
1232,184
1233,242
1234,93
1235,80
1236,162
1237,134
1238,207
1239,246
1240,185
1241,224
1242,206
1243,211
1244,162
1245,79
1246,253
1247,242
1248,175
1249,212
1250,182
1251,182
1252,179
1253,243
1254,207
1255,213
1256,214
1257,161
1258,202
1259,240
1260,234
1261,239
1262,188
1263,251
1264,207
1265,198
1266,181
1267,206
1268,194
1269,239
1270,193
1271,220
1272,215
1273,223
1274,109
1275,182
1276,150
1277,212
1278,205
1279,190
1280,187
1281,197
1282,122
1283,193
1284,234
1285,63
1286,180
1287,58
1288,200
1289,201
1290,138
1291,118
1292,197
1293,111
1294,224
1295,187
1296,233
1297,238
1298,147
1299,250
1300,59
1301,233
1302,222
1303,196
1304,210
1305,162
1306,128
1307,193
1308,152
1309,158
1310,189
1311,203
1312,223
1313,185
1314,218
1315,256
1316,217
1317,186
1318,172
1319,111
1320,203
1321,114
1322,198
1323,239
1324,77
1325,178
1326,194
1327,248
1328,193
1329,224
1330,206
1331,196
1332,255
1333,220
1334,237
1335,190
1336,188
1337,115
1338,202
1339,184
1340,240
1341,254
1342,202
1343,220
1344,233
1345,224
1346,197
1347,253
1348,177
1349,187
1350,226
1351,241
1352,166
1353,229
1354,235
1355,87
1356,166
1357,142
1358,194
1359,48
1360,236
1361,241
1362,216
1363,195
1364,164
1365,184
1366,76
1367,220
1368,161
1369,234
1370,242
1371,206
1372,247
1373,186
1374,207
1375,173
1376,202
1377,207
1378,40
1379,176
1380,199
1381,202
1382,194
1383,232
1384,36
1385,159
1386,198
1387,206
1388,75
1389,247
1390,214
1391,206
1392,144
1393,244
1394,215
1395,230
1396,194
1397,237
1398,145
1399,208
1400,166
1401,208
1402,199
1403,188
1404,188
1405,181
1406,254
1407,48
1408,129
1409,137
1410,197
1411,229
1412,229
1413,231
1414,203
1415,228
1416,86
1417,231
1418,153
1419,40
1420,227
1421,228
1422,207
1423,256
1424,152
1425,194
1426,242
1427,134
1428,175
1429,186
1430,216
1431,131
1432,172
1433,233
1434,190
1435,170
1436,240
1437,237
1438,135
1439,216
1440,214
1441,244
1442,158
1443,248
1444,144
1445,248
1446,231
1447,228
1448,224
1449,186
1450,194
1451,149
1452,238
1453,147
1454,228
1455,227
1456,237
1457,160
1458,202
1459,188
1460,100
1461,195
1462,229
1463,219
1464,44
1465,220
1466,249
1467,235
1468,169
1469,193
1470,107
1471,238
1472,221
1473,211
1474,0
1475,199
1476,156
1477,201
1478,175
1479,216
1480,206
1481,0
1482,227
1483,121
1484,201
1485,209
1486,189
1487,250
1488,176
1489,214
1490,201
1491,251
1492,185
1493,250
1494,174
1495,232
1496,230
1497,192
1498,150
1499,206
1500,70
1501,207
1502,125
1503,171
1504,160
1505,128
1506,40
1507,227
1508,246
1509,173
1510,106
1511,232
1512,104
1513,174
1514,219
1515,173
1516,217
1517,196
1518,228
1519,207
1520,206
1521,211
1522,240
1523,249
1524,152
1525,221
1526,229
1527,167
1528,168
1529,186
1530,166
1531,221
1532,122
1533,0
1534,179
1535,217
1536,211
1537,158
1538,168
1539,226
1540,172
1541,248
1542,250
1543,218
1544,188
1545,126
1546,240
1547,164
1548,150
1549,164
1550,185
1551,196
1552,221
1553,217
1554,92
1555,236
1556,62
1557,216
1558,214
1559,173
1560,170
1561,182
1562,254
1563,175
1564,242
1565,132
1566,236
1567,237
1568,219
1569,162
1570,242
1571,240
1572,198
1573,232
1574,208
1575,195
1576,187
1577,238
1578,185
1579,242
1580,227
1581,239
1582,170
1583,195
1584,99
1585,174
1586,238
1587,230
1588,230
1589,191
1590,233
1591,197
1592,166
1593,123
1594,197
1595,233
1596,216
1597,160
1598,191
1599,184
1600,190
1601,150
1602,191
1603,231
1604,203
1605,241
1606,118
1607,228
1608,138
1609,182
1610,117
1611,208
1612,254
1613,198
1614,224
1615,203
1616,181
1617,189
1618,191
1619,228
1620,224
1621,104
1622,182
1623,196
1624,160
1625,182
1626,161
1627,208
1628,235
1629,164
1630,234
1631,232
1632,197
1633,214
1634,155
1635,205
1636,176
1637,209
1638,125
1639,184
1640,169
1641,208
1642,240
1643,138
1644,170
1645,247
1646,152
1647,226
1648,232
1649,204
1650,240
1651,226
1652,134
1653,191
1654,32
1655,241
1656,116
1657,219
1658,76
1659,177
1660,155
1661,248
1662,170
1663,152
1664,180
1665,239
1666,162
1667,178
1668,219
1669,108
1670,224
1671,133
1672,210
1673,97
1674,217
1675,203
1676,214
1677,220
1678,230
1679,58
1680,135
1681,218
1682,215
1683,165
1684,177
1685,207
1686,228
1687,222
1688,245
1689,203
1690,222
1691,92
1692,155
1693,155
1694,150
1695,48
1696,227
1697,118
1698,220
1699,206
1700,222
1701,248
1702,250
1703,243
1704,256
1705,192
1706,234
1707,256
1708,232
1709,232
1710,205
1711,219
1712,178
1713,174
1714,117
1715,162
1716,158
1717,183
1718,222
1719,187
1720,223
1721,178
1722,217
1723,24
1724,256
1725,225
1726,191
1727,215
1728,226
1729,227
1730,152
1731,210
1732,220
1733,88
1734,162
1735,50
1736,198
1737,252
1738,178
1739,242
1740,211
1741,99
1742,252
1743,182
1744,188
1745,139
1746,178
1747,216
1748,213
1749,147
1750,233
1751,189
1752,157
1753,215
1754,245
1755,204
1756,209
1757,179
1758,242
1759,202
1760,46
1761,34
1762,245
1763,204
1764,204
1765,62
1766,250
1767,190
1768,157
1769,223
1770,0
1771,198
1772,21
1773,166
1774,76
1775,166
1776,121
1777,230
1778,102
1779,185
1780,254
1781,116
1782,207
1783,193
1784,116
1785,186
1786,190
1787,234
1788,188
1789,247
1790,184
1791,32
1792,69
1793,190
1794,97
1795,101
1796,227
1797,122
1798,164
1799,214
1800,205
1801,199
1802,166
1803,116
1804,151
1805,177
1806,84
1807,161
1808,210
1809,126
1810,164
1811,223
1812,208
1813,228
1814,164
1815,208
1816,146
1817,130
1818,104
1819,236
1820,215
1821,161
1822,210
1823,242
1824,225
1825,211
1826,226
1827,182
1828,181
1829,76
1830,140
1831,181
1832,198
1833,243
1834,115
1835,191
1836,222
1837,168
1838,217
1839,133
1840,223
1841,159
1842,246
1843,158
1844,247
1845,57
1846,130
1847,211
1848,76
1849,174
1850,234
1851,75
1852,210
1853,197
1854,143
1855,204
1856,156
1857,210
1858,236
1859,192
1860,165
1861,186
1862,134
1863,176
1864,194
1865,198
1866,186
1867,250
1868,220
1869,227
1870,197
1871,156
1872,30
1873,209
1874,206
1875,231
1876,117
1877,211
1878,238
1879,193
1880,162
1881,80
1882,198
1883,165
1884,246
1885,144
1886,34
1887,244
1888,142
1889,184
1890,234
1891,171
1892,128
1893,212
1894,252
1895,216
1896,198
1897,227
1898,209
1899,176
1900,191
1901,240
1902,212
1903,174
1904,198
1905,193
1906,212
1907,221
1908,169
1909,148
1910,204
1911,219
1912,212
1913,147
1914,109
1915,185
1916,221
1917,199
1918,104
1919,161
1920,229
1921,218
1922,222
1923,192
1924,105
1925,200
1926,211
1927,166
1928,158
1929,185
1930,148
1931,254
1932,231
1933,218
1934,198
1935,241
1936,194
1937,201
1938,102
1939,169
1940,175
1941,222
1942,202
1943,175
1944,245
1945,167
1946,128
1947,207
1948,245
1949,69
1950,154
1951,152
1952,197
1953,78
1954,238
1955,150
1956,195
1957,218
1958,196
1959,154
1960,174
1961,113
1962,203
1963,118
1964,128
1965,170
1966,204
1967,199
1968,246
1969,255
1970,234
1971,250
1972,210
1973,134
1974,221
1975,85
1976,200
1977,227
1978,181
1979,239
1980,192
1981,226
1982,221
1983,236
1984,214
1985,174
1986,240
1987,190
1988,245
1989,203
1990,238
1991,185
1992,242
1993,190
1994,83
1995,207
1996,99
1997,196
1998,193
1999,196
2000,201
2001,215
2002,197
2003,214
2004,165
2005,196
2006,215
2007,227
2008,218
2009,221
2010,222
2011,235
2012,232
2013,220
2014,168
2015,173
2016,235
2017,217
2018,197
2019,232
2020,189
2021,233
2022,84
2023,221
2024,200
2025,238
2026,225
2027,150
2028,203
2029,107
2030,254
2031,222
2032,227
2033,241
2034,177
2035,223
2036,123
2037,126
2038,164
2039,204
2040,117
2041,230
2042,74
2043,202
2044,243
2045,118
2046,256
2047,248
2048,184
2049,164
2050,85
2051,149
2052,141
2053,210
2054,228
2055,226
2056,220
2057,218
2058,207
2059,214
2060,148
2061,220
2062,55
2063,113
2064,64
2065,232
2066,231
2067,106
2068,86
2069,133
2070,182
2071,227
2072,182
2073,220
2074,253
2075,241
2076,160
2077,162
2078,241
2079,145
2080,218
2081,233
2082,221
2083,195
2084,217
2085,137
2086,152
2087,174
2088,212
2089,230
2090,118
2091,254
2092,149
2093,228
2094,201
2095,206
2096,241
2097,184
2098,181
2099,134
2100,201
2101,241
2102,185
2103,162
2104,218
2105,154
2106,235
2107,213
2108,193
2109,239
2110,198
2111,219
2112,157
2113,166
2114,211
2115,233
2116,205
2117,242
2118,226
2119,245
2120,173
2121,26
2122,215
2123,153
2124,234
2125,235
2126,197
2127,166
2128,169
2129,183
2130,233
2131,160
2132,158
2133,150
2134,161
2135,179
2136,214
2137,123
2138,256
2139,214
2140,182
2141,219
2142,204
2143,233
2144,226
2145,217
2146,154
2147,192
2148,212
2149,214
2150,193
2151,254
2152,164
2153,220
2154,238
2155,236
2156,247
2157,210
2158,182
2159,183
2160,135
2161,184
2162,67
2163,229
2164,224
2165,158
2166,233
2167,158
2168,202
2169,248
2170,230
2171,190
2172,113
2173,145
2174,182
2175,173
2176,237
2177,249
2178,210
2179,208
2180,256
2181,178
2182,146
2183,150
2184,191
2185,199
2186,130
2187,66
2188,215
2189,209
2190,185
2191,216
2192,170
2193,40
2194,249
2195,149
2196,123
2197,229
2198,118
2199,144
2200,166
2201,211
2202,235
2203,0
2204,180
2205,156
2206,244
2207,175
2208,166
2209,176
2210,146
2211,240
2212,128
2213,156
2214,222
2215,256
2216,227
2217,228
2218,209
2219,196
2220,177
2221,237
2222,227
2223,167
2224,99
2225,212
2226,212
2227,146
2228,166
2229,179
2230,239
2231,228
2232,156
2233,177
2234,173
2235,223
2236,98
2237,244
2238,211
2239,151
2240,165
2241,182
2242,188
2243,206
2244,150
2245,177
2246,148
2247,202
2248,215
2249,165
2250,227
2251,255
2252,151
2253,213
2254,250
2255,216
2256,118
2257,213
2258,178
2259,97
2260,200
2261,198
2262,228
2263,145
2264,243
2265,16
2266,229
2267,212
2268,0
2269,175
2270,144
2271,50
2272,249
2273,187
2274,225
2275,132
2276,256
2277,237
2278,179
2279,177
2280,223
2281,185
2282,176
2283,81
2284,252
2285,232
2286,130
2287,202
2288,231
2289,226
2290,208
2291,208
2292,246
2293,150
2294,158
2295,161
2296,142
2297,163
2298,249
2299,219
2300,194
2301,205
2302,245
2303,241
2304,239
2305,233
2306,174
2307,151
2308,204
2309,215
2310,185
2311,147
2312,244
2313,225
2314,251
2315,256
2316,185
2317,13
2318,130
2319,211
2320,220
2321,208
2322,232
2323,242
2324,246
2325,225
2326,157
2327,237
2328,106
2329,182
2330,190
2331,172
2332,202
2333,192
2334,238
2335,199
2336,168
2337,216
2338,233
2339,147
2340,236
2341,186
2342,256
2343,197
2344,200
2345,214
2346,226
2347,216
2348,237
2349,203
2350,152
2351,233
2352,34
2353,125
2354,170
2355,248
2356,226
2357,198
2358,218
2359,64
2360,224
2361,99
2362,106
2363,227
2364,217
2365,182
2366,151
2367,245
2368,125
2369,127
2370,245
2371,211
2372,149
2373,243
2374,222
2375,220
2376,217
2377,0
2378,253
2379,246
2380,211
2381,184
2382,135
2383,235
2384,233
2385,220
2386,179
2387,215
2388,224
2389,160
2390,233
2391,164
2392,158
2393,200
2394,136
2395,154
2396,183
2397,249
2398,183
2399,225
