0,180
1,160
2,186
3,220
4,190
5,140
6,196
7,235
8,235
9,148
10,142
11,238
12,216
13,182
14,235
15,203
16,207
17,196
18,243
19,240
20,245
21,153
22,169
23,204
24,243
25,228
26,109
27,99
28,216
29,174
30,70
31,185
32,190
33,239
34,227
35,236
36,236
37,223
38,214
39,232
40,193
41,250
42,215
43,109
44,225
45,214
46,161
47,235
48,140
49,150
50,203
51,215
52,117
53,217
54,196
55,175
56,192
57,197
58,192
59,253
60,232
61,151
62,199
63,227
64,211
65,219
66,251
67,237
68,175
69,173
70,200
71,214
72,174
73,226
74,241
75,166
76,225
77,50
78,211
79,202
80,244
81,235
82,165
83,163
84,220
85,213
86,170
87,202
88,154
89,209
90,214
91,247
92,186
93,181
94,168
95,200
96,219
97,193
98,247
99,190
100,256
101,251
102,188
103,94
104,245
105,222
106,216
107,202
108,185
109,0
110,164
111,168
112,213
113,224
114,246
115,214
116,227
117,222
118,232
119,238
120,173
121,203
122,136
123,72
124,191
125,210
126,228
127,137
128,198
129,163
130,175
131,223
132,220
133,241
134,180
135,183
136,155
137,203
138,126
139,171
140,254
141,232
142,228
143,142
144,175
145,182
146,200
147,196
148,204
149,214
150,102
151,214
152,222
153,197
154,178
155,237
156,248
157,173
158,47
159,124
160,225
161,185
162,223
163,146
164,239
165,47
166,136
167,170
168,159
169,252
170,218
171,181
172,210
173,146
174,241
175,181
176,223
177,216
178,238
179,0
180,184
181,63
182,191
183,223
184,201
185,199
186,223
187,150
188,146
189,212
190,247
191,219
192,108
193,252
194,190
195,247
196,173
197,215
198,164
199,206
200,185
201,216
202,191
203,207
204,252
205,170
206,159
207,216
208,224
209,196
210,179
211,205
212,244
213,240
214,95
215,163
216,229
217,178
218,238
219,186
220,133
221,236
222,198
223,153
224,224
225,252
226,247
227,187
228,221
229,228
230,164
231,173
232,234
233,213
234,188
235,203
236,139
237,216
238,140
239,227
240,227
241,162
242,246
243,179
244,238
245,220
246,227
247,249
248,192
249,202
250,178
251,126
252,196
253,206
254,238
255,249
256,254
257,219
258,189
259,187
260,146
261,202
262,231
263,50
264,221
265,223
266,160
267,159
268,216
269,199
270,126
271,207
272,173
273,252
274,201
275,210
276,230
277,137
278,250
279,186
280,162
281,200
282,226
283,195
284,150
285,218
286,211
287,224
288,219
289,196
290,163
291,227
292,196
293,117
294,202
295,166
296,140
297,124
298,104
299,218
300,168
301,192
302,239
303,158
304,229
305,219
306,168
307,212
308,215
309,249
310,216
311,182
312,175
313,249
314,253
315,167
316,109
317,193
318,228
319,199
320,206
321,107
322,172
323,226
324,206
325,236
326,167
327,248
328,205
329,135
330,232
331,251
332,164
333,224
334,225
335,230
336,195
337,221
338,228
339,120
340,108
341,252
342,234
343,207
344,157
345,188
346,143
347,117
348,81
349,109
350,144
351,161
352,146
353,165
354,204
355,205
356,201
357,231
358,219
359,113
360,205
361,200
362,207
363,110
364,236
365,194
366,203
367,238
368,241
369,93
370,174
371,200
372,141
373,178
374,248
375,144
376,204
377,230
378,141
379,221
380,192
381,109
382,129
383,214
384,191
385,252
386,220
387,93
388,188
389,209
390,236
391,187
392,237
393,158
394,194
395,0
396,206
397,214
398,170
399,232
400,126
401,170
402,218
403,185
404,164
405,212
406,228
407,65
408,207
409,233
410,191
411,128
412,231
413,251
414,212
415,146
416,154
417,72
418,216
419,139
420,225
421,222
422,225
423,244
424,211
425,236
426,229
427,135
428,158
429,200
430,232
431,234
432,213
433,248
434,203
435,169
436,168
437,225
438,204
439,228
440,205
441,131
442,196
443,176
444,175
445,180
446,0
447,204
448,103
449,224
450,89
451,186
452,206
453,190
454,228
455,219
456,205
457,245
458,210
459,254
460,240
461,245
462,247
463,190
464,218
465,163
466,164
467,184
468,154
469,153
470,99
471,197
472,199
473,156
474,182
475,245
476,214
477,173
478,226
479,131
480,167
481,249
482,246
483,248
484,137
485,173
486,221
487,88
488,176
489,235
490,163
491,152
492,195
493,67
494,181
495,150
496,230
497,227
498,241
499,234
500,172
501,204
502,244
503,248
504,176
505,241
506,111
507,206
508,51
509,21
510,224
511,227
512,223
513,252
514,176
515,234
516,188
517,169
518,112
519,230
520,54
521,230
522,176
523,95
524,195
525,195
526,222
527,217
528,225
529,221
530,185
531,210
532,117
533,188
534,250
535,145
536,228
537,231
538,109
539,138
540,215
541,249
542,215
543,201
544,230
545,142
546,182
547,93
548,150
549,256
550,178
551,142
552,230
553,167
554,87
555,204
556,0
557,234
558,169
559,203
560,131
561,203
562,190
563,99
564,216
565,181
566,253
567,254
568,225
569,246
570,213
571,109
572,235
573,231
574,196
575,199
576,222
577,119
578,233
579,255
580,193
581,72
582,172
583,254
584,247
585,119
586,186
587,213
588,194
589,94
590,241
591,232
592,251
593,135
594,177
595,232
596,235
597,246
598,157
599,237
600,160
601,206
602,121
603,213
604,166
605,146
606,191
607,208
608,192
609,119
610,223
611,250
612,207
613,249
614,66
615,253
616,125
617,133
618,152
619,110
620,207
621,216
622,140
623,234
624,160
625,199
626,214
627,206
628,215
629,150
630,198
631,207
632,230
633,228
634,213
635,197
636,179
637,104
638,74
639,227
640,88
641,183
642,188
643,194
644,240
645,229
646,237
647,231
648,202
649,190
650,188
651,250
652,138
653,170
654,0
655,212
656,132
657,247
658,239
659,188
660,224
661,212
662,180
663,186
664,224
665,98
666,230
667,149
668,224
669,139
670,196
671,224
672,45
673,231
674,198
675,224
676,161
677,136
678,196
679,225
680,244
681,173
682,248
683,158
684,208
685,234
686,155
687,144
688,197
689,123
690,244
691,230
692,213
693,202
694,137
695,224
696,132
697,234
698,32
699,163
700,214
701,228
702,153
703,254
704,146
705,226
706,78
707,248
708,78
709,166
710,252
711,250
712,251
713,218
714,124
715,169
716,197
717,215
718,167
719,108
720,159
721,229
722,89
723,219
724,222
725,192
726,141
727,252
728,41
729,201
730,210
731,152
732,231
733,79
734,237
735,180
736,177
737,189
738,218
739,186
740,225
741,227
742,116
743,157
744,195
745,159
746,98
747,254
748,199
749,241
750,203
751,82
752,218
753,127
754,250
755,102
756,232
757,215
758,177
759,237
760,200
761,110
762,196
763,232
764,193
765,239
766,158
767,213
768,138
769,230
770,182
771,216
772,139
773,233
774,199
775,147
776,192
777,213
778,191
779,123
780,224
781,160
782,100
783,242
784,205
785,251
786,240
787,106
788,131
789,230
790,251
791,80
792,178
793,240
794,188
795,228
796,146
797,174
798,236
799,256
800,156
801,240
802,209
803,183
804,182
805,220
806,244
807,203
808,245
809,218
810,229
811,153
812,184
813,236
814,204
815,209
816,207
817,191
818,133
819,195
820,251
821,221
822,0
823,224
824,228
825,192
826,191
827,234
828,206
829,235
830,177
831,203
832,205
833,140
834,187
835,156
836,176
837,127
838,163
839,159
840,230
841,236
842,240
843,222
844,199
845,237
846,111
847,195
848,236
849,172
850,224
851,196
852,198
853,248
854,167
855,167
856,73
857,244
858,174
859,138
860,239
861,209
862,178
863,222
864,169
865,131
866,220
867,237
868,162
869,227
870,187
871,226
872,218
873,210
874,243
875,242
876,200
877,233
878,198
879,190
880,246
881,160
882,13
883,222
884,191
885,223
886,166
887,220
888,198
889,86
890,246
891,198
892,210
893,210
894,137
895,252
896,240
897,232
898,161
899,174
900,148
901,204
902,194
903,156
904,142
905,216
906,95
907,5
908,194
909,224
910,239
911,206
912,74
913,211
914,244
915,220
916,142
917,190
918,169
919,205
920,217
921,183
922,193
923,243
924,246
925,159
926,226
927,144
928,243
929,230
930,224
931,237
932,178
933,240
934,180
935,241
936,230
937,161
938,66
939,252
940,234
941,214
942,106
943,211
944,207
945,241
946,226
947,188
948,179
949,256
950,173
951,239
952,160
953,235
954,243
955,140
956,236
957,245
958,210
959,211
960,226
961,248
962,250
963,154
964,194
965,209
966,251
967,253
968,225
969,175
970,210
971,127
972,204
973,150
974,173
975,158
976,226
977,154
978,224
979,231
980,164
981,255
982,164
983,228
984,233
985,106
986,0
987,239
988,162
989,172
990,135
991,148
992,136
993,203
994,203
995,174
996,205
997,221
998,199
999,250
1000,240
1001,193
1002,243
1003,124
1004,181
1005,180
1006,188
1007,195
1008,170
1009,149
1010,86
1011,169
1012,249
1013,212
1014,228
1015,196
1016,223
1017,226
1018,190
1019,231
1020,169
1021,87
1022,240
1023,192
1024,128
1025,254
1026,207
1027,225
1028,248
1029,216
1030,200
1031,84
1032,114
1033,247
1034,196
1035,247
1036,80
1037,42
1038,184
1039,124
1040,208
1041,188
1042,177
1043,214
1044,147
1045,208
1046,181
1047,189
1048,177
1049,162
1050,224
1051,253
1052,219
1053,153
1054,167
1055,169
1056,184
1057,246
1058,122
1059,198
1060,217
1061,166
1062,216
1063,221
1064,204
1065,232
1066,85
1067,226
1068,219
1069,250
1070,252
1071,172
1072,152
1073,217
1074,114
1075,254
1076,234
1077,251
1078,206
1079,246
1080,162
1081,207
1082,178
1083,192
1084,229
1085,196
1086,185
1087,170
1088,137
1089,196
1090,147
1091,193
1092,137
1093,123
1094,98
1095,222
1096,100
1097,135
1098,131
1099,198
1100,200
1101,240
1102,165
1103,187
1104,239
1105,164
1106,181
1107,250
1108,231
1109,228
1110,254
1111,230
1112,249
1113,238
1114,168
1115,221
1116,204
1117,152
1118,189
1119,201
1120,227
1121,145
1122,165
1123,162
1124,139
1125,239
1126,57
1127,177
1128,114
1129,212
1130,249
1131,256
1132,193
1133,240
1134,86
1135,217
1136,180
1137,161
1138,193
1139,97
1140,241
1141,238
1142,235
1143,112
1144,145
1145,199
1146,199
1147,229
1148,173
1149,150
1150,141
1151,245
1152,124
1153,212
1154,245
1155,150
1156,253
1157,235
1158,216
1159,242
1160,181
1161,228
1162,168
1163,228
1164,105
1165,174
1166,235
1167,194
1168,164
1169,144
1170,240
1171,203
1172,189
1173,191
1174,187
1175,219
1176,132
1177,226
1178,199
1179,245
1180,117
1181,213
1182,159
1183,209
1184,167
1185,245
1186,256
1187,89
1188,190
1189,227
1190,233
1191,223
1192,205
1193,252
1194,247
1195,233
1196,165
1197,169
1198,166
1199,113
1200,105
1201,254
1202,221
1203,240
1204,138
1205,236
1206,219
1207,227
1208,171
1209,235
1210,204
1211,198
1212,209
1213,116
1214,247
1215,0
1216,233
1217,0
1218,188
1219,242
1220,245
1221,171
1222,102
1223,241
1224,132
1225,83
1226,190
1227,169
1228,60
1229,161
1230,170
1231,185
1232,189
1233,242
1234,93
1235,87
1236,155
1237,100
1238,208
1239,246
1240,178
1241,216
1242,201
1243,214
1244,157
1245,78
1246,254
1247,243
1248,161
1249,216
1250,173
1251,190
1252,194
1253,246
1254,214
1255,191
1256,220
1257,175
1258,200
1259,245
1260,237
1261,240
1262,173
1263,253
1264,199
1265,196
1266,190
1267,220
1268,184
1269,243
1270,206
1271,222
1272,218
1273,230
1274,135
1275,193
1276,124
1277,205
1278,214
1279,192
1280,169
1281,182
1282,130
1283,192
1284,243
1285,53
1286,206
1287,42
1288,191
1289,196
1290,125
1291,101
1292,193
1293,104
1294,226
1295,186
1296,236
1297,238
1298,170
1299,248
1300,38
1301,238
1302,227
1303,210
1304,212
1305,132
1306,134
1307,203
1308,143
1309,169
1310,194
1311,198
1312,215
1313,164
1314,218
1315,256
1316,223
1317,152
1318,173
1319,111
1320,194
1321,104
1322,206
1323,245
1324,57
1325,177
1326,177
1327,250
1328,192
1329,217
1330,204
1331,201
1332,255
1333,217
1334,238
1335,175
1336,214
1337,134
1338,204
1339,195
1340,250
1341,254
1342,205
1343,219
1344,235
1345,226
1346,202
1347,254
1348,180
1349,186
1350,226
1351,232
1352,171
1353,233
1354,236
1355,80
1356,170
1357,118
1358,196
1359,77
1360,239
1361,245
1362,229
1363,194
1364,172
1365,178
1366,67
1367,228
1368,147
1369,235
1370,246
1371,185
1372,253
1373,213
1374,200
1375,192
1376,220
1377,219
1378,18
1379,178
1380,207
1381,183
1382,205
1383,236
1384,71
1385,159
1386,160
1387,211
1388,92
1389,246
1390,205
1391,211
1392,136
1393,243
1394,216
1395,230
1396,194
1397,238
1398,150
1399,219
1400,149
1401,197
1402,183
1403,183
1404,159
1405,195
1406,255
1407,0
1408,131
1409,132
1410,214
1411,232
1412,230
1413,235
1414,209
1415,224
1416,47
1417,235
1418,150
1419,45
1420,224
1421,229
1422,208
1423,256
1424,166
1425,192
1426,237
1427,144
1428,152
1429,190
1430,237
1431,109
1432,163
1433,231
1434,191
1435,153
1436,241
1437,227
1438,151
1439,221
1440,215
1441,242
1442,177
1443,250
1444,154
1445,244
1446,236
1447,226
1448,225
1449,189
1450,196
1451,153
1452,240
1453,129
1454,225
1455,233
1456,244
1457,188
1458,189
1459,187
1460,111
1461,197
1462,237
1463,212
1464,28
1465,222
1466,248
1467,235
1468,170
1469,193
1470,130
1471,238
1472,224
1473,204
1474,0
1475,202
1476,131
1477,204
1478,174
1479,210
1480,205
1481,5
1482,228
1483,82
1484,202
1485,210
1486,177
1487,251
1488,181
1489,219
1490,206
1491,250
1492,183
1493,251
1494,139
1495,233
1496,236
1497,198
1498,130
1499,201
1500,87
1501,208
1502,151
1503,174
1504,153
1505,133
1506,164
1507,227
1508,246
1509,157
1510,112
1511,242
1512,90
1513,161
1514,232
1515,180
1516,207
1517,208
1518,230
1519,209
1520,195
1521,223
1522,237
1523,249
1524,146
1525,222
1526,227
1527,165
1528,169
1529,189
1530,170
1531,223
1532,128
1533,26
1534,186
1535,206
1536,233
1537,156
1538,158
1539,235
1540,188
1541,248
1542,249
1543,228
1544,177
1545,134
1546,246
1547,162
1548,150
1549,157
1550,128
1551,177
1552,224
1553,223
1554,90
1555,222
1556,118
1557,211
1558,220
1559,172
1560,169
1561,177
1562,255
1563,176
1564,242
1565,123
1566,238
1567,233
1568,219
1569,169
1570,244
1571,242
1572,191
1573,233
1574,193
1575,202
1576,194
1577,236
1578,185
1579,234
1580,233
1581,236
1582,159
1583,208
1584,119
1585,163
1586,239
1587,235
1588,224
1589,195
1590,241
1591,197
1592,152
1593,143
1594,167
1595,236
1596,224
1597,174
1598,191
1599,158
1600,189
1601,160
1602,202
1603,216
1604,188
1605,241
1606,97
1607,230
1608,136
1609,188
1610,144
1611,203
1612,254
1613,181
1614,236
1615,200
1616,175
1617,165
1618,205
1619,222
1620,223
1621,99
1622,155
1623,206
1624,162
1625,192
1626,176
1627,212
1628,229
1629,141
1630,243
1631,242
1632,196
1633,215
1634,97
1635,199
1636,169
1637,198
1638,140
1639,147
1640,167
1641,215
1642,242
1643,175
1644,161
1645,251
1646,137
1647,221
1648,230
1649,202
1650,240
1651,215
1652,155
1653,206
1654,160
1655,240
1656,115
1657,214
1658,77
1659,177
1660,189
1661,249
1662,172
1663,132
1664,197
1665,240
1666,159
1667,160
1668,215
1669,102
1670,228
1671,132
1672,214
1673,72
1674,220
1675,212
1676,217
1677,228
1678,222
1679,40
1680,131
1681,218
1682,194
1683,168
1684,161
1685,194
1686,236
1687,225
1688,247
1689,210
1690,230
1691,90
1692,150
1693,158
1694,160
1695,89
1696,227
1697,122
1698,223
1699,203
1700,231
1701,249
1702,250
1703,242
1704,256
1705,187
1706,244
1707,256
1708,234
1709,235
1710,195
1711,219
1712,179
1713,185
1714,127
1715,181
1716,148
1717,192
1718,224
1719,185
1720,228
1721,174
1722,214
1723,106
1724,256
1725,226
1726,199
1727,220
1728,212
1729,231
1730,136
1731,199
1732,224
1733,57
1734,161
1735,17
1736,207
1737,251
1738,181
1739,245
1740,218
1741,82
1742,252
1743,182
1744,186
1745,139
1746,175
1747,197
1748,222
1749,149
1750,225
1751,173
1752,143
1753,226
1754,250
1755,203
1756,205
1757,187
1758,247
1759,212
1760,120
1761,23
1762,249
1763,210
1764,172
1765,57
1766,251
1767,183
1768,152
1769,221
1770,0
1771,201
1772,57
1773,169
1774,88
1775,172
1776,119
1777,231
1778,107
1779,152
1780,254
1781,86
1782,199
1783,195
1784,107
1785,190
1786,211
1787,239
1788,195
1789,249
1790,190
1791,67
1792,80
1793,187
1794,60
1795,106
1796,223
1797,51
1798,173
1799,207
1800,225
1801,197
1802,180
1803,120
1804,150
1805,163
1806,87
1807,175
1808,198
1809,131
1810,171
1811,206
1812,203
1813,213
1814,174
1815,195
1816,127
1817,102
1818,92
1819,239
1820,217
1821,212
1822,212
1823,244
1824,214
1825,205
1826,230
1827,179
1828,185
1829,77
1830,117
1831,156
1832,208
1833,247
1834,130
1835,161
1836,222
1837,181
1838,210
1839,138
1840,228
1841,160
1842,245
1843,166
1844,251
1845,19
1846,113
1847,215
1848,116
1849,168
1850,234
1851,119
1852,220
1853,196
1854,148
1855,212
1856,156
1857,210
1858,237
1859,198
1860,154
1861,187
1862,132
1863,184
1864,176
1865,203
1866,181
1867,252
1868,197
1869,235
1870,200
1871,153
1872,12
1873,198
1874,206
1875,227
1876,143
1877,218
1878,240
1879,168
1880,124
1881,91
1882,187
1883,179
1884,246
1885,97
1886,86
1887,244
1888,161
1889,205
1890,225
1891,162
1892,131
1893,223
1894,253
1895,213
1896,197
1897,218
1898,200
1899,168
1900,195
1901,245
1902,205
1903,163
1904,196
1905,189
1906,223
1907,211
1908,176
1909,141
1910,209
1911,219
1912,208
1913,127
1914,136
1915,168
1916,233
1917,211
1918,128
1919,162
1920,230
1921,216
1922,210
1923,180
1924,93
1925,204
1926,219
1927,152
1928,171
1929,192
1930,161
1931,255
1932,224
1933,224
1934,193
1935,242
1936,197
1937,199
1938,62
1939,170
1940,182
1941,231
1942,229
1943,169
1944,244
1945,184
1946,127
1947,191
1948,244
1949,108
1950,151
1951,152
1952,183
1953,60
1954,252
1955,128
1956,190
1957,225
1958,171
1959,166
1960,170
1961,101
1962,192
1963,111
1964,11
1965,167
1966,213
1967,203
1968,246
1969,255
1970,241
1971,252
1972,191
1973,129
1974,225
1975,88
1976,203
1977,228
1978,191
1979,243
1980,196
1981,226
1982,224
1983,228
1984,217
1985,152
1986,241
1987,188
1988,241
1989,216
1990,241
1991,169
1992,241
1993,159
1994,72
1995,203
1996,68
1997,185
1998,198
1999,205
2000,204
2001,214
2002,204
2003,222
2004,163
2005,197
2006,211
2007,232
2008,207
2009,220
2010,225
2011,235
2012,236
2013,219
2014,176
2015,161
2016,227
2017,209
2018,198
2019,229
2020,175
2021,233
2022,65
2023,219
2024,199
2025,240
2026,221
2027,134
2028,196
2029,117
2030,254
2031,232
2032,220
2033,237
2034,175
2035,223
2036,152
2037,112
2038,163
2039,199
2040,156
2041,225
2042,36
2043,178
2044,245
2045,136
2046,256
2047,247
2048,192
2049,186
2050,88
2051,116
2052,153
2053,215
2054,214
2055,227
2056,242
2057,221
2058,217
2059,210
2060,136
2061,218
2062,97
2063,5
2064,78
2065,240
2066,229
2067,136
2068,78
2069,121
2070,184
2071,215
2072,181
2073,223
2074,253
2075,246
2076,157
2077,159
2078,244
2079,139
2080,208
2081,231
2082,225
2083,200
2084,217
2085,157
2086,153
2087,169
2088,213
2089,228
2090,154
2091,254
2092,150
2093,232
2094,211
2095,208
2096,241
2097,176
2098,191
2099,148
2100,178
2101,249
2102,178
2103,145
2104,212
2105,187
2106,244
2107,224
2108,186
2109,241
2110,190
2111,205
2112,146
2113,157
2114,215
2115,233
2116,211
2117,244
2118,230
2119,246
2120,169
2121,52
2122,220
2123,144
2124,234
2125,236
2126,183
2127,181
2128,145
2129,159
2130,232
2131,178
2132,151
2133,161
2134,147
2135,180
2136,230
2137,162
2138,256
2139,211
2140,206
2141,213
2142,208
2143,229
2144,226
2145,227
2146,123
2147,187
2148,211
2149,213
2150,187
2151,254
2152,175
2153,216
2154,237
2155,243
2156,241
2157,222
2158,158
2159,194
2160,104
2161,199
2162,0
2163,242
2164,225
2165,111
2166,232
2167,172
2168,185
2169,252
2170,230
2171,187
2172,112
2173,125
2174,163
2175,186
2176,237
2177,251
2178,205
2179,222
2180,256
2181,193
2182,172
2183,151
2184,182
2185,200
2186,107
2187,40
2188,203
2189,210
2190,184
2191,214
2192,161
2193,44
2194,249
2195,115
2196,103
2197,219
2198,121
2199,142
2200,181
2201,202
2202,239
2203,7
2204,181
2205,141
2206,243
2207,177
2208,174
2209,182
2210,136
2211,239
2212,112
2213,159
2214,228
2215,256
2216,222
2217,218
2218,210
2219,189
2220,141
2221,238
2222,223
2223,175
2224,103
2225,217
2226,218
2227,122
2228,160
2229,179
2230,244
2231,219
2232,120
2233,213
2234,152
2235,233
2236,87
2237,244
2238,220
2239,169
2240,161
2241,178
2242,195
2243,210
2244,148
2245,184
2246,159
2247,185
2248,224
2249,162
2250,242
2251,255
2252,136
2253,215
2254,251
2255,224
2256,126
2257,220
2258,177
2259,61
2260,211
2261,202
2262,232
2263,122
2264,244
2265,56
2266,231
2267,225
2268,0
2269,180
2270,172
2271,79
2272,249
2273,170
2274,228
2275,171
2276,256
2277,235
2278,176
2279,175
2280,232
2281,207
2282,183
2283,62
2284,252
2285,237
2286,150
2287,214
2288,234
2289,236
2290,196
2291,200
2292,243
2293,126
2294,159
2295,155
2296,153
2297,172
2298,251
2299,216
2300,200
2301,206
2302,250
2303,239
2304,242
2305,234
2306,177
2307,154
2308,203
2309,212
2310,187
2311,151
2312,248
2313,218
2314,252
2315,256
2316,189
2317,32
2318,126
2319,212
2320,220
2321,202
2322,241
2323,245
2324,244
2325,219
2326,148
2327,236
2328,149
2329,159
2330,194
2331,164
2332,185
2333,184
2334,239
2335,202
2336,157
2337,219
2338,225
2339,149
2340,233
2341,191
2342,256
2343,212
2344,212
2345,212
2346,232
2347,212
2348,242
2349,209
2350,153
2351,238
2352,97
2353,135
2354,166
2355,246
2356,228
2357,211
2358,206
2359,48
2360,223
2361,125
2362,99
2363,226
2364,228
2365,179
2366,129
2367,247
2368,132
2369,133
2370,238
2371,211
2372,149
2373,244
2374,220
2375,232
2376,211
2377,35
2378,255
2379,248
2380,216
2381,189
2382,163
2383,238
2384,239
2385,215
2386,161
2387,214
2388,225
2389,148
2390,232
2391,150
2392,159
2393,217
2394,132
2395,145
2396,173
2397,246
2398,170
2399,231
