0,5
1,239
2,231
3,179
4,191
5,138
6,187
7,39
8,195
9,130
10,183
11,200
12,236
13,234
14,211
15,142
16,106
17,225
18,115
19,79
20,104
21,154
22,166
23,199
24,34
25,85
26,187
27,155
28,133
29,230
30,224
31,148
32,173
33,156
34,107
35,30
36,232
37,163
38,231
39,244
40,157
41,227
42,172
43,94
44,119
45,240
46,220
47,205
48,99
49,99
50,173
51,153
52,240
53,243
54,220
55,169
56,199
57,164
58,176
59,151
60,94
61,165
62,124
63,204
64,207
65,54
66,211
67,145
68,133
69,127
70,98
71,198
72,212
73,210
74,99
75,153
76,74
77,145
78,144
79,210
80,210
81,144
82,179
83,196
84,194
85,112
86,190
87,248
88,217
89,180
90,152
91,170
92,118
93,239
94,184
95,193
96,135
97,135
98,211
99,228
100,175
101,239
102,187
103,228
104,84
105,143
106,190
107,160
108,123
109,106
110,216
111,199
112,219
113,48
114,202
115,180
116,77
117,161
118,222
119,201
120,204
121,0
122,200
123,230
124,194
125,162
126,179
127,194
128,165
129,111
130,158
131,200
132,202
133,90
134,195
135,102
136,133
137,221
138,194
139,203
140,135
141,199
142,84
143,196
144,203
145,190
146,186
147,207
148,107
149,210
150,123
151,148
152,143
153,173
154,154
155,233
156,245
157,62
158,219
159,200
160,202
161,174
162,109
163,159
164,225
165,222
166,187
167,231
168,187
169,220
170,211
171,173
172,138
173,237
174,146
175,159
176,201
177,93
178,166
179,189
180,163
181,176
182,48
183,89
184,182
185,176
186,156
187,218
188,80
189,176
190,73
191,240
192,153
193,142
194,141
195,198
196,175
197,224
198,243
199,171
200,141
201,219
202,225
203,190
204,164
205,193
206,190
207,171
208,203
209,226
210,149
211,202
212,207
213,218
214,197
215,214
216,205
217,88
218,172
219,209
220,211
221,169
222,245
223,185
224,202
225,231
226,176
227,242
228,221
229,211
230,110
231,200
232,118
233,141
234,131
235,104
236,179
237,105
238,148
239,233
240,160
241,129
242,239
243,211
244,169
245,222
246,189
247,85
248,212
249,160
250,156
251,168
252,187
253,129
254,202
255,158
256,219
257,170
258,206
259,237
260,229
261,140
262,203
263,201
264,158
265,157
266,114
267,189
268,165
269,211
270,240
271,97
272,123
273,158
274,119
275,219
276,164
277,176
278,121
279,149
280,106
281,225
282,105
283,155
284,184
285,103
286,131
287,119
288,208
289,176
290,205
291,231
292,230
293,203
294,180
295,238
296,165
297,177
298,201
299,222
300,255
301,150
302,217
303,193
304,207
305,219
306,243
307,168
308,214
309,170
310,209
311,107
312,178
313,133
314,163
315,125
316,256
317,227
318,176
319,0
320,144
321,124
322,220
323,233
324,226
325,170
326,215
327,238
328,234
329,152
330,146
331,193
332,246
333,211
334,229
335,197
336,98
337,203
338,175
339,210
340,244
341,80
342,66
343,169
344,133
345,145
346,171
347,171
348,247
349,256
350,249
351,193
352,140
353,119
354,189
355,204
356,203
357,144
358,220
359,183
360,111
361,167
362,181
363,140
364,153
365,206
366,101
367,203
368,224
369,190
370,227
371,206
372,238
373,123
374,170
375,141
376,170
377,165
378,143
379,152
380,137
381,160
382,88
383,140
384,236
385,110
386,128
387,236
388,134
389,243
390,162
391,194
392,223
393,113
394,154
395,241
396,227
397,210
398,243
399,144
400,180
401,119
402,244
403,244
404,189
405,140
406,134
407,179
408,206
409,232
410,242
411,229
412,212
413,158
414,137
415,196
416,237
417,251
418,166
419,185
420,161
421,96
422,167
423,161
424,211
425,229
426,125
427,227
428,211
429,149
430,243
431,225
432,100
433,208
434,165
435,134
436,165
437,207
438,220
439,194
440,136
441,226
442,162
443,114
444,198
445,142
446,197
447,193
448,214
449,213
450,226
451,173
452,255
453,131
454,228
455,151
456,226
457,229
458,211
459,204
460,238
461,147
462,168
463,229
464,246
465,140
466,95
467,195
468,176
469,247
470,118
471,236
472,160
473,117
474,181
475,148
476,242
477,197
478,181
479,245
480,208
481,181
482,207
483,214
484,88
485,234
486,133
487,230
488,249
489,151
490,225
491,243
492,149
493,213
494,107
495,251
496,232
497,236
498,190
499,163
500,200
501,238
502,236
503,241
504,155
505,201
506,186
507,195
508,216
509,209
510,141
511,202
512,216
513,149
514,154
515,244
516,230
517,171
518,239
519,222
520,223
521,154
522,131
523,238
524,183
525,242
526,180
527,169
528,214
529,214
530,235
531,220
532,136
533,229
534,219
535,193
536,231
537,139
538,239
539,207
540,126
541,194
542,124
543,205
544,221
545,190
546,155
547,232
548,217
549,193
550,132
551,189
552,162
553,163
554,248
555,181
556,161
557,219
558,146
559,232
560,227
561,247
562,123
563,230
564,150
565,215
566,137
567,227
568,218
569,183
570,219
571,223
572,206
573,185
574,243
575,154
576,213
577,244
578,196
579,244
580,218
581,245
582,203
583,188
584,199
585,152
586,182
587,200
588,183
589,232
590,225
591,161
592,186
593,150
594,141
595,157
596,208
597,239
598,153
599,161
600,146
601,244
602,98
603,144
604,172
605,231
606,157
607,188
608,194
609,123
610,143
611,206
612,212
613,124
614,228
615,150
616,43
617,197
618,236
619,192
620,119
621,202
622,233
623,180
624,144
625,206
626,177
627,223
628,231
629,139
630,223
631,229
632,163
633,169
634,205
635,220
636,238
637,174
638,167
639,138
640,212
641,177
642,244
643,170
644,205
645,184
646,245
647,191
648,219
649,84
650,152
651,218
652,209
653,231
654,207
655,198
656,186
657,212
658,191
659,223
660,154
661,225
662,186
663,179
664,180
665,197
666,237
667,220
668,131
669,215
670,128
671,150
672,187
673,182
674,242
675,211
676,214
677,185
678,154
679,148
680,228
681,147
682,173
683,212
684,227
685,215
686,144
687,232
688,216
689,189
690,117
691,216
692,134
693,248
694,238
695,178
696,127
697,196
698,135
699,156
700,156
701,241
702,240
703,244
704,195
705,217
706,129
707,189
708,186
709,245
710,256
711,235
712,135
713,236
714,170
715,142
716,184
717,249
718,195
719,153
720,250
721,215
722,168
723,112
724,216
725,136
726,212
727,256
728,151
729,223
730,219
731,152
732,176
733,194
734,238
735,189
736,221
737,191
738,204
739,165
740,190
741,226
742,153
743,243
744,235
745,184
746,204
747,188
748,256
749,256
750,147
751,219
752,205
753,187
754,221
755,256
756,256
757,251
758,243
759,171
760,210
761,252
762,246
763,229
764,229
765,225
766,240
767,159
768,217
769,193
770,241
771,256
772,239
773,202
774,143
775,245
776,191
777,240
778,213
779,246
780,256
781,222
782,151
783,256
784,243
785,206
786,123
787,189
788,150
789,228
790,256
791,138
792,126
793,216
794,235
795,117
796,151
797,243
798,134
799,162
800,234
801,166
802,195
803,246
804,244
805,140
806,129
807,205
808,202
809,188
810,216
811,198
812,144
813,172
814,198
815,191
816,140
817,138
818,233
819,182
820,164
821,175
822,232
823,203
824,198
825,166
826,229
827,156
828,244
829,216
830,180
831,191
832,142
833,225
834,132
835,175
836,195
837,140
838,249
839,232
840,79
841,108
842,186
843,202
844,145
845,119
846,131
847,241
848,203
849,224
850,208
851,0
852,143
853,154
854,178
855,97
856,210
857,245
858,127
859,228
860,219
861,151
862,201
863,161
864,187
865,234
866,228
867,243
868,243
869,245
870,184
871,223
872,221
873,191
874,180
875,227
876,163
877,181
878,194
879,170
880,91
881,184
882,198
883,168
884,193
885,125
886,225
887,245
888,165
889,241
890,192
891,54
892,91
893,210
894,144
895,186
896,176
897,80
898,196
899,210
900,191
901,153
902,217
903,145
904,230
905,152
906,211
907,166
908,171
909,182
910,124
911,227
912,134
913,216
914,125
915,241
916,207
917,161
918,188
919,50
920,174
921,159
922,156
923,201
924,206
925,183
926,73
927,200
928,170
929,218
930,129
931,141
932,199
933,203
934,198
935,171
936,195
937,226
938,203
939,140
940,179
941,220
942,170
943,171
944,218
945,156
946,158
947,160
948,207
949,178
950,118
951,159
952,196
953,241
954,173
955,245
956,211
957,202
958,170
959,120
960,183
961,239
962,0
963,220
964,190
965,131
966,121
967,201
968,102
969,212
970,230
971,168
972,202
973,118
974,186
975,105
976,206
977,128
978,215
979,243
980,218
981,193
982,148
983,162
984,156
985,239
986,193
987,232
988,238
989,151
990,242
991,173
992,182
993,213
994,223
995,208
996,155
997,237
998,150
999,220
1000,213
1001,151
1002,183
1003,247
1004,221
1005,233
1006,161
1007,201
1008,188
1009,192
1010,230
1011,197
1012,188
1013,193
1014,211
1015,226
1016,182
1017,211
1018,218
1019,246
1020,234
1021,248
1022,91
1023,171
1024,151
1025,224
1026,175
1027,125
1028,202
1029,204
1030,239
1031,154
1032,121
1033,174
1034,201
1035,203
1036,236
1037,169
1038,230
1039,157
1040,200
1041,122
1042,188
1043,169
1044,143
1045,225
1046,173
1047,183
1048,235
1049,132
1050,181
1051,206
1052,224
1053,182
1054,83
1055,181
1056,241
1057,210
1058,143
1059,207
1060,229
1061,172
1062,192
1063,173
1064,233
1065,209
1066,186
1067,237
1068,244
1069,210
1070,230
1071,205
1072,146
1073,228
1074,242
1075,188
1076,224
1077,196
1078,169
1079,188
1080,225
1081,131
1082,186
1083,135
1084,220
1085,227
1086,220
1087,117
1088,190
1089,164
1090,227
1091,173
1092,210
1093,171
1094,209
1095,234
1096,120
1097,216
1098,207
1099,219
1100,212
1101,229
1102,241
1103,223
1104,167
1105,225
1106,212
1107,130
1108,226
1109,219
1110,176
1111,120
1112,256
1113,216
1114,234
1115,191
1116,229
1117,243
1118,192
1119,162
1120,234
1121,205
1122,168
1123,174
1124,168
1125,157
1126,245
1127,228
1128,177
1129,205
1130,190
1131,239
1132,172
1133,238
1134,172
1135,195
1136,234
1137,206
1138,250
1139,191
1140,248
1141,217
1142,202
1143,165
1144,114
1145,171
1146,256
1147,250
1148,172
1149,219
1150,218
1151,232
1152,197
1153,197
1154,176
1155,199
1156,196
1157,204
1158,187
1159,237
1160,159
1161,238
1162,127
1163,249
1164,149
1165,242
1166,184
1167,226
1168,243
1169,213
1170,186
1171,180
1172,222
1173,113
1174,242
1175,248
1176,219
1177,209
1178,248
1179,127
1180,190
1181,143
1182,144
1183,162
1184,218
1185,256
1186,224
1187,256
1188,256
1189,223
1190,214
1191,106
1192,248
1193,215
1194,220
1195,248
1196,185
1197,196
1198,140
1199,236
1200,167
1201,247
1202,160
1203,215
1204,111
1205,152
1206,126
1207,167
1208,126
1209,195
1210,159
1211,212
1212,213
1213,158
1214,61
1215,131
1216,133
1217,160
1218,119
1219,250
1220,205
1221,178
1222,88
1223,116
1224,171
1225,20
1226,240
1227,102
1228,152
1229,237
1230,128
1231,120
1232,139
1233,151
1234,156
1235,178
1236,193
1237,133
1238,154
1239,202
1240,177
1241,164
1242,108
1243,185
1244,228
1245,248
1246,199
1247,149
1248,242
1249,137
1250,218
1251,153
1252,131
1253,184
1254,103
1255,87
1256,167
1257,239
1258,121
1259,143
1260,145
1261,208
1262,80
1263,247
1264,142
1265,133
1266,81
1267,158
1268,237
1269,170
1270,236
1271,192
1272,173
1273,220
1274,243
1275,227
1276,163
1277,64
1278,163
1279,252
1280,190
1281,108
1282,233
1283,112
1284,131
1285,101
1286,155
1287,0
1288,152
1289,119
1290,227
1291,218
1292,60
1293,177
1294,131
1295,153
1296,243
1297,62
1298,168
1299,73
1300,247
1301,170
1302,240
1303,167
1304,140
1305,230
1306,224
1307,234
1308,63
1309,119
1310,84
1311,176
1312,63
1313,233
1314,232
1315,223
1316,94
1317,162
1318,120
1319,159
1320,70
1321,100
1322,174
1323,229
1324,56
1325,155
1326,62
1327,64
1328,140
1329,218
1330,186
1331,112
1332,109
1333,141
1334,192
1335,136
1336,0
1337,127
1338,31
1339,215
1340,37
1341,194
1342,201
1343,150
1344,103
1345,84
1346,248
1347,109
1348,211
1349,166
1350,226
1351,6
1352,198
1353,0
1354,221
1355,104
1356,233
1357,213
1358,127
1359,147
1360,230
1361,69
1362,139
1363,84
1364,242
1365,244
1366,123
1367,172
1368,111
1369,139
1370,216
1371,190
1372,83
1373,125
1374,239
1375,248
1376,147
1377,203
1378,159
1379,215
1380,173
1381,112
1382,210
1383,232
1384,212
1385,73
1386,240
1387,217
1388,29
1389,60
1390,114
1391,198
1392,143
1393,189
1394,182
1395,108
1396,125
1397,86
1398,186
1399,178
1400,186
1401,203
1402,132
1403,146
1404,232
1405,163
1406,212
1407,91
1408,136
1409,192
1410,159
1411,206
1412,221
1413,217
1414,232
1415,139
1416,162
1417,130
1418,240
1419,170
1420,131
1421,219
1422,247
1423,134
1424,118
1425,231
1426,58
1427,114
1428,224
1429,221
1430,38
1431,171
1432,200
1433,104
1434,133
1435,240
1436,114
1437,93
1438,228
1439,231
1440,239
1441,116
1442,132
1443,237
1444,195
1445,222
1446,159
1447,153
1448,177
1449,100
1450,25
1451,155
1452,199
1453,98
1454,235
1455,246
1456,150
1457,100
1458,178
1459,128
1460,209
1461,236
1462,92
1463,175
1464,100
1465,197
1466,210
1467,219
1468,212
1469,170
1470,126
1471,203
1472,131
1473,168
1474,215
1475,206
1476,202
1477,106
1478,214
1479,156
1480,158
1481,149
1482,229
1483,216
1484,227
1485,162
1486,246
1487,146
1488,244
1489,212
1490,212
1491,90
1492,238
1493,217
1494,251
1495,232
1496,248
1497,230
1498,212
1499,144
1500,135
1501,159
1502,208
1503,179
1504,105
1505,156
1506,101
1507,80
1508,253
1509,198
1510,132
1511,191
1512,130
1513,26
1514,111
1515,231
1516,199
1517,222
1518,230
1519,80
1520,181
1521,239
1522,191
1523,54
1524,140
1525,224
1526,171
1527,163
1528,189
1529,219
1530,154
1531,132
1532,127
1533,243
1534,95
1535,96
1536,135
1537,177
1538,148
1539,222
1540,186
1541,241
1542,69
1543,200
1544,100
1545,114
1546,201
1547,143
1548,45
1549,170
1550,24
1551,72
1552,155
1553,199
1554,119
1555,164
1556,134
1557,190
1558,117
1559,130
1560,228
1561,98
1562,243
1563,164
1564,124
1565,132
1566,111
1567,148
1568,238
1569,0
1570,169
1571,152
1572,246
1573,238
1574,194
1575,246
1576,102
1577,152
1578,59
1579,228
1580,206
1581,157
1582,159
1583,226
1584,166
1585,213
1586,209
1587,123
1588,180
1589,141
1590,236
1591,231
1592,214
1593,205
1594,192
1595,4
1596,127
1597,136
1598,88
1599,105
1600,215
1601,192
1602,142
1603,160
1604,235
1605,193
1606,200
1607,181
1608,232
1609,176
1610,252
1611,119
1612,174
1613,220
1614,154
1615,176
1616,227
1617,186
1618,150
1619,172
1620,128
1621,210
1622,230
1623,159
1624,182
1625,194
1626,126
1627,109
1628,235
1629,127
1630,167
1631,210
1632,204
1633,189
1634,186
1635,237
1636,192
1637,237
1638,106
1639,205
1640,203
1641,182
1642,169
1643,161
1644,221
1645,216
1646,223
1647,254
1648,254
1649,248
1650,234
1651,249
1652,126
1653,121
1654,152
1655,249
1656,187
1657,181
1658,249
1659,214
1660,218
1661,157
1662,162
1663,214
1664,160
1665,248
1666,166
1667,194
1668,82
1669,170
1670,173
1671,205
1672,251
1673,255
1674,186
1675,247
1676,226
1677,233
1678,145
1679,109
1680,226
1681,167
1682,221
1683,189
1684,183
1685,232
1686,169
1687,219
1688,240
1689,151
1690,93
1691,152
1692,208
1693,174
1694,121
1695,140
1696,192
1697,0
1698,223
1699,249
1700,158
1701,231
1702,145
1703,227
1704,204
1705,148
1706,192
1707,155
1708,191
1709,227
1710,188
1711,226
1712,167
1713,128
1714,77
1715,212
1716,233
1717,192
1718,71
1719,222
1720,158
1721,56
1722,133
1723,90
1724,126
1725,168
1726,231
1727,152
1728,156
1729,169
1730,128
1731,227
1732,111
1733,218
1734,136
1735,220
1736,132
1737,152
1738,208
1739,232
1740,61
1741,140
1742,144
1743,226
1744,244
1745,153
1746,139
1747,99
1748,170
1749,191
1750,59
1751,104
1752,111
1753,95
1754,192
1755,215
1756,229
1757,156
1758,221
1759,181
1760,76
1761,35
1762,222
1763,143
1764,225
1765,186
1766,150
1767,158
1768,221
1769,132
1770,187
1771,121
1772,148
1773,133
1774,127
1775,248
1776,243
1777,172
1778,148
1779,177
1780,226
1781,208
1782,101
1783,76
1784,203
1785,164
1786,76
1787,234
1788,197
1789,109
1790,238
1791,248
1792,200
1793,42
1794,192
1795,234
1796,162
1797,192
1798,228
1799,217
1800,181
1801,229
1802,234
1803,138
1804,223
1805,218
1806,184
1807,202
1808,200
1809,225
1810,208
1811,199
1812,173
1813,248
1814,138
1815,160
1816,199
1817,150
1818,150
1819,35
1820,121
1821,210
1822,202
1823,144
1824,188
1825,162
1826,169
1827,196
1828,194
1829,236
1830,215
1831,229
1832,217
1833,155
1834,104
1835,214
1836,172
1837,132
1838,240
1839,206
1840,208
1841,229
1842,213
1843,135
1844,108
1845,144
1846,74
1847,164
1848,233
1849,124
1850,164
1851,204
1852,212
1853,143
1854,181
1855,106
1856,200
1857,246
1858,195
1859,187
1860,215
1861,134
1862,134
1863,238
1864,244
1865,117
1866,219
1867,247
1868,116
1869,249
1870,224
1871,224
1872,155
1873,215
1874,207
1875,230
1876,110
1877,112
1878,203
1879,142
1880,239
1881,166
1882,249
1883,226
1884,163
1885,219
1886,179
1887,131
1888,166
1889,160
1890,231
1891,102
1892,252
1893,239
1894,206
1895,245
1896,52
1897,183
1898,193
1899,195
1900,18
1901,234
1902,256
1903,209
1904,162
1905,204
1906,30
1907,141
1908,234
1909,111
1910,160
1911,252
1912,181
1913,126
1914,86
1915,239
1916,240
1917,239
1918,232
1919,87
1920,205
1921,141
1922,247
1923,202
1924,33
1925,157
1926,173
1927,111
1928,82
1929,153
1930,100
1931,107
1932,249
1933,158
1934,60
1935,254
1936,200
1937,178
1938,208
1939,105
1940,116
1941,240
1942,244
1943,187
1944,126
1945,99
1946,216
1947,216
1948,227
1949,221
1950,178
1951,197
1952,204
1953,174
1954,156
1955,104
1956,219
1957,160
1958,197
1959,256
1960,222
1961,124
1962,72
1963,153
1964,87
1965,208
1966,240
1967,175
1968,210
1969,247
1970,152
1971,176
1972,232
1973,88
1974,183
1975,208
1976,119
1977,138
1978,176
1979,167
1980,141
1981,256
1982,236
1983,215
1984,181
1985,211
1986,205
1987,253
1988,226
1989,240
1990,137
1991,100
1992,234
1993,215
1994,151
1995,227
1996,104
1997,155
1998,224
1999,195
2000,168
2001,55
2002,89
2003,122
2004,190
2005,163
2006,201
2007,245
2008,90
2009,73
2010,248
2011,132
2012,225
2013,210
2014,122
2015,83
2016,144
2017,248
2018,171
2019,222
2020,244
2021,121
2022,197
2023,247
2024,186
2025,125
2026,218
2027,201
2028,138
2029,53
2030,229
2031,204
2032,13
2033,212
2034,130
2035,188
2036,229
2037,174
2038,243
2039,142
2040,173
2041,131
2042,172
2043,243
2044,159
2045,69
2046,234
2047,84
2048,36
2049,155
2050,159
2051,44
2052,81
2053,154
2054,234
2055,227
2056,0
2057,121
2058,176
2059,214
2060,172
2061,127
2062,125
2063,133
2064,183
2065,170
2066,234
2067,148
2068,135
2069,111
2070,189
2071,243
2072,95
2073,225
2074,212
2075,221
2076,220
2077,171
2078,166
2079,159
2080,215
2081,157
2082,92
2083,204
2084,215
2085,160
2086,160
2087,188
2088,237
2089,225
2090,197
2091,56
2092,240
2093,126
2094,178
2095,237
2096,128
2097,202
2098,175
2099,155
2100,53
2101,196
2102,169
2103,167
2104,195
2105,188
2106,193
2107,137
2108,188
2109,124
2110,231
2111,57
2112,200
2113,12
2114,36
2115,212
2116,0
2117,143
2118,167
2119,212
2120,164
2121,213
2122,117
2123,107
2124,246
2125,58
2126,189
2127,219
2128,226
2129,96
2130,73
2131,232
2132,84
2133,220
2134,158
2135,18
2136,210
2137,51
2138,157
2139,41
2140,87
2141,81
2142,154
2143,217
2144,131
2145,167
2146,0
2147,240
2148,107
2149,117
2150,72
2151,175
2152,9
2153,175
2154,211
2155,204
2156,180
2157,183
2158,182
2159,203
2160,137
2161,126
2162,167
2163,159
2164,147
2165,236
2166,170
2167,0
2168,68
2169,246
2170,231
2171,81
2172,219
2173,148
2174,206
2175,206
2176,149
2177,218
2178,100
2179,239
2180,122
2181,238
2182,0
2183,146
2184,161
2185,214
2186,0
2187,220
2188,233
2189,24
2190,201
2191,0
2192,220
2193,118
2194,207
2195,93
2196,218
2197,40
2198,227
2199,166
2200,182
2201,39
2202,217
2203,114
2204,130
2205,235
2206,99
2207,131
2208,168
2209,103
2210,105
2211,164
2212,123
2213,74
2214,164
2215,211
2216,213
2217,144
2218,66
2219,79
2220,150
2221,131
2222,209
2223,212
2224,120
2225,178
2226,202
2227,106
2228,127
2229,210
2230,249
2231,63
2232,107
2233,225
2234,227
2235,172
2236,144
2237,149
2238,154
2239,199
2240,152
2241,246
2242,150
2243,206
2244,244
2245,215
2246,182
2247,124
2248,2
2249,96
2250,139
2251,183
2252,221
2253,128
2254,115
2255,132
2256,155
2257,27
2258,181
2259,112
2260,156
2261,160
2262,208
2263,165
2264,229
2265,174
2266,154
2267,207
2268,214
2269,85
2270,110
2271,234
2272,120
2273,203
2274,190
2275,219
2276,145
2277,92
2278,19
2279,108
2280,173
2281,144
2282,163
2283,145
2284,14
2285,247
2286,101
2287,185
2288,242
2289,176
2290,136
2291,190
2292,39
2293,170
2294,130
2295,243
2296,152
2297,168
2298,224
2299,112
2300,147
2301,125
2302,181
2303,242
2304,161
2305,124
2306,0
2307,0
2308,223
2309,192
2310,212
2311,147
2312,186
2313,230
2314,12
2315,132
2316,86
2317,73
2318,248
2319,138
2320,240
2321,150
2322,123
2323,141
2324,159
2325,200
2326,137
2327,234
2328,149
2329,245
2330,3
2331,169
2332,204
2333,206
2334,186
2335,227
2336,133
2337,89
2338,146
2339,96
2340,218
2341,176
2342,162
2343,167
2344,242
2345,218
2346,123
2347,226
2348,214
2349,218
2350,164
2351,83
2352,183
2353,150
2354,191
2355,249
2356,175
2357,122
2358,202
2359,182
2360,179
2361,152
2362,193
2363,108
2364,256
2365,147
2366,245
2367,134
2368,199
2369,226
2370,202
2371,114
2372,236
2373,171
2374,102
2375,126
2376,217
2377,115
2378,96
2379,245
2380,167
2381,66
2382,127
2383,219
2384,40
2385,148
2386,196
2387,223
2388,138
2389,128
2390,201
2391,195
2392,96
2393,112
2394,129
2395,181
2396,216
2397,150
2398,205
2399,214
