0,42
1,245
2,230
3,186
4,191
5,134
6,193
7,94
8,210
9,120
10,165
11,192
12,235
13,235
14,248
15,160
16,118
17,231
18,183
19,104
20,131
21,174
22,172
23,212
24,0
25,122
26,199
27,145
28,147
29,224
30,229
31,163
32,177
33,172
34,111
35,77
36,236
37,190
38,233
39,245
40,171
41,227
42,175
43,108
44,131
45,238
46,225
47,201
48,190
49,82
50,202
51,158
52,241
53,243
54,210
55,155
56,202
57,159
58,163
59,157
60,113
61,192
62,149
63,210
64,207
65,82
66,226
67,149
68,145
69,129
70,137
71,195
72,213
73,216
74,121
75,135
76,151
77,171
78,174
79,197
80,222
81,152
82,201
83,194
84,202
85,111
86,201
87,249
88,227
89,192
90,181
91,160
92,119
93,239
94,173
95,207
96,147
97,132
98,209
99,229
100,199
101,239
102,222
103,227
104,70
105,143
106,181
107,187
108,154
109,122
110,204
111,224
112,206
113,45
114,208
115,203
116,93
117,163
118,224
119,224
120,198
121,68
122,210
123,225
124,207
125,190
126,180
127,203
128,169
129,135
130,214
131,211
132,213
133,84
134,197
135,202
136,132
137,228
138,190
139,223
140,139
141,220
142,88
143,202
144,199
145,188
146,197
147,208
148,115
149,213
150,127
151,134
152,192
153,160
154,137
155,232
156,246
157,79
158,222
159,198
160,197
161,178
162,134
163,164
164,225
165,228
166,180
167,216
168,159
169,239
170,217
171,164
172,164
173,239
174,157
175,151
176,171
177,115
178,178
179,184
180,183
181,193
182,72
183,98
184,192
185,188
186,175
187,231
188,96
189,190
190,105
191,239
192,175
193,130
194,178
195,212
196,183
197,230
198,241
199,183
200,146
201,222
202,231
203,187
204,189
205,194
206,205
207,191
208,215
209,205
210,144
211,216
212,213
213,213
214,212
215,194
216,215
217,105
218,184
219,210
220,210
221,166
222,244
223,212
224,205
225,234
226,172
227,242
228,216
229,211
230,115
231,203
232,140
233,141
234,153
235,88
236,195
237,91
238,167
239,235
240,136
241,149
242,227
243,208
244,186
245,225
246,196
247,86
248,226
249,157
250,177
251,168
252,198
253,117
254,183
255,180
256,224
257,164
258,209
259,238
260,235
261,141
262,152
263,193
264,167
265,192
266,126
267,190
268,168
269,207
270,241
271,116
272,116
273,170
274,112
275,216
276,175
277,176
278,174
279,155
280,111
281,222
282,83
283,169
284,179
285,98
286,135
287,150
288,223
289,184
290,217
291,230
292,228
293,195
294,188
295,239
296,187
297,183
298,215
299,227
300,202
301,178
302,226
303,190
304,206
305,229
306,234
307,159
308,199
309,188
310,209
311,164
312,181
313,133
314,153
315,118
316,180
317,229
318,187
319,117
320,158
321,91
322,216
323,234
324,231
325,178
326,220
327,234
328,226
329,144
330,151
331,196
332,247
333,212
334,229
335,193
336,153
337,210
338,141
339,203
340,244
341,150
342,128
343,168
344,130
345,156
346,187
347,154
348,247
349,185
350,248
351,198
352,142
353,142
354,215
355,204
356,201
357,168
358,209
359,189
360,128
361,169
362,205
363,133
364,162
365,200
366,88
367,192
368,227
369,203
370,213
371,198
372,229
373,147
374,148
375,136
376,172
377,165
378,175
379,200
380,187
381,174
382,81
383,158
384,224
385,159
386,160
387,221
388,146
389,241
390,168
391,180
392,234
393,149
394,138
395,241
396,232
397,214
398,238
399,158
400,180
401,121
402,246
403,244
404,199
405,127
406,122
407,164
408,203
409,233
410,241
411,233
412,221
413,136
414,84
415,223
416,239
417,250
418,173
419,190
420,175
421,86
422,184
423,152
424,226
425,228
426,103
427,229
428,192
429,188
430,242
431,230
432,111
433,238
434,190
435,122
436,171
437,214
438,215
439,194
440,122
441,225
442,155
443,106
444,198
445,127
446,191
447,188
448,228
449,216
450,220
451,182
452,242
453,154
454,227
455,170
456,216
457,231
458,221
459,198
460,239
461,137
462,189
463,229
464,244
465,146
466,146
467,190
468,204
469,246
470,154
471,236
472,164
473,115
474,188
475,184
476,241
477,192
478,178
479,245
480,203
481,184
482,210
483,218
484,99
485,234
486,113
487,236
488,249
489,115
490,229
491,241
492,136
493,226
494,98
495,252
496,231
497,233
498,170
499,173
500,228
501,239
502,238
503,234
504,182
505,194
506,229
507,206
508,219
509,215
510,134
511,237
512,221
513,147
514,177
515,244
516,229
517,185
518,237
519,234
520,230
521,153
522,155
523,234
524,182
525,242
526,189
527,134
528,220
529,213
530,218
531,226
532,146
533,240
534,217
535,237
536,221
537,145
538,243
539,199
540,165
541,201
542,141
543,211
544,229
545,186
546,155
547,233
548,211
549,198
550,128
551,215
552,191
553,155
554,247
555,211
556,146
557,219
558,145
559,234
560,218
561,247
562,188
563,229
564,164
565,215
566,165
567,226
568,232
569,213
570,226
571,229
572,216
573,218
574,243
575,154
576,222
577,236
578,206
579,243
580,206
581,245
582,218
583,198
584,208
585,150
586,191
587,198
588,191
589,234
590,212
591,176
592,216
593,162
594,137
595,157
596,211
597,236
598,146
599,143
600,142
601,242
602,75
603,108
604,154
605,230
606,156
607,173
608,188
609,136
610,164
611,212
612,181
613,158
614,230
615,143
616,28
617,189
618,237
619,198
620,98
621,196
622,230
623,184
624,166
625,203
626,186
627,222
628,233
629,101
630,228
631,231
632,159
633,145
634,215
635,216
636,240
637,187
638,176
639,115
640,217
641,170
642,241
643,192
644,207
645,162
646,244
647,197
648,228
649,107
650,149
651,224
652,209
653,231
654,199
655,212
656,159
657,216
658,190
659,229
660,166
661,220
662,207
663,183
664,203
665,202
666,231
667,221
668,136
669,205
670,145
671,148
672,193
673,195
674,242
675,212
676,201
677,167
678,158
679,156
680,225
681,157
682,170
683,212
684,222
685,208
686,159
687,234
688,226
689,195
690,103
691,222
692,102
693,248
694,237
695,194
696,117
697,201
698,146
699,156
700,145
701,240
702,239
703,244
704,162
705,208
706,132
707,200
708,159
709,246
710,147
711,226
712,145
713,230
714,160
715,173
716,161
717,249
718,190
719,150
720,209
721,211
722,165
723,105
724,194
725,87
726,200
727,63
728,132
729,208
730,210
731,127
732,182
733,170
734,241
735,187
736,216
737,188
738,184
739,111
740,197
741,225
742,124
743,244
744,220
745,143
746,193
747,145
748,179
749,219
750,91
751,205
752,203
753,187
754,208
755,213
756,204
757,220
758,243
759,136
760,163
761,252
762,246
763,230
764,223
765,220
766,236
767,148
768,207
769,202
770,239
771,92
772,221
773,197
774,140
775,244
776,196
777,238
778,217
779,244
780,177
781,224
782,108
783,203
784,130
785,210
786,93
787,197
788,154
789,224
790,174
791,124
792,113
793,199
794,232
795,103
796,121
797,244
798,90
799,132
800,236
801,175
802,203
803,240
804,244
805,171
806,138
807,208
808,215
809,189
810,206
811,218
812,182
813,172
814,212
815,210
816,128
817,144
818,237
819,199
820,187
821,175
822,235
823,209
824,200
825,189
826,230
827,167
828,245
829,214
830,179
831,209
832,161
833,230
834,178
835,186
836,202
837,177
838,248
839,225
840,76
841,161
842,183
843,217
844,158
845,113
846,172
847,238
848,209
849,219
850,214
851,96
852,129
853,175
854,199
855,175
856,215
857,243
858,159
859,225
860,211
861,156
862,207
863,158
864,179
865,231
866,232
867,245
868,244
869,244
870,192
871,228
872,218
873,202
874,173
875,220
876,179
877,206
878,206
879,174
880,130
881,182
882,203
883,176
884,191
885,174
886,226
887,245
888,162
889,242
890,200
891,133
892,152
893,214
894,190
895,153
896,182
897,101
898,199
899,219
900,177
901,161
902,211
903,189
904,230
905,184
906,218
907,170
908,162
909,183
910,129
911,227
912,154
913,208
914,122
915,241
916,225
917,163
918,185
919,66
920,200
921,177
922,176
923,108
924,212
925,203
926,145
927,219
928,178
929,214
930,158
931,122
932,209
933,233
934,212
935,207
936,186
937,235
938,192
939,165
940,187
941,218
942,189
943,208
944,214
945,144
946,162
947,139
948,207
949,210
950,166
951,143
952,220
953,239
954,208
955,244
956,208
957,214
958,192
959,45
960,209
961,239
962,167
963,226
964,174
965,161
966,142
967,187
968,178
969,214
970,221
971,200
972,198
973,88
974,207
975,200
976,211
977,100
978,218
979,243
980,206
981,226
982,208
983,198
984,180
985,238
986,195
987,235
988,239
989,154
990,243
991,169
992,187
993,234
994,215
995,212
996,222
997,243
998,173
999,226
1000,218
1001,136
1002,182
1003,245
1004,223
1005,225
1006,139
1007,208
1008,201
1009,164
1010,232
1011,204
1012,183
1013,215
1014,206
1015,224
1016,171
1017,208
1018,218
1019,246
1020,199
1021,247
1022,102
1023,188
1024,175
1025,226
1026,214
1027,120
1028,207
1029,202
1030,238
1031,154
1032,128
1033,178
1034,193
1035,207
1036,235
1037,190
1038,225
1039,199
1040,198
1041,157
1042,206
1043,163
1044,150
1045,227
1046,191
1047,161
1048,235
1049,130
1050,197
1051,216
1052,209
1053,188
1054,186
1055,178
1056,240
1057,209
1058,173
1059,210
1060,227
1061,181
1062,205
1063,189
1064,227
1065,216
1066,181
1067,228
1068,244
1069,211
1070,235
1071,190
1072,138
1073,227
1074,243
1075,200
1076,218
1077,209
1078,163
1079,198
1080,224
1081,148
1082,161
1083,136
1084,204
1085,220
1086,212
1087,140
1088,207
1089,168
1090,225
1091,190
1092,227
1093,173
1094,221
1095,241
1096,106
1097,201
1098,215
1099,228
1100,198
1101,224
1102,235
1103,228
1104,164
1105,218
1106,214
1107,160
1108,223
1109,221
1110,199
1111,159
1112,151
1113,229
1114,225
1115,173
1116,225
1117,165
1118,200
1119,193
1120,227
1121,184
1122,162
1123,135
1124,176
1125,187
1126,245
1127,225
1128,183
1129,209
1130,197
1131,239
1132,166
1133,236
1134,172
1135,198
1136,206
1137,223
1138,250
1139,186
1140,245
1141,203
1142,211
1143,82
1144,86
1145,166
1146,74
1147,251
1148,141
1149,204
1150,69
1151,227
1152,195
1153,196
1154,178
1155,180
1156,195
1157,221
1158,216
1159,228
1160,186
1161,234
1162,101
1163,247
1164,158
1165,242
1166,183
1167,225
1168,243
1169,231
1170,189
1171,199
1172,221
1173,191
1174,239
1175,248
1176,221
1177,201
1178,248
1179,150
1180,154
1181,201
1182,135
1183,151
1184,220
1185,238
1186,218
1187,182
1188,154
1189,195
1190,225
1191,129
1192,242
1193,211
1194,232
1195,248
1196,200
1197,192
1198,164
1199,234
1200,164
1201,248
1202,109
1203,220
1204,185
1205,155
1206,153
1207,164
1208,91
1209,211
1210,148
1211,208
1212,215
1213,141
1214,57
1215,96
1216,134
1217,160
1218,135
1219,250
1220,200
1221,198
1222,29
1223,122
1224,178
1225,19
1226,237
1227,135
1228,187
1229,238
1230,136
1231,66
1232,148
1233,166
1234,106
1235,204
1236,199
1237,154
1238,156
1239,223
1240,201
1241,165
1242,105
1243,219
1244,234
1245,249
1246,175
1247,145
1248,240
1249,175
1250,219
1251,154
1252,191
1253,174
1254,73
1255,95
1256,209
1257,237
1258,145
1259,151
1260,150
1261,214
1262,43
1263,247
1264,186
1265,151
1266,77
1267,98
1268,238
1269,157
1270,238
1271,199
1272,186
1273,223
1274,243
1275,226
1276,170
1277,37
1278,190
1279,251
1280,127
1281,104
1282,229
1283,130
1284,127
1285,66
1286,152
1287,29
1288,156
1289,131
1290,237
1291,222
1292,123
1293,185
1294,99
1295,171
1296,244
1297,83
1298,175
1299,100
1300,247
1301,182
1302,238
1303,147
1304,176
1305,230
1306,219
1307,228
1308,74
1309,200
1310,127
1311,161
1312,48
1313,222
1314,227
1315,222
1316,86
1317,180
1318,139
1319,205
1320,59
1321,90
1322,144
1323,241
1324,53
1325,149
1326,105
1327,58
1328,155
1329,219
1330,184
1331,104
1332,119
1333,142
1334,162
1335,123
1336,61
1337,176
1338,0
1339,211
1340,66
1341,187
1342,202
1343,193
1344,54
1345,116
1346,248
1347,45
1348,203
1349,174
1350,211
1351,45
1352,189
1353,0
1354,217
1355,110
1356,230
1357,206
1358,164
1359,105
1360,214
1361,85
1362,159
1363,93
1364,244
1365,245
1366,169
1367,183
1368,151
1369,129
1370,211
1371,191
1372,70
1373,160
1374,241
1375,246
1376,134
1377,198
1378,155
1379,210
1380,208
1381,104
1382,218
1383,229
1384,225
1385,0
1386,237
1387,224
1388,91
1389,32
1390,14
1391,221
1392,167
1393,157
1394,186
1395,53
1396,123
1397,89
1398,154
1399,188
1400,183
1401,203
1402,97
1403,196
1404,223
1405,154
1406,216
1407,94
1408,144
1409,211
1410,173
1411,206
1412,220
1413,209
1414,216
1415,102
1416,163
1417,131
1418,242
1419,189
1420,132
1421,220
1422,244
1423,138
1424,142
1425,230
1426,73
1427,110
1428,216
1429,194
1430,46
1431,203
1432,210
1433,156
1434,156
1435,241
1436,109
1437,157
1438,237
1439,244
1440,237
1441,122
1442,145
1443,247
1444,180
1445,227
1446,141
1447,155
1448,211
1449,121
1450,52
1451,178
1452,197
1453,121
1454,236
1455,246
1456,186
1457,91
1458,160
1459,164
1460,204
1461,220
1462,83
1463,177
1464,72
1465,206
1466,211
1467,226
1468,217
1469,170
1470,132
1471,200
1472,127
1473,139
1474,209
1475,201
1476,206
1477,88
1478,220
1479,136
1480,87
1481,156
1482,237
1483,225
1484,224
1485,95
1486,246
1487,116
1488,247
1489,230
1490,192
1491,80
1492,232
1493,211
1494,250
1495,232
1496,248
1497,212
1498,221
1499,146
1500,136
1501,203
1502,209
1503,166
1504,81
1505,181
1506,88
1507,76
1508,193
1509,192
1510,132
1511,189
1512,154
1513,118
1514,132
1515,229
1516,198
1517,203
1518,223
1519,97
1520,181
1521,236
1522,170
1523,60
1524,141
1525,225
1526,175
1527,201
1528,186
1529,225
1530,154
1531,126
1532,159
1533,232
1534,150
1535,105
1536,111
1537,166
1538,153
1539,234
1540,184
1541,237
1542,51
1543,201
1544,143
1545,95
1546,193
1547,153
1548,97
1549,138
1550,82
1551,89
1552,174
1553,205
1554,149
1555,157
1556,129
1557,219
1558,157
1559,141
1560,227
1561,115
1562,240
1563,171
1564,160
1565,155
1566,113
1567,187
1568,238
1569,40
1570,177
1571,192
1572,246
1573,241
1574,144
1575,236
1576,137
1577,76
1578,0
1579,230
1580,208
1581,143
1582,102
1583,231
1584,196
1585,193
1586,222
1587,170
1588,214
1589,157
1590,233
1591,209
1592,207
1593,207
1594,172
1595,59
1596,153
1597,117
1598,49
1599,111
1600,226
1601,174
1602,152
1603,150
1604,237
1605,219
1606,204
1607,158
1608,245
1609,190
1610,252
1611,135
1612,195
1613,221
1614,186
1615,135
1616,235
1617,171
1618,181
1619,176
1620,135
1621,215
1622,239
1623,164
1624,198
1625,193
1626,143
1627,108
1628,236
1629,110
1630,179
1631,225
1632,209
1633,201
1634,195
1635,235
1636,194
1637,235
1638,102
1639,213
1640,213
1641,175
1642,161
1643,181
1644,208
1645,212
1646,219
1647,254
1648,254
1649,252
1650,225
1651,243
1652,170
1653,161
1654,144
1655,248
1656,200
1657,179
1658,249
1659,220
1660,228
1661,169
1662,205
1663,217
1664,140
1665,249
1666,184
1667,192
1668,154
1669,167
1670,183
1671,210
1672,251
1673,255
1674,185
1675,246
1676,220
1677,235
1678,181
1679,113
1680,229
1681,186
1682,230
1683,216
1684,172
1685,236
1686,170
1687,216
1688,236
1689,147
1690,97
1691,141
1692,218
1693,204
1694,139
1695,163
1696,195
1697,0
1698,211
1699,248
1700,155
1701,216
1702,137
1703,226
1704,191
1705,192
1706,225
1707,133
1708,186
1709,231
1710,204
1711,218
1712,137
1713,133
1714,32
1715,212
1716,232
1717,185
1718,88
1719,225
1720,165
1721,129
1722,158
1723,63
1724,47
1725,187
1726,237
1727,197
1728,169
1729,159
1730,127
1731,226
1732,161
1733,212
1734,145
1735,215
1736,130
1737,84
1738,196
1739,216
1740,122
1741,105
1742,158
1743,232
1744,248
1745,174
1746,130
1747,97
1748,184
1749,176
1750,97
1751,127
1752,112
1753,133
1754,188
1755,213
1756,220
1757,124
1758,233
1759,196
1760,100
1761,57
1762,218
1763,114
1764,216
1765,134
1766,137
1767,154
1768,237
1769,173
1770,198
1771,124
1772,121
1773,170
1774,92
1775,247
1776,243
1777,157
1778,126
1779,178
1780,205
1781,204
1782,78
1783,47
1784,196
1785,142
1786,107
1787,227
1788,213
1789,81
1790,235
1791,249
1792,196
1793,74
1794,196
1795,224
1796,184
1797,186
1798,226
1799,194
1800,172
1801,230
1802,231
1803,98
1804,222
1805,220
1806,148
1807,213
1808,200
1809,219
1810,183
1811,217
1812,141
1813,249
1814,142
1815,169
1816,189
1817,185
1818,167
1819,88
1820,157
1821,191
1822,169
1823,138
1824,211
1825,163
1826,147
1827,196
1828,200
1829,237
1830,218
1831,235
1832,214
1833,150
1834,117
1835,180
1836,164
1837,149
1838,233
1839,214
1840,230
1841,225
1842,198
1843,158
1844,140
1845,111
1846,86
1847,165
1848,221
1849,120
1850,181
1851,194
1852,213
1853,175
1854,202
1855,149
1856,190
1857,245
1858,193
1859,198
1860,231
1861,133
1862,131
1863,230
1864,249
1865,128
1866,215
1867,244
1868,84
1869,249
1870,236
1871,205
1872,166
1873,201
1874,232
1875,228
1876,170
1877,163
1878,202
1879,157
1880,227
1881,162
1882,245
1883,216
1884,160
1885,218
1886,197
1887,143
1888,174
1889,172
1890,225
1891,108
1892,252
1893,238
1894,197
1895,245
1896,102
1897,174
1898,201
1899,190
1900,82
1901,236
1902,144
1903,174
1904,161
1905,211
1906,41
1907,153
1908,231
1909,155
1910,168
1911,249
1912,188
1913,66
1914,69
1915,239
1916,235
1917,239
1918,237
1919,102
1920,205
1921,185
1922,246
1923,202
1924,93
1925,184
1926,167
1927,117
1928,109
1929,160
1930,70
1931,44
1932,247
1933,119
1934,13
1935,254
1936,212
1937,170
1938,196
1939,112
1940,102
1941,239
1942,248
1943,184
1944,132
1945,94
1946,219
1947,219
1948,235
1949,224
1950,198
1951,211
1952,224
1953,183
1954,150
1955,105
1956,219
1957,178
1958,207
1959,196
1960,218
1961,163
1962,72
1963,158
1964,94
1965,216
1966,230
1967,182
1968,205
1969,246
1970,116
1971,186
1972,230
1973,114
1974,202
1975,210
1976,159
1977,174
1978,206
1979,135
1980,182
1981,237
1982,233
1983,201
1984,181
1985,203
1986,207
1987,253
1988,228
1989,250
1990,130
1991,94
1992,237
1993,229
1994,161
1995,240
1996,76
1997,140
1998,230
1999,207
2000,151
2001,24
2002,97
2003,57
2004,208
2005,181
2006,221
2007,242
2008,26
2009,68
2010,248
2011,99
2012,228
2013,232
2014,136
2015,135
2016,173
2017,249
2018,176
2019,219
2020,246
2021,162
2022,202
2023,248
2024,195
2025,110
2026,207
2027,203
2028,137
2029,34
2030,219
2031,197
2032,81
2033,227
2034,107
2035,208
2036,226
2037,148
2038,244
2039,176
2040,199
2041,124
2042,177
2043,240
2044,161
2045,55
2046,232
2047,88
2048,27
2049,163
2050,195
2051,83
2052,155
2053,142
2054,236
2055,236
2056,0
2057,136
2058,201
2059,238
2060,170
2061,150
2062,115
2063,139
2064,191
2065,193
2066,229
2067,127
2068,145
2069,83
2070,196
2071,243
2072,97
2073,219
2074,218
2075,224
2076,227
2077,207
2078,172
2079,97
2080,216
2081,163
2082,149
2083,197
2084,222
2085,132
2086,183
2087,204
2088,227
2089,236
2090,181
2091,75
2092,235
2093,132
2094,175
2095,236
2096,117
2097,156
2098,173
2099,147
2100,0
2101,169
2102,165
2103,155
2104,197
2105,201
2106,207
2107,121
2108,184
2109,142
2110,233
2111,5
2112,157
2113,0
2114,44
2115,210
2116,52
2117,146
2118,139
2119,231
2120,200
2121,200
2122,134
2123,126
2124,245
2125,52
2126,172
2127,243
2128,224
2129,0
2130,147
2131,235
2132,5
2133,206
2134,131
2135,0
2136,222
2137,76
2138,170
2139,20
2140,72
2141,152
2142,184
2143,221
2144,162
2145,197
2146,12
2147,240
2148,62
2149,68
2150,50
2151,189
2152,107
2153,167
2154,214
2155,206
2156,175
2157,184
2158,229
2159,205
2160,66
2161,107
2162,143
2163,135
2164,160
2165,234
2166,145
2167,0
2168,30
2169,247
2170,236
2171,48
2172,213
2173,183
2174,212
2175,196
2176,175
2177,225
2178,157
2179,229
2180,119
2181,236
2182,0
2183,174
2184,92
2185,222
2186,45
2187,228
2188,233
2189,70
2190,195
2191,10
2192,202
2193,104
2194,207
2195,65
2196,181
2197,40
2198,224
2199,164
2200,204
2201,45
2202,219
2203,159
2204,108
2205,234
2206,106
2207,156
2208,162
2209,81
2210,104
2211,173
2212,108
2213,67
2214,182
2215,222
2216,218
2217,147
2218,56
2219,123
2220,192
2221,150
2222,214
2223,218
2224,129
2225,192
2226,223
2227,117
2228,188
2229,207
2230,249
2231,98
2232,133
2233,229
2234,224
2235,168
2236,149
2237,153
2238,157
2239,202
2240,120
2241,245
2242,182
2243,203
2244,242
2245,200
2246,187
2247,158
2248,0
2249,120
2250,169
2251,192
2252,222
2253,124
2254,111
2255,187
2256,173
2257,32
2258,194
2259,133
2260,165
2261,196
2262,204
2263,201
2264,237
2265,187
2266,139
2267,210
2268,230
2269,91
2270,31
2271,237
2272,163
2273,214
2274,167
2275,218
2276,188
2277,153
2278,0
2279,112
2280,161
2281,175
2282,136
2283,162
2284,53
2285,247
2286,99
2287,204
2288,242
2289,190
2290,143
2291,196
2292,46
2293,168
2294,127
2295,243
2296,148
2297,195
2298,224
2299,133
2300,184
2301,166
2302,198
2303,242
2304,174
2305,139
2306,0
2307,0
2308,218
2309,196
2310,205
2311,136
2312,213
2313,232
2314,48
2315,131
2316,83
2317,115
2318,251
2319,129
2320,229
2321,189
2322,148
2323,202
2324,185
2325,220
2326,115
2327,238
2328,172
2329,242
2330,85
2331,128
2332,199
2333,201
2334,189
2335,223
2336,116
2337,101
2338,193
2339,120
2340,202
2341,196
2342,156
2343,149
2344,226
2345,224
2346,142
2347,191
2348,208
2349,217
2350,163
2351,84
2352,198
2353,186
2354,164
2355,171
2356,170
2357,155
2358,205
2359,176
2360,168
2361,118
2362,204
2363,93
2364,221
2365,139
2366,243
2367,109
2368,222
2369,235
2370,186
2371,98
2372,237
2373,190
2374,10
2375,96
2376,211
2377,96
2378,113
2379,238
2380,156
2381,125
2382,154
2383,218
2384,0
2385,129
2386,198
2387,213
2388,147
2389,95
2390,221
2391,197
2392,118
2393,91
2394,100
2395,117
2396,215
2397,146
2398,211
2399,207
