0,181
1,181
2,184
3,220
4,194
5,116
6,202
7,241
8,230
9,128
10,148
11,240
12,219
13,175
14,234
15,185
16,205
17,207
18,241
19,239
20,242
21,146
22,177
23,200
24,243
25,230
26,99
27,126
28,217
29,168
30,101
31,181
32,184
33,236
34,234
35,231
36,237
37,223
38,206
39,232
40,204
41,250
42,205
43,117
44,222
45,213
46,169
47,237
48,144
49,182
50,186
51,225
52,95
53,211
54,209
55,185
56,186
57,210
58,204
59,253
60,234
61,155
62,193
63,231
64,204
65,214
66,247
67,239
68,177
69,170
70,194
71,209
72,175
73,230
74,238
75,153
76,225
77,68
78,210
79,190
80,242
81,240
82,152
83,182
84,217
85,204
86,174
87,213
88,156
89,210
90,204
91,244
92,198
93,161
94,152
95,218
96,235
97,224
98,244
99,183
100,256
101,250
102,203
103,95
104,245
105,223
106,220
107,213
108,187
109,55
110,161
111,179
112,213
113,222
114,246
115,212
116,223
117,228
118,234
119,242
120,165
121,209
122,129
123,77
124,197
125,207
126,229
127,89
128,202
129,174
130,168
131,220
132,230
133,237
134,166
135,191
136,185
137,188
138,130
139,169
140,252
141,233
142,220
143,150
144,185
145,185
146,184
147,181
148,213
149,216
150,100
151,213
152,233
153,200
154,165
155,235
156,249
157,178
158,73
159,142
160,224
161,191
162,213
163,159
164,239
165,47
166,124
167,183
168,184
169,251
170,224
171,176
172,206
173,122
174,240
175,189
176,214
177,213
178,236
179,61
180,151
181,95
182,196
183,220
184,204
185,206
186,225
187,160
188,146
189,225
190,248
191,221
192,128
193,252
194,187
195,240
196,165
197,215
198,180
199,204
200,177
201,220
202,193
203,204
204,253
205,171
206,169
207,220
208,229
209,185
210,162
211,191
212,244
213,235
214,109
215,195
216,215
217,199
218,226
219,182
220,137
221,233
222,199
223,110
224,228
225,252
226,244
227,188
228,222
229,229
230,175
231,176
232,236
233,212
234,205
235,203
236,150
237,212
238,153
239,220
240,228
241,174
242,246
243,174
244,238
245,226
246,227
247,251
248,200
249,220
250,175
251,119
252,215
253,209
254,224
255,249
256,254
257,213
258,187
259,189
260,152
261,204
262,233
263,62
264,221
265,216
266,194
267,146
268,211
269,180
270,184
271,214
272,198
273,252
274,206
275,189
276,233
277,141
278,250
279,174
280,127
281,208
282,223
283,204
284,146
285,227
286,188
287,220
288,222
289,207
290,189
291,224
292,189
293,133
294,207
295,179
296,126
297,130
298,102
299,218
300,161
301,192
302,233
303,187
304,225
305,218
306,156
307,217
308,223
309,249
310,221
311,183
312,182
313,247
314,252
315,180
316,111
317,167
318,234
319,189
320,220
321,127
322,167
323,217
324,198
325,228
326,133
327,248
328,211
329,136
330,231
331,251
332,133
333,221
334,225
335,228
336,181
337,220
338,227
339,123
340,144
341,251
342,237
343,201
344,163
345,184
346,157
347,130
348,81
349,137
350,114
351,176
352,124
353,150
354,200
355,206
356,198
357,228
358,215
359,125
360,212
361,186
362,218
363,154
364,228
365,198
366,201
367,237
368,238
369,144
370,188
371,207
372,124
373,172
374,250
375,132
376,207
377,237
378,127
379,224
380,194
381,146
382,157
383,228
384,192
385,251
386,198
387,110
388,191
389,227
390,241
391,187
392,235
393,169
394,179
395,17
396,216
397,215
398,159
399,234
400,146
401,189
402,213
403,204
404,182
405,211
406,228
407,85
408,202
409,232
410,194
411,134
412,231
413,249
414,211
415,146
416,139
417,95
418,209
419,112
420,230
421,211
422,223
423,247
424,199
425,238
426,229
427,91
428,164
429,178
430,230
431,228
432,216
433,247
434,201
435,173
436,172
437,233
438,201
439,227
440,201
441,157
442,186
443,206
444,193
445,175
446,13
447,207
448,139
449,224
450,99
451,192
452,204
453,195
454,229
455,220
456,204
457,244
458,216
459,250
460,236
461,244
462,248
463,198
464,216
465,172
466,160
467,179
468,154
469,160
470,108
471,198
472,204
473,177
474,183
475,245
476,223
477,181
478,225
479,125
480,154
481,248
482,246
483,248
484,136
485,171
486,223
487,107
488,169
489,232
490,183
491,161
492,206
493,76
494,189
495,153
496,230
497,211
498,240
499,244
500,187
501,196
502,247
503,247
504,191
505,243
506,137
507,202
508,147
509,58
510,224
511,225
512,218
513,251
514,165
515,235
516,175
517,179
518,104
519,234
520,103
521,222
522,178
523,86
524,200
525,212
526,222
527,221
528,211
529,218
530,186
531,221
532,119
533,191
534,250
535,179
536,229
537,231
538,158
539,118
540,222
541,249
542,212
543,184
544,229
545,151
546,180
547,126
548,154
549,256
550,182
551,134
552,226
553,155
554,91
555,216
556,0
557,233
558,164
559,191
560,135
561,217
562,199
563,111
564,222
565,175
566,253
567,254
568,215
569,244
570,209
571,122
572,229
573,238
574,195
575,200
576,222
577,148
578,225
579,255
580,200
581,100
582,196
583,254
584,248
585,120
586,196
587,210
588,198
589,88
590,232
591,232
592,249
593,142
594,172
595,227
596,243
597,246
598,177
599,240
600,169
601,195
602,129
603,218
604,175
605,144
606,190
607,180
608,201
609,143
610,223
611,252
612,192
613,249
614,80
615,253
616,141
617,178
618,146
619,173
620,197
621,215
622,141
623,234
624,172
625,196
626,214
627,205
628,214
629,198
630,199
631,201
632,233
633,222
634,212
635,200
636,174
637,86
638,78
639,224
640,76
641,162
642,187
643,199
644,238
645,229
646,240
647,221
648,182
649,194
650,179
651,250
652,152
653,191
654,0
655,204
656,136
657,248
658,242
659,167
660,227
661,208
662,188
663,194
664,231
665,110
666,238
667,141
668,222
669,134
670,192
671,219
672,32
673,240
674,196
675,226
676,138
677,135
678,202
679,226
680,243
681,156
682,245
683,165
684,213
685,224
686,164
687,202
688,204
689,148
690,243
691,233
692,205
693,194
694,157
695,235
696,130
697,237
698,48
699,168
700,224
701,235
702,147
703,255
704,182
705,226
706,116
707,247
708,76
709,145
710,245
711,250
712,252
713,220
714,126
715,181
716,197
717,225
718,164
719,80
720,142
721,232
722,94
723,223
724,216
725,172
726,154
727,252
728,44
729,200
730,199
731,145
732,226
733,128
734,238
735,155
736,180
737,193
738,222
739,214
740,230
741,216
742,126
743,164
744,207
745,174
746,96
747,254
748,199
749,242
750,191
751,81
752,197
753,122
754,250
755,79
756,231
757,217
758,190
759,238
760,212
761,111
762,212
763,224
764,189
765,242
766,166
767,209
768,154
769,225
770,172
771,221
772,146
773,234
774,201
775,166
776,190
777,224
778,197
779,140
780,224
781,185
782,100
783,243
784,212
785,249
786,238
787,120
788,115
789,228
790,253
791,100
792,185
793,239
794,201
795,226
796,133
797,181
798,238
799,256
800,155
801,236
802,213
803,190
804,178
805,220
806,247
807,205
808,249
809,220
810,224
811,150
812,175
813,234
814,192
815,212
816,210
817,171
818,68
819,210
820,251
821,222
822,0
823,219
824,230
825,209
826,196
827,236
828,212
829,237
830,179
831,194
832,216
833,135
834,163
835,149
836,171
837,135
838,160
839,169
840,233
841,234
842,236
843,231
844,205
845,231
846,136
847,201
848,234
849,172
850,216
851,178
852,182
853,248
854,191
855,154
856,79
857,244
858,191
859,145
860,236
861,195
862,197
863,223
864,175
865,150
866,217
867,237
868,185
869,216
870,176
871,230
872,226
873,212
874,242
875,239
876,208
877,229
878,209
879,183
880,246
881,160
882,28
883,223
884,191
885,225
886,174
887,224
888,227
889,70
890,250
891,214
892,197
893,194
894,167
895,252
896,242
897,236
898,151
899,167
900,136
901,206
902,203
903,146
904,122
905,203
906,120
907,11
908,196
909,223
910,237
911,197
912,79
913,210
914,244
915,219
916,140
917,185
918,159
919,208
920,218
921,179
922,186
923,237
924,246
925,170
926,222
927,152
928,239
929,230
930,226
931,234
932,172
933,240
934,178
935,244
936,232
937,147
938,107
939,250
940,240
941,211
942,93
943,213
944,207
945,238
946,215
947,170
948,179
949,256
950,180
951,238
952,165
953,226
954,246
955,170
956,237
957,244
958,210
959,211
960,223
961,247
962,250
963,174
964,192
965,202
966,246
967,254
968,217
969,168
970,224
971,132
972,182
973,132
974,178
975,165
976,229
977,155
978,226
979,231
980,185
981,255
982,156
983,229
984,241
985,104
986,0
987,237
988,164
989,172
990,158
991,154
992,176
993,243
994,192
995,180
996,209
997,220
998,173
999,250
1000,242
1001,200
1002,250
1003,129
1004,187
1005,191
1006,195
1007,194
1008,139
1009,112
1010,105
1011,183
1012,247
1013,217
1014,233
1015,194
1016,214
1017,231
1018,181
1019,231
1020,215
1021,131
1022,240
1023,183
1024,127
1025,254
1026,204
1027,228
1028,250
1029,209
1030,192
1031,100
1032,93
1033,246
1034,171
1035,248
1036,105
1037,67
1038,200
1039,118
1040,195
1041,174
1042,148
1043,198
1044,144
1045,222
1046,189
1047,180
1048,193
1049,150
1050,226
1051,250
1052,220
1053,172
1054,150
1055,172
1056,186
1057,242
1058,143
1059,199
1060,212
1061,167
1062,220
1063,224
1064,202
1065,238
1066,84
1067,206
1068,219
1069,247
1070,252
1071,186
1072,165
1073,208
1074,119
1075,254
1076,226
1077,241
1078,215
1079,246
1080,184
1081,209
1082,161
1083,205
1084,225
1085,196
1086,172
1087,165
1088,193
1089,194
1090,112
1091,203
1092,105
1093,119
1094,92
1095,223
1096,132
1097,125
1098,151
1099,212
1100,216
1101,238
1102,143
1103,189
1104,242
1105,161
1106,175
1107,250
1108,240
1109,226
1110,253
1111,234
1112,249
1113,243
1114,182
1115,197
1116,188
1117,136
1118,184
1119,198
1120,233
1121,138
1122,162
1123,175
1124,147
1125,239
1126,165
1127,189
1128,102
1129,213
1130,249
1131,256
1132,229
1133,235
1134,95
1135,210
1136,174
1137,171
1138,186
1139,130
1140,241
1141,237
1142,234
1143,122
1144,103
1145,207
1146,184
1147,207
1148,175
1149,152
1150,102
1151,243
1152,109
1153,204
1154,245
1155,160
1156,253
1157,232
1158,218
1159,243
1160,187
1161,227
1162,174
1163,224
1164,113
1165,179
1166,237
1167,184
1168,164
1169,162
1170,243
1171,202
1172,196
1173,202
1174,187
1175,235
1176,126
1177,225
1178,199
1179,237
1180,110
1181,178
1182,168
1183,216
1184,165
1185,241
1186,256
1187,138
1188,99
1189,232
1190,233
1191,232
1192,204
1193,250
1194,247
1195,229
1196,180
1197,167
1198,182
1199,85
1200,99
1201,255
1202,225
1203,230
1204,98
1205,233
1206,227
1207,223
1208,165
1209,235
1210,206
1211,202
1212,214
1213,135
1214,247
1215,0
1216,226
1217,0
1218,191
1219,244
1220,246
1221,179
1222,133
1223,233
1224,130
1225,83
1226,187
1227,207
1228,37
1229,152
1230,175
1231,170
1232,152
1233,239
1234,99
1235,76
1236,158
1237,115
1238,203
1239,241
1240,192
1241,212
1242,205
1243,216
1244,176
1245,104
1246,254
1247,241
1248,185
1249,219
1250,180
1251,191
1252,175
1253,245
1254,217
1255,207
1256,217
1257,160
1258,222
1259,244
1260,237
1261,238
1262,177
1263,251
1264,203
1265,191
1266,194
1267,211
1268,181
1269,245
1270,173
1271,221
1272,215
1273,235
1274,113
1275,191
1276,132
1277,212
1278,213
1279,202
1280,169
1281,193
1282,156
1283,199
1284,240
1285,83
1286,181
1287,88
1288,201
1289,206
1290,140
1291,111
1292,192
1293,115
1294,223
1295,189
1296,232
1297,240
1298,165
1299,250
1300,23
1301,238
1302,226
1303,205
1304,210
1305,142
1306,91
1307,201
1308,146
1309,166
1310,198
1311,185
1312,216
1313,174
1314,221
1315,256
1316,219
1317,179
1318,165
1319,136
1320,203
1321,105
1322,202
1323,245
1324,62
1325,157
1326,186
1327,248
1328,191
1329,221
1330,200
1331,194
1332,255
1333,219
1334,236
1335,178
1336,179
1337,130
1338,199
1339,190
1340,250
1341,254
1342,201
1343,196
1344,230
1345,220
1346,209
1347,253
1348,175
1349,181
1350,229
1351,241
1352,186
1353,238
1354,236
1355,126
1356,163
1357,129
1358,196
1359,72
1360,233
1361,246
1362,217
1363,185
1364,162
1365,186
1366,68
1367,233
1368,172
1369,236
1370,238
1371,194
1372,253
1373,202
1374,205
1375,207
1376,207
1377,215
1378,22
1379,182
1380,203
1381,188
1382,187
1383,238
1384,54
1385,167
1386,172
1387,208
1388,82
1389,247
1390,217
1391,215
1392,114
1393,238
1394,218
1395,228
1396,197
1397,237
1398,137
1399,212
1400,134
1401,221
1402,203
1403,189
1404,187
1405,186
1406,255
1407,43
1408,150
1409,131
1410,202
1411,229
1412,229
1413,235
1414,206
1415,231
1416,91
1417,233
1418,166
1419,35
1420,215
1421,226
1422,200
1423,256
1424,183
1425,195
1426,242
1427,155
1428,171
1429,187
1430,221
1431,108
1432,166
1433,231
1434,199
1435,159
1436,243
1437,231
1438,132
1439,228
1440,204
1441,247
1442,173
1443,249
1444,162
1445,243
1446,228
1447,227
1448,221
1449,187
1450,197
1451,170
1452,239
1453,163
1454,217
1455,238
1456,240
1457,182
1458,206
1459,189
1460,120
1461,201
1462,236
1463,210
1464,48
1465,221
1466,249
1467,239
1468,174
1469,192
1470,122
1471,240
1472,222
1473,217
1474,0
1475,204
1476,166
1477,202
1478,181
1479,216
1480,200
1481,22
1482,231
1483,99
1484,204
1485,211
1486,186
1487,251
1488,170
1489,220
1490,190
1491,250
1492,191
1493,252
1494,171
1495,236
1496,226
1497,199
1498,142
1499,207
1500,74
1501,208
1502,134
1503,157
1504,159
1505,139
1506,165
1507,225
1508,246
1509,186
1510,97
1511,240
1512,79
1513,163
1514,235
1515,179
1516,205
1517,203
1518,235
1519,210
1520,203
1521,216
1522,244
1523,249
1524,145
1525,226
1526,230
1527,176
1528,184
1529,198
1530,168
1531,220
1532,135
1533,40
1534,186
1535,215
1536,227
1537,161
1538,174
1539,239
1540,175
1541,249
1542,249
1543,219
1544,193
1545,126
1546,242
1547,163
1548,142
1549,152
1550,144
1551,137
1552,222
1553,217
1554,84
1555,232
1556,66
1557,207
1558,208
1559,180
1560,188
1561,171
1562,255
1563,186
1564,242
1565,163
1566,236
1567,236
1568,214
1569,164
1570,245
1571,233
1572,195
1573,235
1574,196
1575,193
1576,196
1577,236
1578,185
1579,239
1580,233
1581,241
1582,191
1583,197
1584,144
1585,175
1586,235
1587,226
1588,227
1589,195
1590,237
1591,195
1592,177
1593,164
1594,187
1595,231
1596,219
1597,131
1598,199
1599,180
1600,185
1601,155
1602,201
1603,215
1604,197
1605,245
1606,112
1607,227
1608,159
1609,197
1610,130
1611,206
1612,254
1613,204
1614,227
1615,192
1616,176
1617,175
1618,193
1619,225
1620,224
1621,103
1622,207
1623,200
1624,150
1625,182
1626,181
1627,201
1628,231
1629,146
1630,231
1631,239
1632,197
1633,218
1634,132
1635,201
1636,182
1637,201
1638,120
1639,148
1640,176
1641,208
1642,236
1643,145
1644,168
1645,251
1646,120
1647,229
1648,224
1649,193
1650,240
1651,215
1652,146
1653,185
1654,128
1655,241
1656,133
1657,216
1658,63
1659,166
1660,194
1661,249
1662,186
1663,155
1664,175
1665,242
1666,99
1667,188
1668,215
1669,102
1670,217
1671,157
1672,226
1673,91
1674,216
1675,210
1676,215
1677,224
1678,231
1679,77
1680,145
1681,227
1682,224
1683,157
1684,173
1685,195
1686,240
1687,229
1688,248
1689,205
1690,234
1691,104
1692,162
1693,158
1694,161
1695,84
1696,222
1697,138
1698,221
1699,210
1700,227
1701,249
1702,249
1703,240
1704,256
1705,195
1706,241
1707,256
1708,234
1709,235
1710,196
1711,222
1712,190
1713,160
1714,140
1715,177
1716,132
1717,199
1718,220
1719,188
1720,224
1721,175
1722,210
1723,117
1724,256
1725,224
1726,173
1727,225
1728,218
1729,233
1730,164
1731,197
1732,216
1733,73
1734,145
1735,55
1736,213
1737,251
1738,178
1739,246
1740,218
1741,132
1742,254
1743,194
1744,180
1745,136
1746,169
1747,216
1748,217
1749,164
1750,226
1751,181
1752,151
1753,224
1754,244
1755,204
1756,216
1757,181
1758,231
1759,215
1760,52
1761,71
1762,249
1763,199
1764,192
1765,95
1766,250
1767,193
1768,148
1769,224
1770,0
1771,209
1772,81
1773,176
1774,104
1775,175
1776,118
1777,233
1778,113
1779,176
1780,254
1781,143
1782,209
1783,197
1784,90
1785,176
1786,201
1787,236
1788,200
1789,247
1790,182
1791,45
1792,113
1793,183
1794,109
1795,114
1796,227
1797,97
1798,174
1799,193
1800,188
1801,200
1802,180
1803,108
1804,130
1805,162
1806,67
1807,156
1808,196
1809,126
1810,168
1811,218
1812,211
1813,209
1814,177
1815,177
1816,131
1817,110
1818,116
1819,238
1820,228
1821,205
1822,220
1823,238
1824,213
1825,216
1826,230
1827,177
1828,187
1829,72
1830,136
1831,184
1832,198
1833,245
1834,95
1835,193
1836,223
1837,173
1838,211
1839,133
1840,231
1841,159
1842,245
1843,174
1844,252
1845,60
1846,124
1847,217
1848,131
1849,181
1850,235
1851,122
1852,207
1853,195
1854,134
1855,213
1856,163
1857,224
1858,241
1859,190
1860,163
1861,183
1862,148
1863,177
1864,189
1865,208
1866,185
1867,253
1868,196
1869,226
1870,194
1871,165
1872,120
1873,197
1874,196
1875,234
1876,140
1877,208
1878,248
1879,174
1880,160
1881,85
1882,201
1883,174
1884,246
1885,99
1886,91
1887,243
1888,149
1889,159
1890,228
1891,169
1892,137
1893,226
1894,251
1895,209
1896,199
1897,222
1898,186
1899,188
1900,184
1901,244
1902,203
1903,192
1904,196
1905,198
1906,210
1907,207
1908,195
1909,128
1910,206
1911,218
1912,216
1913,128
1914,122
1915,155
1916,218
1917,196
1918,122
1919,171
1920,234
1921,218
1922,221
1923,206
1924,88
1925,205
1926,216
1927,159
1928,169
1929,194
1930,155
1931,255
1932,234
1933,221
1934,189
1935,242
1936,197
1937,207
1938,79
1939,152
1940,191
1941,225
1942,200
1943,186
1944,244
1945,196
1946,126
1947,192
1948,244
1949,100
1950,157
1951,160
1952,188
1953,108
1954,242
1955,124
1956,195
1957,236
1958,177
1959,171
1960,174
1961,102
1962,184
1963,133
1964,36
1965,175
1966,213
1967,204
1968,246
1969,255
1970,242
1971,252
1972,198
1973,122
1974,221
1975,183
1976,209
1977,236
1978,211
1979,242
1980,180
1981,241
1982,226
1983,229
1984,217
1985,163
1986,241
1987,203
1988,239
1989,204
1990,238
1991,195
1992,239
1993,185
1994,56
1995,206
1996,100
1997,187
1998,182
1999,208
2000,207
2001,217
2002,199
2003,223
2004,172
2005,191
2006,222
2007,229
2008,215
2009,222
2010,223
2011,231
2012,233
2013,233
2014,185
2015,163
2016,217
2017,219
2018,212
2019,226
2020,187
2021,232
2022,92
2023,220
2024,195
2025,240
2026,231
2027,142
2028,204
2029,102
2030,254
2031,230
2032,228
2033,236
2034,176
2035,226
2036,126
2037,156
2038,153
2039,213
2040,115
2041,227
2042,77
2043,208
2044,248
2045,135
2046,256
2047,246
2048,186
2049,171
2050,62
2051,149
2052,149
2053,213
2054,203
2055,228
2056,217
2057,232
2058,216
2059,216
2060,136
2061,227
2062,68
2063,69
2064,67
2065,239
2066,229
2067,121
2068,118
2069,120
2070,191
2071,210
2072,183
2073,229
2074,252
2075,244
2076,168
2077,136
2078,243
2079,129
2080,218
2081,236
2082,221
2083,188
2084,215
2085,153
2086,122
2087,183
2088,203
2089,233
2090,168
2091,254
2092,169
2093,236
2094,215
2095,192
2096,237
2097,182
2098,208
2099,165
2100,202
2101,244
2102,191
2103,156
2104,207
2105,118
2106,242
2107,218
2108,186
2109,240
2110,175
2111,219
2112,134
2113,168
2114,213
2115,233
2116,210
2117,241
2118,230
2119,244
2120,175
2121,97
2122,217
2123,154
2124,230
2125,232
2126,189
2127,191
2128,149
2129,163
2130,235
2131,192
2132,155
2133,174
2134,179
2135,185
2136,226
2137,152
2138,256
2139,206
2140,194
2141,231
2142,207
2143,233
2144,235
2145,235
2146,150
2147,199
2148,216
2149,209
2150,184
2151,254
2152,175
2153,209
2154,239
2155,243
2156,245
2157,215
2158,165
2159,177
2160,119
2161,186
2162,16
2163,232
2164,242
2165,164
2166,233
2167,158
2168,191
2169,252
2170,234
2171,183
2172,122
2173,148
2174,162
2175,176
2176,241
2177,249
2178,205
2179,210
2180,256
2181,192
2182,174
2183,138
2184,166
2185,196
2186,163
2187,30
2188,211
2189,211
2190,168
2191,214
2192,162
2193,110
2194,242
2195,145
2196,129
2197,218
2198,121
2199,148
2200,163
2201,198
2202,239
2203,0
2204,173
2205,176
2206,244
2207,165
2208,193
2209,164
2210,139
2211,243
2212,107
2213,139
2214,228
2215,256
2216,221
2217,236
2218,217
2219,188
2220,178
2221,239
2222,217
2223,172
2224,99
2225,218
2226,219
2227,120
2228,160
2229,163
2230,238
2231,225
2232,139
2233,192
2234,173
2235,238
2236,126
2237,249
2238,216
2239,163
2240,185
2241,179
2242,189
2243,204
2244,159
2245,200
2246,164
2247,220
2248,220
2249,163
2250,229
2251,255
2252,125
2253,214
2254,251
2255,228
2256,134
2257,221
2258,176
2259,107
2260,207
2261,190
2262,228
2263,142
2264,243
2265,66
2266,226
2267,219
2268,0
2269,188
2270,161
2271,101
2272,249
2273,179
2274,235
2275,142
2276,256
2277,239
2278,170
2279,168
2280,225
2281,155
2282,171
2283,72
2284,252
2285,242
2286,121
2287,228
2288,236
2289,228
2290,201
2291,207
2292,244
2293,114
2294,176
2295,156
2296,170
2297,173
2298,250
2299,230
2300,204
2301,206
2302,246
2303,241
2304,239
2305,233
2306,194
2307,168
2308,200
2309,220
2310,165
2311,142
2312,247
2313,221
2314,251
2315,256
2316,195
2317,0
2318,148
2319,214
2320,205
2321,203
2322,242
2323,248
2324,249
2325,211
2326,145
2327,235
2328,137
2329,189
2330,188
2331,184
2332,188
2333,190
2334,230
2335,208
2336,156
2337,220
2338,228
2339,142
2340,236
2341,187
2342,256
2343,204
2344,198
2345,215
2346,235
2347,203
2348,241
2349,212
2350,193
2351,238
2352,100
2353,103
2354,172
2355,246
2356,222
2357,205
2358,202
2359,46
2360,226
2361,152
2362,97
2363,233
2364,217
2365,191
2366,133
2367,246
2368,130
2369,124
2370,244
2371,217
2372,146
2373,245
2374,226
2375,224
2376,225
2377,3
2378,254
2379,249
2380,214
2381,193
2382,118
2383,240
2384,242
2385,218
2386,163
2387,213
2388,222
2389,151
2390,235
2391,116
2392,175
2393,209
2394,140
2395,132
2396,181
2397,247
2398,177
2399,220
