0,182
1,181
2,171
3,226
4,194
5,84
6,186
7,241
8,227
9,125
10,142
11,227
12,186
13,174
14,234
15,182
16,199
17,217
18,243
19,241
20,233
21,112
22,152
23,197
24,243
25,227
26,81
27,87
28,215
29,171
30,53
31,196
32,197
33,236
34,234
35,223
36,238
37,221
38,206
39,240
40,204
41,250
42,172
43,71
44,223
45,209
46,163
47,237
48,142
49,182
50,184
51,226
52,126
53,218
54,219
55,192
56,180
57,191
58,210
59,251
60,235
61,172
62,171
63,208
64,200
65,223
66,251
67,243
68,168
69,179
70,186
71,209
72,169
73,230
74,218
75,184
76,227
77,11
78,210
79,205
80,241
81,234
82,137
83,162
84,228
85,218
86,165
87,197
88,130
89,195
90,162
91,239
92,190
93,174
94,135
95,218
96,235
97,176
98,248
99,180
100,256
101,250
102,155
103,93
104,246
105,214
106,212
107,226
108,167
109,0
110,145
111,187
112,206
113,235
114,248
115,228
116,230
117,234
118,225
119,234
120,169
121,218
122,99
123,95
124,187
125,208
126,226
127,75
128,202
129,162
130,157
131,208
132,230
133,234
134,176
135,185
136,192
137,174
138,115
139,146
140,253
141,235
142,228
143,150
144,185
145,159
146,184
147,188
148,198
149,210
150,105
151,220
152,235
153,195
154,172
155,244
156,250
157,153
158,54
159,107
160,227
161,200
162,220
163,148
164,239
165,64
166,131
167,180
168,165
169,252
170,213
171,148
172,201
173,150
174,239
175,174
176,214
177,218
178,237
179,0
180,148
181,63
182,154
183,216
184,185
185,206
186,219
187,175
188,150
189,228
190,234
191,227
192,114
193,252
194,193
195,240
196,178
197,213
198,186
199,207
200,178
201,212
202,196
203,209
204,253
205,152
206,153
207,220
208,198
209,102
210,153
211,203
212,244
213,226
214,109
215,195
216,198
217,186
218,241
219,175
220,110
221,235
222,192
223,155
224,222
225,253
226,243
227,168
228,222
229,222
230,163
231,174
232,236
233,207
234,182
235,211
236,139
237,214
238,113
239,229
240,220
241,163
242,246
243,165
244,235
245,239
246,223
247,251
248,200
249,214
250,161
251,141
252,212
253,210
254,237
255,247
256,254
257,218
258,179
259,182
260,136
261,182
262,233
263,84
264,216
265,224
266,158
267,146
268,235
269,198
270,184
271,201
272,175
273,252
274,182
275,177
276,225
277,129
278,248
279,178
280,155
281,208
282,229
283,205
284,116
285,223
286,187
287,221
288,219
289,199
290,189
291,234
292,188
293,128
294,199
295,154
296,103
297,120
298,182
299,206
300,159
301,196
302,237
303,174
304,221
305,220
306,145
307,217
308,220
309,249
310,211
311,160
312,164
313,247
314,252
315,160
316,130
317,189
318,222
319,204
320,220
321,65
322,155
323,209
324,200
325,226
326,173
327,237
328,198
329,122
330,231
331,252
332,162
333,211
334,227
335,220
336,184
337,209
338,213
339,113
340,134
341,249
342,238
343,190
344,175
345,133
346,121
347,130
348,35
349,82
350,98
351,182
352,73
353,153
354,198
355,214
356,211
357,228
358,213
359,165
360,202
361,188
362,196
363,154
364,236
365,189
366,204
367,239
368,239
369,81
370,201
371,200
372,132
373,174
374,250
375,110
376,208
377,237
378,129
379,202
380,178
381,122
382,175
383,203
384,176
385,252
386,204
387,131
388,189
389,227
390,241
391,189
392,239
393,188
394,179
395,0
396,216
397,215
398,159
399,235
400,95
401,178
402,216
403,142
404,184
405,212
406,220
407,79
408,220
409,222
410,177
411,100
412,231
413,249
414,203
415,152
416,187
417,89
418,191
419,96
420,221
421,214
422,222
423,245
424,198
425,238
426,229
427,82
428,150
429,174
430,233
431,231
432,222
433,245
434,181
435,185
436,165
437,222
438,200
439,233
440,183
441,144
442,182
443,191
444,174
445,175
446,54
447,207
448,143
449,228
450,67
451,198
452,208
453,160
454,233
455,220
456,203
457,248
458,216
459,248
460,241
461,244
462,248
463,162
464,219
465,193
466,164
467,166
468,136
469,118
470,103
471,182
472,189
473,157
474,186
475,246
476,230
477,170
478,218
479,110
480,160
481,237
482,246
483,244
484,153
485,143
486,232
487,88
488,154
489,233
490,174
491,169
492,206
493,92
494,173
495,171
496,227
497,215
498,232
499,232
500,189
501,197
502,249
503,248
504,101
505,241
506,159
507,201
508,147
509,65
510,226
511,232
512,217
513,251
514,169
515,233
516,184
517,181
518,112
519,226
520,124
521,222
522,166
523,86
524,185
525,212
526,216
527,222
528,226
529,217
530,169
531,205
532,90
533,179
534,248
535,83
536,229
537,228
538,107
539,136
540,194
541,247
542,208
543,194
544,230
545,151
546,158
547,132
548,143
549,256
550,170
551,115
552,219
553,159
554,88
555,198
556,4
557,236
558,149
559,194
560,157
561,204
562,197
563,131
564,219
565,184
566,253
567,254
568,215
569,246
570,194
571,119
572,238
573,228
574,191
575,200
576,238
577,90
578,217
579,254
580,200
581,72
582,196
583,254
584,247
585,112
586,185
587,208
588,193
589,120
590,221
591,225
592,249
593,121
594,175
595,236
596,243
597,247
598,161
599,243
600,166
601,202
602,129
603,223
604,174
605,135
606,171
607,187
608,184
609,109
610,226
611,246
612,167
613,249
614,58
615,254
616,145
617,125
618,111
619,163
620,181
621,210
622,150
623,228
624,178
625,199
626,216
627,205
628,206
629,198
630,188
631,201
632,233
633,204
634,212
635,209
636,173
637,96
638,100
639,224
640,39
641,179
642,194
643,161
644,233
645,229
646,240
647,229
648,180
649,202
650,171
651,250
652,158
653,164
654,35
655,197
656,128
657,245
658,242
659,165
660,227
661,199
662,179
663,205
664,232
665,105
666,225
667,94
668,223
669,117
670,181
671,212
672,44
673,244
674,201
675,208
676,152
677,117
678,171
679,227
680,245
681,142
682,246
683,165
684,205
685,230
686,156
687,202
688,204
689,96
690,246
691,227
692,197
693,190
694,171
695,229
696,167
697,240
698,0
699,168
700,224
701,235
702,145
703,255
704,183
705,227
706,125
707,248
708,74
709,137
710,251
711,242
712,251
713,230
714,122
715,178
716,177
717,223
718,111
719,87
720,146
721,216
722,149
723,223
724,230
725,169
726,105
727,252
728,44
729,195
730,214
731,120
732,227
733,128
734,236
735,128
736,185
737,194
738,210
739,214
740,230
741,206
742,102
743,115
744,181
745,180
746,99
747,255
748,200
749,242
750,206
751,0
752,201
753,136
754,248
755,90
756,232
757,174
758,194
759,235
760,189
761,105
762,229
763,228
764,165
765,242
766,156
767,193
768,102
769,225
770,153
771,224
772,139
773,236
774,196
775,141
776,188
777,227
778,194
779,128
780,226
781,185
782,128
783,240
784,216
785,252
786,237
787,91
788,57
789,230
790,251
791,74
792,193
793,238
794,195
795,231
796,133
797,156
798,228
799,256
800,148
801,245
802,219
803,146
804,159
805,229
806,247
807,203
808,248
809,205
810,231
811,122
812,193
813,234
814,206
815,203
816,209
817,132
818,145
819,210
820,251
821,218
822,0
823,224
824,224
825,182
826,190
827,230
828,179
829,237
830,175
831,202
832,221
833,137
834,171
835,107
836,171
837,113
838,162
839,131
840,235
841,229
842,236
843,227
844,206
845,235
846,131
847,181
848,225
849,152
850,212
851,182
852,193
853,242
854,126
855,139
856,79
857,244
858,149
859,122
860,232
861,180
862,152
863,223
864,162
865,158
866,222
867,240
868,185
869,223
870,178
871,230
872,205
873,209
874,241
875,239
876,208
877,217
878,195
879,217
880,246
881,137
882,59
883,237
884,178
885,207
886,161
887,226
888,215
889,72
890,250
891,220
892,192
893,195
894,181
895,252
896,237
897,221
898,144
899,165
900,120
901,174
902,210
903,128
904,90
905,200
906,64
907,112
908,191
909,235
910,237
911,193
912,71
913,210
914,244
915,225
916,123
917,175
918,150
919,215
920,203
921,188
922,198
923,233
924,251
925,153
926,226
927,122
928,243
929,226
930,234
931,234
932,190
933,236
934,175
935,245
936,228
937,132
938,72
939,249
940,228
941,212
942,126
943,192
944,211
945,236
946,219
947,174
948,169
949,256
950,189
951,240
952,154
953,232
954,242
955,140
956,234
957,242
958,203
959,219
960,226
961,250
962,250
963,174
964,179
965,203
966,248
967,253
968,217
969,172
970,207
971,140
972,190
973,127
974,166
975,175
976,230
977,156
978,227
979,237
980,145
981,255
982,153
983,229
984,241
985,102
986,5
987,234
988,147
989,175
990,149
991,154
992,103
993,243
994,195
995,157
996,197
997,221
998,182
999,251
1000,242
1001,200
1002,250
1003,64
1004,189
1005,182
1006,205
1007,198
1008,160
1009,129
1010,115
1011,183
1012,248
1013,217
1014,233
1015,192
1016,212
1017,231
1018,191
1019,231
1020,218
1021,131
1022,238
1023,172
1024,115
1025,254
1026,208
1027,216
1028,245
1029,159
1030,202
1031,158
1032,72
1033,246
1034,177
1035,247
1036,88
1037,88
1038,174
1039,149
1040,186
1041,157
1042,185
1043,200
1044,144
1045,222
1046,189
1047,191
1048,168
1049,160
1050,226
1051,249
1052,213
1053,143
1054,138
1055,145
1056,179
1057,251
1058,128
1059,202
1060,217
1061,115
1062,201
1063,216
1064,181
1065,226
1066,105
1067,220
1068,203
1069,245
1070,249
1071,190
1072,176
1073,219
1074,99
1075,254
1076,216
1077,236
1078,215
1079,246
1080,150
1081,209
1082,116
1083,195
1084,210
1085,193
1086,182
1087,168
1088,146
1089,179
1090,98
1091,186
1092,105
1093,105
1094,91
1095,229
1096,129
1097,140
1098,143
1099,189
1100,216
1101,239
1102,125
1103,175
1104,240
1105,161
1106,167
1107,250
1108,240
1109,228
1110,253
1111,224
1112,250
1113,236
1114,134
1115,213
1116,201
1117,157
1118,197
1119,187
1120,226
1121,141
1122,167
1123,156
1124,113
1125,240
1126,28
1127,189
1128,102
1129,204
1130,240
1131,256
1132,229
1133,236
1134,49
1135,210
1136,158
1137,140
1138,194
1139,132
1140,242
1141,237
1142,234
1143,139
1144,91
1145,154
1146,205
1147,225
1148,175
1149,154
1150,42
1151,245
1152,106
1153,197
1154,241
1155,137
1156,250
1157,228
1158,226
1159,244
1160,195
1161,226
1162,181
1163,226
1164,122
1165,178
1166,243
1167,192
1168,159
1169,124
1170,232
1171,189
1172,182
1173,202
1174,182
1175,236
1176,120
1177,220
1178,171
1179,242
1180,140
1181,177
1182,173
1183,221
1184,180
1185,235
1186,256
1187,76
1188,155
1189,233
1190,233
1191,235
1192,184
1193,250
1194,242
1195,235
1196,93
1197,189
1198,145
1199,74
1200,89
1201,255
1202,225
1203,230
1204,81
1205,237
1206,212
1207,219
1208,124
1209,230
1210,193
1211,197
1212,206
1213,55
1214,244
1215,0
1216,224
1217,0
1218,194
1219,240
1220,246
1221,172
1222,134
1223,228
1224,134
1225,0
1226,177
1227,187
1228,77
1229,164
1230,163
1231,168
1232,131
1233,241
1234,101
1235,82
1236,140
1237,162
1238,196
1239,246
1240,192
1241,215
1242,201
1243,224
1244,185
1245,118
1246,254
1247,240
1248,180
1249,208
1250,172
1251,198
1252,185
1253,245
1254,212
1255,210
1256,217
1257,173
1258,222
1259,244
1260,238
1261,234
1262,69
1263,249
1264,207
1265,185
1266,194
1267,219
1268,170
1269,239
1270,152
1271,226
1272,216
1273,236
1274,110
1275,154
1276,123
1277,226
1278,218
1279,181
1280,143
1281,194
1282,116
1283,215
1284,242
1285,58
1286,167
1287,31
1288,137
1289,200
1290,108
1291,83
1292,185
1293,130
1294,224
1295,182
1296,232
1297,233
1298,149
1299,250
1300,82
1301,238
1302,209
1303,208
1304,190
1305,83
1306,116
1307,186
1308,153
1309,173
1310,206
1311,204
1312,209
1313,154
1314,218
1315,256
1316,231
1317,189
1318,189
1319,126
1320,181
1321,115
1322,213
1323,238
1324,62
1325,170
1326,175
1327,251
1328,181
1329,221
1330,206
1331,179
1332,255
1333,217
1334,241
1335,165
1336,174
1337,144
1338,195
1339,197
1340,245
1341,254
1342,194
1343,204
1344,231
1345,218
1346,205
1347,253
1348,162
1349,172
1350,225
1351,241
1352,141
1353,208
1354,229
1355,97
1356,152
1357,96
1358,191
1359,54
1360,237
1361,233
1362,221
1363,164
1364,156
1365,184
1366,86
1367,233
1368,140
1369,230
1370,239
1371,205
1372,252
1373,214
1374,197
1375,207
1376,213
1377,219
1378,49
1379,173
1380,185
1381,182
1382,181
1383,235
1384,59
1385,136
1386,99
1387,190
1388,72
1389,249
1390,217
1391,194
1392,131
1393,228
1394,215
1395,216
1396,193
1397,242
1398,140
1399,218
1400,99
1401,223
1402,191
1403,158
1404,174
1405,157
1406,255
1407,0
1408,89
1409,140
1410,198
1411,225
1412,230
1413,235
1414,160
1415,222
1416,60
1417,215
1418,138
1419,27
1420,225
1421,225
1422,215
1423,256
1424,178
1425,210
1426,242
1427,156
1428,171
1429,176
1430,230
1431,156
1432,158
1433,237
1434,181
1435,130
1436,243
1437,234
1438,153
1439,228
1440,214
1441,247
1442,131
1443,252
1444,162
1445,250
1446,216
1447,227
1448,228
1449,175
1450,206
1451,138
1452,236
1453,127
1454,230
1455,234
1456,241
1457,190
1458,206
1459,203
1460,88
1461,191
1462,231
1463,195
1464,76
1465,224
1466,249
1467,243
1468,169
1469,170
1470,102
1471,241
1472,227
1473,217
1474,0
1475,198
1476,121
1477,209
1478,168
1479,211
1480,203
1481,0
1482,235
1483,52
1484,191
1485,197
1486,182
1487,251
1488,174
1489,210
1490,201
1491,251
1492,161
1493,250
1494,173
1495,237
1496,218
1497,201
1498,148
1499,195
1500,63
1501,204
1502,146
1503,138
1504,148
1505,113
1506,115
1507,218
1508,240
1509,169
1510,81
1511,232
1512,111
1513,176
1514,202
1515,168
1516,171
1517,203
1518,235
1519,200
1520,160
1521,213
1522,244
1523,249
1524,130
1525,212
1526,230
1527,190
1528,157
1529,175
1530,155
1531,218
1532,90
1533,0
1534,190
1535,200
1536,235
1537,169
1538,156
1539,229
1540,187
1541,247
1542,248
1543,223
1544,202
1545,163
1546,241
1547,159
1548,125
1549,151
1550,105
1551,141
1552,202
1553,221
1554,102
1555,236
1556,68
1557,212
1558,209
1559,181
1560,176
1561,176
1562,254
1563,169
1564,242
1565,119
1566,237
1567,230
1568,224
1569,169
1570,243
1571,240
1572,196
1573,232
1574,206
1575,188
1576,176
1577,237
1578,191
1579,244
1580,228
1581,237
1582,169
1583,194
1584,130
1585,169
1586,237
1587,228
1588,220
1589,189
1590,230
1591,195
1592,165
1593,97
1594,162
1595,240
1596,219
1597,150
1598,187
1599,182
1600,189
1601,159
1602,197
1603,218
1604,177
1605,240
1606,87
1607,229
1608,136
1609,182
1610,139
1611,239
1612,254
1613,197
1614,210
1615,205
1616,137
1617,148
1618,193
1619,211
1620,218
1621,103
1622,207
1623,196
1624,145
1625,181
1626,156
1627,197
1628,211
1629,161
1630,227
1631,236
1632,200
1633,214
1634,79
1635,192
1636,182
1637,215
1638,44
1639,128
1640,167
1641,209
1642,240
1643,124
1644,143
1645,250
1646,96
1647,233
1648,228
1649,188
1650,242
1651,192
1652,121
1653,145
1654,57
1655,241
1656,85
1657,228
1658,76
1659,176
1660,155
1661,243
1662,187
1663,129
1664,187
1665,242
1666,78
1667,157
1668,182
1669,89
1670,201
1671,126
1672,221
1673,91
1674,208
1675,195
1676,224
1677,225
1678,192
1679,63
1680,145
1681,214
1682,224
1683,150
1684,161
1685,195
1686,235
1687,221
1688,241
1689,192
1690,237
1691,87
1692,114
1693,158
1694,175
1695,87
1696,225
1697,136
1698,224
1699,204
1700,227
1701,248
1702,251
1703,241
1704,256
1705,184
1706,237
1707,256
1708,230
1709,237
1710,210
1711,211
1712,184
1713,178
1714,112
1715,165
1716,101
1717,212
1718,209
1719,198
1720,219
1721,179
1722,213
1723,90
1724,256
1725,218
1726,194
1727,217
1728,198
1729,228
1730,156
1731,206
1732,215
1733,42
1734,149
1735,55
1736,205
1737,245
1738,161
1739,243
1740,219
1741,95
1742,254
1743,191
1744,168
1745,136
1746,152
1747,216
1748,220
1749,168
1750,224
1751,151
1752,157
1753,215
1754,247
1755,193
1756,206
1757,209
1758,221
1759,210
1760,122
1761,40
1762,249
1763,210
1764,192
1765,38
1766,252
1767,180
1768,150
1769,230
1770,0
1771,209
1772,55
1773,160
1774,92
1775,130
1776,111
1777,227
1778,113
1779,145
1780,254
1781,166
1782,212
1783,190
1784,179
1785,181
1786,207
1787,234
1788,189
1789,248
1790,187
1791,48
1792,88
1793,185
1794,35
1795,45
1796,224
1797,104
1798,172
1799,175
1800,188
1801,187
1802,176
1803,88
1804,121
1805,164
1806,11
1807,148
1808,217
1809,133
1810,157
1811,205
1812,211
1813,201
1814,172
1815,194
1816,116
1817,142
1818,115
1819,236
1820,203
1821,198
1822,177
1823,243
1824,214
1825,216
1826,230
1827,169
1828,173
1829,82
1830,88
1831,192
1832,190
1833,250
1834,130
1835,162
1836,211
1837,195
1838,217
1839,136
1840,227
1841,150
1842,240
1843,135
1844,252
1845,40
1846,128
1847,224
1848,105
1849,181
1850,240
1851,138
1852,207
1853,179
1854,128
1855,179
1856,149
1857,212
1858,237
1859,183
1860,168
1861,186
1862,148
1863,177
1864,198
1865,191
1866,179
1867,252
1868,208
1869,227
1870,199
1871,152
1872,34
1873,190
1874,217
1875,234
1876,121
1877,204
1878,249
1879,165
1880,161
1881,71
1882,208
1883,183
1884,246
1885,105
1886,78
1887,243
1888,168
1889,161
1890,222
1891,148
1892,118
1893,215
1894,253
1895,189
1896,203
1897,202
1898,173
1899,184
1900,170
1901,244
1902,212
1903,156
1904,196
1905,198
1906,210
1907,215
1908,195
1909,130
1910,196
1911,221
1912,208
1913,200
1914,109
1915,135
1916,217
1917,204
1918,103
1919,139
1920,236
1921,224
1922,228
1923,206
1924,152
1925,217
1926,225
1927,148
1928,163
1929,194
1930,141
1931,255
1932,234
1933,209
1934,211
1935,241
1936,192
1937,187
1938,84
1939,187
1940,165
1941,218
1942,210
1943,168
1944,247
1945,196
1946,110
1947,209
1948,244
1949,100
1950,145
1951,132
1952,181
1953,48
1954,234
1955,110
1956,183
1957,236
1958,188
1959,142
1960,140
1961,89
1962,142
1963,142
1964,160
1965,146
1966,218
1967,201
1968,247
1969,255
1970,242
1971,254
1972,181
1973,159
1974,223
1975,78
1976,216
1977,230
1978,192
1979,244
1980,178
1981,215
1982,232
1983,237
1984,218
1985,131
1986,243
1987,203
1988,236
1989,194
1990,238
1991,181
1992,240
1993,140
1994,57
1995,206
1996,125
1997,167
1998,166
1999,208
2000,176
2001,215
2002,206
2003,237
2004,165
2005,164
2006,197
2007,225
2008,191
2009,223
2010,218
2011,234
2012,236
2013,233
2014,173
2015,149
2016,213
2017,209
2018,196
2019,230
2020,187
2021,229
2022,68
2023,220
2024,186
2025,240
2026,226
2027,157
2028,205
2029,101
2030,254
2031,217
2032,228
2033,231
2034,180
2035,226
2036,118
2037,158
2038,158
2039,197
2040,149
2041,220
2042,14
2043,173
2044,248
2045,135
2046,256
2047,246
2048,179
2049,150
2050,43
2051,155
2052,163
2053,225
2054,208
2055,226
2056,218
2057,229
2058,216
2059,216
2060,78
2061,227
2062,54
2063,3
2064,78
2065,227
2066,231
2067,112
2068,61
2069,94
2070,198
2071,208
2072,190
2073,216
2074,253
2075,246
2076,167
2077,115
2078,234
2079,137
2080,203
2081,227
2082,221
2083,190
2084,219
2085,155
2086,109
2087,174
2088,221
2089,243
2090,123
2091,254
2092,145
2093,229
2094,206
2095,186
2096,235
2097,165
2098,189
2099,115
2100,202
2101,245
2102,157
2103,165
2104,206
2105,107
2106,242
2107,217
2108,165
2109,238
2110,197
2111,209
2112,147
2113,182
2114,217
2115,236
2116,200
2117,239
2118,225
2119,246
2120,188
2121,67
2122,211
2123,149
2124,234
2125,242
2126,171
2127,193
2128,140
2129,149
2130,232
2131,179
2132,159
2133,190
2134,141
2135,190
2136,217
2137,155
2138,256
2139,210
2140,209
2141,231
2142,207
2143,233
2144,235
2145,222
2146,189
2147,154
2148,213
2149,207
2150,184
2151,254
2152,151
2153,212
2154,239
2155,245
2156,246
2157,215
2158,123
2159,221
2160,78
2161,182
2162,58
2163,242
2164,236
2165,166
2166,239
2167,165
2168,177
2169,252
2170,232
2171,179
2172,122
2173,127
2174,176
2175,182
2176,242
2177,249
2178,203
2179,216
2180,256
2181,200
2182,179
2183,134
2184,179
2185,181
2186,136
2187,28
2188,204
2189,211
2190,158
2191,206
2192,152
2193,56
2194,250
2195,102
2196,146
2197,213
2198,110
2199,138
2200,126
2201,190
2202,237
2203,0
2204,195
2205,127
2206,239
2207,149
2208,163
2209,134
2210,151
2211,243
2212,112
2213,115
2214,212
2215,256
2216,226
2217,236
2218,217
2219,167
2220,178
2221,241
2222,210
2223,172
2224,41
2225,221
2226,216
2227,102
2228,157
2229,138
2230,239
2231,227
2232,159
2233,208
2234,175
2235,230
2236,69
2237,250
2238,224
2239,163
2240,182
2241,197
2242,186
2243,207
2244,114
2245,189
2246,166
2247,220
2248,216
2249,187
2250,229
2251,255
2252,131
2253,192
2254,250
2255,224
2256,117
2257,226
2258,172
2259,86
2260,207
2261,195
2262,228
2263,89
2264,240
2265,50
2266,235
2267,230
2268,0
2269,158
2270,147
2271,67
2272,249
2273,155
2274,228
2275,89
2276,256
2277,239
2278,169
2279,130
2280,237
2281,120
2282,176
2283,110
2284,252
2285,242
2286,106
2287,228
2288,236
2289,234
2290,211
2291,194
2292,245
2293,108
2294,157
2295,137
2296,170
2297,173
2298,250
2299,230
2300,208
2301,211
2302,250
2303,245
2304,245
2305,237
2306,166
2307,155
2308,208
2309,197
2310,179
2311,115
2312,247
2313,210
2314,252
2315,256
2316,164
2317,34
2318,102
2319,204
2320,202
2321,218
2322,229
2323,248
2324,242
2325,195
2326,181
2327,219
2328,150
2329,219
2330,204
2331,180
2332,190
2333,176
2334,211
2335,132
2336,187
2337,224
2338,228
2339,136
2340,238
2341,187
2342,256
2343,212
2344,195
2345,202
2346,227
2347,212
2348,240
2349,191
2350,193
2351,236
2352,42
2353,149
2354,147
2355,247
2356,220
2357,206
2358,196
2359,46
2360,222
2361,80
2362,82
2363,227
2364,217
2365,191
2366,115
2367,245
2368,127
2369,138
2370,246
2371,216
2372,116
2373,247
2374,226
2375,232
2376,225
2377,34
2378,254
2379,244
2380,216
2381,173
2382,113
2383,229
2384,244
2385,219
2386,171
2387,194
2388,227
2389,124
2390,235
2391,143
2392,148
2393,194
2394,127
2395,128
2396,147
2397,244
2398,153
2399,221
