0,188
1,181
2,186
3,218
4,188
5,0
6,200
7,238
8,231
9,92
10,137
11,232
12,208
13,173
14,234
15,187
16,199
17,218
18,243
19,237
20,238
21,121
22,180
23,192
24,243
25,228
26,84
27,122
28,207
29,172
30,26
31,181
32,186
33,234
34,230
35,228
36,237
37,224
38,213
39,244
40,188
41,249
42,187
43,62
44,220
45,220
46,181
47,235
48,146
49,184
50,184
51,214
52,51
53,221
54,216
55,193
56,182
57,199
58,210
59,253
60,234
61,168
62,191
63,228
64,203
65,218
66,251
67,239
68,179
69,128
70,196
71,210
72,181
73,228
74,226
75,146
76,232
77,0
78,204
79,206
80,242
81,243
82,140
83,166
84,223
85,205
86,184
87,202
88,178
89,204
90,215
91,243
92,195
93,165
94,95
95,222
96,228
97,198
98,252
99,188
100,256
101,251
102,175
103,103
104,246
105,215
106,211
107,212
108,166
109,0
110,146
111,189
112,203
113,238
114,248
115,221
116,235
117,230
118,232
119,236
120,176
121,205
122,83
123,51
124,192
125,204
126,222
127,91
128,209
129,169
130,185
131,197
132,229
133,242
134,132
135,195
136,197
137,147
138,100
139,166
140,254
141,234
142,230
143,147
144,182
145,189
146,204
147,177
148,201
149,201
150,126
151,223
152,232
153,191
154,181
155,235
156,251
157,179
158,56
159,112
160,223
161,191
162,215
163,142
164,248
165,71
166,127
167,174
168,157
169,252
170,224
171,183
172,212
173,162
174,227
175,182
176,213
177,205
178,235
179,0
180,152
181,98
182,205
183,221
184,205
185,205
186,222
187,202
188,158
189,239
190,249
191,221
192,53
193,252
194,194
195,239
196,151
197,199
198,196
199,210
200,182
201,221
202,190
203,180
204,253
205,161
206,172
207,225
208,228
209,121
210,141
211,201
212,244
213,231
214,117
215,178
216,218
217,176
218,235
219,157
220,128
221,233
222,194
223,103
224,226
225,253
226,245
227,183
228,224
229,230
230,165
231,171
232,233
233,217
234,193
235,215
236,155
237,210
238,137
239,232
240,227
241,151
242,245
243,179
244,242
245,225
246,231
247,251
248,201
249,205
250,171
251,145
252,202
253,206
254,230
255,248
256,254
257,218
258,189
259,172
260,142
261,213
262,229
263,83
264,218
265,226
266,161
267,152
268,225
269,215
270,169
271,209
272,175
273,252
274,205
275,205
276,229
277,107
278,250
279,164
280,99
281,207
282,232
283,213
284,131
285,223
286,190
287,218
288,215
289,213
290,163
291,222
292,190
293,114
294,200
295,156
296,95
297,90
298,112
299,214
300,172
301,194
302,245
303,170
304,229
305,214
306,160
307,209
308,217
309,249
310,220
311,166
312,167
313,248
314,253
315,162
316,123
317,189
318,232
319,201
320,198
321,101
322,173
323,223
324,196
325,233
326,178
327,247
328,205
329,33
330,235
331,251
332,80
333,209
334,229
335,225
336,189
337,211
338,228
339,116
340,137
341,251
342,237
343,198
344,180
345,157
346,132
347,131
348,84
349,59
350,107
351,193
352,131
353,145
354,208
355,211
356,197
357,228
358,227
359,154
360,210
361,196
362,205
363,150
364,233
365,194
366,209
367,237
368,242
369,79
370,176
371,204
372,64
373,174
374,251
375,132
376,209
377,234
378,121
379,226
380,202
381,120
382,111
383,218
384,165
385,252
386,188
387,68
388,167
389,228
390,242
391,200
392,244
393,184
394,145
395,0
396,216
397,212
398,157
399,236
400,92
401,183
402,215
403,169
404,157
405,223
406,229
407,88
408,200
409,241
410,195
411,136
412,229
413,251
414,207
415,88
416,154
417,47
418,213
419,131
420,226
421,186
422,223
423,237
424,205
425,240
426,227
427,103
428,135
429,190
430,232
431,231
432,198
433,247
434,193
435,171
436,172
437,233
438,183
439,222
440,184
441,132
442,201
443,193
444,170
445,183
446,14
447,211
448,118
449,228
450,86
451,207
452,202
453,173
454,230
455,221
456,202
457,246
458,223
459,254
460,236
461,244
462,251
463,179
464,225
465,155
466,166
467,174
468,106
469,185
470,85
471,194
472,195
473,165
474,204
475,241
476,217
477,184
478,227
479,111
480,171
481,243
482,247
483,248
484,154
485,156
486,224
487,61
488,165
489,236
490,197
491,155
492,200
493,42
494,183
495,159
496,226
497,217
498,244
499,237
500,199
501,192
502,247
503,247
504,144
505,245
506,137
507,203
508,131
509,46
510,225
511,228
512,225
513,251
514,177
515,232
516,188
517,154
518,109
519,218
520,48
521,228
522,181
523,100
524,195
525,238
526,218
527,229
528,212
529,220
530,175
531,214
532,60
533,188
534,251
535,49
536,234
537,229
538,140
539,120
540,185
541,247
542,209
543,182
544,228
545,132
546,170
547,119
548,81
549,256
550,171
551,138
552,225
553,154
554,104
555,213
556,0
557,234
558,130
559,188
560,144
561,206
562,195
563,125
564,220
565,192
566,253
567,254
568,223
569,245
570,208
571,123
572,220
573,234
574,210
575,194
576,237
577,62
578,224
579,255
580,187
581,94
582,219
583,254
584,249
585,90
586,190
587,214
588,191
589,106
590,231
591,230
592,251
593,139
594,175
595,240
596,242
597,246
598,167
599,238
600,146
601,194
602,125
603,222
604,169
605,161
606,151
607,176
608,192
609,105
610,226
611,249
612,182
613,249
614,0
615,252
616,165
617,145
618,140
619,129
620,202
621,212
622,163
623,232
624,162
625,196
626,225
627,203
628,206
629,153
630,194
631,206
632,233
633,214
634,211
635,204
636,177
637,64
638,73
639,227
640,58
641,189
642,185
643,120
644,237
645,230
646,237
647,223
648,180
649,205
650,168
651,251
652,159
653,130
654,0
655,198
656,141
657,247
658,239
659,100
660,222
661,204
662,186
663,196
664,230
665,89
666,232
667,83
668,225
669,48
670,198
671,223
672,0
673,239
674,190
675,217
676,167
677,125
678,200
679,224
680,245
681,147
682,249
683,152
684,206
685,229
686,157
687,201
688,198
689,124
690,244
691,232
692,200
693,193
694,169
695,226
696,119
697,237
698,0
699,151
700,225
701,227
702,147
703,255
704,199
705,218
706,106
707,246
708,54
709,144
710,245
711,251
712,253
713,214
714,127
715,174
716,151
717,222
718,111
719,96
720,150
721,232
722,58
723,227
724,222
725,152
726,141
727,254
728,40
729,193
730,202
731,0
732,226
733,125
734,237
735,133
736,160
737,193
738,224
739,202
740,241
741,224
742,40
743,158
744,190
745,152
746,99
747,255
748,203
749,241
750,222
751,0
752,201
753,135
754,249
755,22
756,230
757,187
758,195
759,234
760,205
761,125
762,206
763,237
764,188
765,243
766,154
767,204
768,118
769,225
770,164
771,220
772,146
773,236
774,204
775,148
776,194
777,234
778,215
779,27
780,210
781,197
782,121
783,242
784,218
785,251
786,239
787,99
788,79
789,234
790,252
791,112
792,179
793,240
794,201
795,226
796,160
797,154
798,233
799,256
800,162
801,237
802,208
803,136
804,159
805,223
806,247
807,210
808,250
809,230
810,229
811,83
812,166
813,235
814,192
815,207
816,214
817,167
818,80
819,210
820,251
821,218
822,0
823,219
824,231
825,190
826,177
827,233
828,203
829,242
830,156
831,195
832,213
833,86
834,169
835,91
836,136
837,101
838,171
839,156
840,235
841,237
842,238
843,226
844,197
845,236
846,112
847,186
848,232
849,164
850,212
851,135
852,189
853,249
854,158
855,116
856,104
857,244
858,188
859,134
860,239
861,208
862,192
863,229
864,163
865,170
866,225
867,241
868,157
869,226
870,181
871,230
872,208
873,201
874,242
875,244
876,204
877,220
878,191
879,206
880,247
881,147
882,8
883,236
884,180
885,232
886,158
887,228
888,213
889,110
890,250
891,220
892,210
893,183
894,179
895,250
896,238
897,231
898,125
899,188
900,130
901,206
902,201
903,133
904,56
905,190
906,115
907,11
908,202
909,233
910,234
911,197
912,69
913,211
914,245
915,228
916,140
917,190
918,159
919,209
920,210
921,186
922,190
923,234
924,251
925,157
926,228
927,148
928,245
929,226
930,231
931,234
932,150
933,238
934,175
935,239
936,230
937,145
938,61
939,253
940,240
941,199
942,118
943,189
944,201
945,240
946,222
947,176
948,184
949,256
950,161
951,243
952,172
953,230
954,245
955,152
956,238
957,245
958,210
959,223
960,227
961,250
962,250
963,164
964,183
965,202
966,247
967,253
968,209
969,177
970,220
971,119
972,202
973,137
974,195
975,151
976,222
977,154
978,228
979,235
980,157
981,255
982,159
983,230
984,238
985,115
986,6
987,238
988,156
989,184
990,166
991,164
992,96
993,222
994,202
995,169
996,192
997,217
998,204
999,251
1000,238
1001,194
1002,245
1003,100
1004,191
1005,199
1006,153
1007,204
1008,153
1009,121
1010,124
1011,181
1012,248
1013,221
1014,236
1015,192
1016,206
1017,222
1018,192
1019,228
1020,226
1021,76
1022,242
1023,184
1024,149
1025,254
1026,82
1027,224
1028,249
1029,183
1030,170
1031,104
1032,96
1033,245
1034,196
1035,248
1036,79
1037,90
1038,181
1039,127
1040,189
1041,162
1042,155
1043,204
1044,153
1045,222
1046,188
1047,181
1048,156
1049,99
1050,218
1051,247
1052,221
1053,151
1054,139
1055,139
1056,176
1057,248
1058,134
1059,202
1060,221
1061,125
1062,220
1063,220
1064,199
1065,232
1066,92
1067,223
1068,227
1069,249
1070,252
1071,185
1072,147
1073,223
1074,78
1075,254
1076,223
1077,247
1078,215
1079,248
1080,174
1081,218
1082,158
1083,180
1084,226
1085,181
1086,189
1087,173
1088,178
1089,200
1090,103
1091,173
1092,20
1093,127
1094,115
1095,212
1096,115
1097,157
1098,131
1099,209
1100,211
1101,238
1102,142
1103,174
1104,241
1105,155
1106,180
1107,245
1108,227
1109,230
1110,254
1111,234
1112,248
1113,239
1114,143
1115,203
1116,198
1117,171
1118,187
1119,195
1120,227
1121,135
1122,147
1123,185
1124,119
1125,243
1126,0
1127,181
1128,113
1129,208
1130,250
1131,256
1132,204
1133,240
1134,72
1135,225
1136,168
1137,179
1138,170
1139,109
1140,238
1141,240
1142,234
1143,157
1144,87
1145,176
1146,201
1147,207
1148,178
1149,163
1150,108
1151,247
1152,58
1153,210
1154,244
1155,163
1156,252
1157,234
1158,217
1159,244
1160,198
1161,228
1162,191
1163,235
1164,115
1165,152
1166,240
1167,191
1168,176
1169,146
1170,237
1171,197
1172,177
1173,216
1174,187
1175,235
1176,148
1177,221
1178,187
1179,247
1180,157
1181,154
1182,174
1183,225
1184,156
1185,242
1186,256
1187,74
1188,146
1189,222
1190,232
1191,233
1192,197
1193,251
1194,248
1195,228
1196,175
1197,178
1198,156
1199,29
1200,122
1201,255
1202,223
1203,238
1204,76
1205,230
1206,227
1207,221
1208,169
1209,236
1210,192
1211,182
1212,225
1213,13
1214,246
1215,0
1216,224
1217,0
1218,190
1219,242
1220,247
1221,166
1222,136
1223,218
1224,159
1225,54
1226,198
1227,176
1228,0
1229,148
1230,171
1231,168
1232,150
1233,243
1234,49
1235,98
1236,135
1237,132
1238,205
1239,240
1240,172
1241,218
1242,193
1243,220
1244,168
1245,110
1246,255
1247,242
1248,170
1249,216
1250,172
1251,204
1252,181
1253,243
1254,221
1255,207
1256,217
1257,169
1258,216
1259,245
1260,232
1261,236
1262,85
1263,253
1264,214
1265,186
1266,179
1267,208
1268,187
1269,240
1270,172
1271,221
1272,216
1273,228
1274,87
1275,184
1276,117
1277,219
1278,217
1279,183
1280,155
1281,183
1282,139
1283,188
1284,244
1285,67
1286,179
1287,53
1288,154
1289,191
1290,151
1291,32
1292,152
1293,100
1294,218
1295,174
1296,235
1297,239
1298,155
1299,252
1300,57
1301,233
1302,222
1303,203
1304,204
1305,87
1306,105
1307,195
1308,112
1309,174
1310,202
1311,202
1312,216
1313,169
1314,218
1315,256
1316,220
1317,199
1318,191
1319,100
1320,197
1321,110
1322,215
1323,247
1324,70
1325,160
1326,187
1327,250
1328,177
1329,221
1330,202
1331,189
1332,255
1333,221
1334,238
1335,173
1336,193
1337,112
1338,203
1339,176
1340,248
1341,254
1342,202
1343,208
1344,238
1345,210
1346,200
1347,253
1348,163
1349,178
1350,228
1351,235
1352,179
1353,222
1354,232
1355,70
1356,163
1357,123
1358,184
1359,82
1360,238
1361,241
1362,215
1363,167
1364,149
1365,174
1366,70
1367,238
1368,159
1369,233
1370,243
1371,191
1372,253
1373,204
1374,201
1375,212
1376,213
1377,216
1378,37
1379,182
1380,211
1381,182
1382,198
1383,233
1384,74
1385,158
1386,145
1387,218
1388,74
1389,247
1390,216
1391,195
1392,113
1393,242
1394,211
1395,222
1396,191
1397,237
1398,154
1399,207
1400,87
1401,219
1402,148
1403,181
1404,153
1405,183
1406,255
1407,0
1408,127
1409,117
1410,197
1411,231
1412,231
1413,239
1414,163
1415,234
1416,77
1417,227
1418,151
1419,32
1420,223
1421,226
1422,191
1423,256
1424,190
1425,193
1426,243
1427,168
1428,160
1429,178
1430,232
1431,115
1432,153
1433,234
1434,188
1435,170
1436,243
1437,229
1438,130
1439,221
1440,205
1441,241
1442,128
1443,251
1444,144
1445,248
1446,227
1447,212
1448,222
1449,178
1450,184
1451,169
1452,241
1453,134
1454,220
1455,230
1456,241
1457,209
1458,221
1459,196
1460,62
1461,187
1462,235
1463,203
1464,72
1465,225
1466,249
1467,221
1468,173
1469,200
1470,126
1471,237
1472,220
1473,227
1474,0
1475,198
1476,125
1477,226
1478,185
1479,209
1480,202
1481,0
1482,232
1483,80
1484,202
1485,206
1486,187
1487,251
1488,180
1489,217
1490,151
1491,250
1492,187
1493,252
1494,114
1495,237
1496,231
1497,206
1498,151
1499,205
1500,80
1501,203
1502,125
1503,163
1504,170
1505,124
1506,27
1507,217
1508,242
1509,168
1510,84
1511,242
1512,94
1513,157
1514,225
1515,176
1516,190
1517,199
1518,231
1519,210
1520,190
1521,214
1522,246
1523,249
1524,132
1525,215
1526,223
1527,180
1528,167
1529,184
1530,154
1531,223
1532,94
1533,0
1534,176
1535,204
1536,224
1537,173
1538,148
1539,237
1540,187
1541,248
1542,250
1543,224
1544,210
1545,122
1546,243
1547,163
1548,140
1549,129
1550,165
1551,165
1552,219
1553,216
1554,102
1555,232
1556,72
1557,200
1558,214
1559,168
1560,180
1561,172
1562,254
1563,161
1564,242
1565,97
1566,237
1567,229
1568,219
1569,173
1570,243
1571,238
1572,193
1573,234
1574,158
1575,201
1576,191
1577,234
1578,190
1579,242
1580,232
1581,238
1582,150
1583,196
1584,110
1585,155
1586,238
1587,228
1588,226
1589,209
1590,242
1591,195
1592,171
1593,119
1594,156
1595,236
1596,213
1597,154
1598,190
1599,187
1600,193
1601,182
1602,201
1603,215
1604,186
1605,243
1606,72
1607,227
1608,126
1609,191
1610,114
1611,226
1612,254
1613,199
1614,228
1615,200
1616,141
1617,122
1618,207
1619,218
1620,226
1621,101
1622,186
1623,192
1624,150
1625,171
1626,126
1627,201
1628,213
1629,151
1630,233
1631,242
1632,193
1633,217
1634,31
1635,190
1636,181
1637,189
1638,0
1639,146
1640,170
1641,212
1642,241
1643,105
1644,160
1645,251
1646,106
1647,226
1648,231
1649,192
1650,240
1651,218
1652,131
1653,156
1654,33
1655,242
1656,88
1657,228
1658,77
1659,178
1660,141
1661,249
1662,165
1663,122
1664,188
1665,239
1666,101
1667,168
1668,211
1669,85
1670,215
1671,108
1672,226
1673,87
1674,217
1675,204
1676,223
1677,216
1678,213
1679,61
1680,144
1681,224
1682,220
1683,162
1684,163
1685,192
1686,238
1687,225
1688,248
1689,210
1690,234
1691,32
1692,166
1693,160
1694,182
1695,87
1696,229
1697,151
1698,220
1699,215
1700,217
1701,249
1702,252
1703,243
1704,256
1705,197
1706,241
1707,256
1708,234
1709,235
1710,201
1711,221
1712,157
1713,154
1714,116
1715,180
1716,86
1717,186
1718,222
1719,189
1720,222
1721,173
1722,219
1723,0
1724,256
1725,218
1726,167
1727,216
1728,214
1729,230
1730,173
1731,202
1732,218
1733,34
1734,157
1735,50
1736,202
1737,252
1738,178
1739,245
1740,212
1741,107
1742,255
1743,196
1744,163
1745,143
1746,164
1747,219
1748,222
1749,152
1750,223
1751,130
1752,134
1753,217
1754,252
1755,195
1756,198
1757,198
1758,220
1759,222
1760,41
1761,41
1762,250
1763,205
1764,199
1765,32
1766,251
1767,186
1768,150
1769,225
1770,0
1771,216
1772,61
1773,178
1774,87
1775,154
1776,117
1777,234
1778,127
1779,186
1780,255
1781,143
1782,204
1783,208
1784,152
1785,200
1786,204
1787,241
1788,191
1789,248
1790,127
1791,26
1792,70
1793,191
1794,0
1795,62
1796,226
1797,61
1798,150
1799,197
1800,207
1801,196
1802,171
1803,126
1804,124
1805,164
1806,23
1807,171
1808,206
1809,111
1810,162
1811,199
1812,224
1813,212
1814,172
1815,213
1816,123
1817,125
1818,99
1819,236
1820,208
1821,121
1822,204
1823,242
1824,208
1825,210
1826,230
1827,184
1828,186
1829,98
1830,121
1831,200
1832,191
1833,250
1834,52
1835,195
1836,218
1837,183
1838,212
1839,86
1840,226
1841,175
1842,243
1843,148
1844,252
1845,0
1846,143
1847,220
1848,103
1849,181
1850,236
1851,63
1852,201
1853,193
1854,157
1855,187
1856,160
1857,211
1858,238
1859,196
1860,154
1861,183
1862,138
1863,181
1864,183
1865,208
1866,177
1867,253
1868,174
1869,233
1870,196
1871,169
1872,0
1873,186
1874,207
1875,237
1876,77
1877,200
1878,240
1879,178
1880,158
1881,78
1882,217
1883,199
1884,248
1885,69
1886,48
1887,243
1888,156
1889,192
1890,222
1891,122
1892,130
1893,217
1894,253
1895,216
1896,196
1897,212
1898,175
1899,212
1900,185
1901,244
1902,218
1903,172
1904,208
1905,190
1906,213
1907,215
1908,181
1909,127
1910,203
1911,219
1912,194
1913,91
1914,80
1915,149
1916,223
1917,205
1918,84
1919,156
1920,235
1921,220
1922,211
1923,195
1924,92
1925,212
1926,215
1927,153
1928,176
1929,191
1930,139
1931,255
1932,234
1933,230
1934,208
1935,243
1936,194
1937,204
1938,119
1939,126
1940,166
1941,221
1942,201
1943,151
1944,247
1945,188
1946,130
1947,208
1948,245
1949,115
1950,157
1951,124
1952,173
1953,40
1954,242
1955,62
1956,188
1957,230
1958,171
1959,127
1960,138
1961,88
1962,163
1963,119
1964,33
1965,172
1966,226
1967,209
1968,246
1969,255
1970,240
1971,253
1972,189
1973,143
1974,220
1975,103
1976,199
1977,231
1978,181
1979,244
1980,193
1981,238
1982,232
1983,225
1984,225
1985,89
1986,239
1987,200
1988,238
1989,202
1990,244
1991,172
1992,242
1993,164
1994,44
1995,208
1996,112
1997,189
1998,188
1999,203
2000,196
2001,205
2002,209
2003,217
2004,167
2005,199
2006,223
2007,232
2008,206
2009,223
2010,219
2011,233
2012,237
2013,230
2014,171
2015,165
2016,205
2017,214
2018,200
2019,231
2020,198
2021,239
2022,78
2023,217
2024,192
2025,240
2026,226
2027,128
2028,208
2029,102
2030,254
2031,228
2032,230
2033,240
2034,143
2035,227
2036,124
2037,123
2038,160
2039,196
2040,116
2041,227
2042,0
2043,170
2044,245
2045,130
2046,256
2047,246
2048,186
2049,152
2050,50
2051,164
2052,156
2053,232
2054,199
2055,231
2056,228
2057,218
2058,216
2059,220
2060,152
2061,223
2062,131
2063,0
2064,100
2065,237
2066,231
2067,99
2068,2
2069,115
2070,187
2071,212
2072,163
2073,222
2074,253
2075,245
2076,154
2077,112
2078,243
2079,144
2080,207
2081,234
2082,226
2083,206
2084,224
2085,151
2086,122
2087,179
2088,216
2089,234
2090,103
2091,254
2092,140
2093,231
2094,205
2095,196
2096,238
2097,177
2098,199
2099,144
2100,201
2101,243
2102,171
2103,177
2104,203
2105,134
2106,242
2107,234
2108,175
2109,240
2110,182
2111,211
2112,155
2113,180
2114,212
2115,233
2116,214
2117,242
2118,235
2119,246
2120,176
2121,32
2122,204
2123,150
2124,229
2125,236
2126,201
2127,187
2128,135
2129,156
2130,232
2131,97
2132,156
2133,194
2134,141
2135,197
2136,225
2137,99
2138,256
2139,200
2140,207
2141,223
2142,189
2143,225
2144,232
2145,218
2146,168
2147,183
2148,214
2149,214
2150,187
2151,254
2152,183
2153,224
2154,238
2155,244
2156,246
2157,206
2158,180
2159,175
2160,110
2161,183
2162,46
2163,231
2164,241
2165,158
2166,231
2167,179
2168,191
2169,252
2170,225
2171,185
2172,95
2173,144
2174,168
2175,138
2176,241
2177,251
2178,203
2179,205
2180,256
2181,186
2182,148
2183,151
2184,136
2185,197
2186,107
2187,0
2188,208
2189,207
2190,157
2191,217
2192,145
2193,92
2194,251
2195,123
2196,102
2197,219
2198,114
2199,156
2200,148
2201,212
2202,238
2203,0
2204,172
2205,141
2206,245
2207,149
2208,152
2209,152
2210,158
2211,239
2212,100
2213,140
2214,220
2215,256
2216,212
2217,236
2218,214
2219,163
2220,192
2221,244
2222,218
2223,182
2224,0
2225,208
2226,224
2227,111
2228,170
2229,152
2230,239
2231,230
2232,136
2233,190
2234,140
2235,238
2236,104
2237,244
2238,214
2239,153
2240,199
2241,189
2242,195
2243,200
2244,150
2245,192
2246,164
2247,211
2248,224
2249,161
2250,232
2251,255
2252,130
2253,215
2254,251
2255,219
2256,118
2257,221
2258,174
2259,32
2260,210
2261,198
2262,235
2263,111
2264,243
2265,0
2266,227
2267,212
2268,0
2269,175
2270,171
2271,73
2272,250
2273,158
2274,232
2275,32
2276,256
2277,238
2278,170
2279,162
2280,228
2281,108
2282,176
2283,93
2284,252
2285,239
2286,118
2287,210
2288,234
2289,201
2290,202
2291,201
2292,244
2293,53
2294,162
2295,165
2296,163
2297,184
2298,251
2299,239
2300,212
2301,203
2302,250
2303,240
2304,240
2305,230
2306,152
2307,143
2308,210
2309,213
2310,160
2311,128
2312,249
2313,216
2314,251
2315,256
2316,190
2317,0
2318,86
2319,214
2320,232
2321,208
2322,230
2323,247
2324,244
2325,212
2326,156
2327,229
2328,43
2329,204
2330,196
2331,172
2332,207
2333,177
2334,210
2335,159
2336,190
2337,231
2338,227
2339,154
2340,239
2341,192
2342,256
2343,201
2344,199
2345,211
2346,229
2347,208
2348,242
2349,185
2350,169
2351,240
2352,36
2353,93
2354,168
2355,245
2356,223
2357,205
2358,187
2359,2
2360,223
2361,97
2362,145
2363,229
2364,221
2365,181
2366,110
2367,245
2368,102
2369,171
2370,242
2371,212
2372,133
2373,245
2374,230
2375,224
2376,224
2377,0
2378,255
2379,247
2380,214
2381,189
2382,112
2383,237
2384,246
2385,225
2386,153
2387,211
2388,221
2389,156
2390,235
2391,145
2392,145
2393,194
2394,124
2395,133
2396,161
2397,246
2398,180
2399,228
