0,198
1,197
2,187
3,217
4,181
5,152
6,204
7,256
8,235
9,132
10,139
11,232
12,195
13,182
14,218
15,174
16,205
17,214
18,243
19,240
20,235
21,106
22,170
23,204
24,241
25,231
26,127
27,162
28,222
29,160
30,59
31,193
32,183
33,239
34,228
35,225
36,237
37,223
38,205
39,230
40,204
41,249
42,197
43,138
44,224
45,217
46,183
47,238
48,123
49,183
50,169
51,217
52,111
53,211
54,220
55,185
56,188
57,205
58,190
59,253
60,228
61,141
62,191
63,222
64,207
65,223
66,249
67,239
68,174
69,154
70,200
71,204
72,194
73,230
74,240
75,161
76,213
77,60
78,208
79,178
80,238
81,241
82,183
83,163
84,223
85,222
86,171
87,197
88,135
89,201
90,165
91,243
92,208
93,179
94,179
95,209
96,214
97,188
98,246
99,184
100,256
101,250
102,162
103,90
104,248
105,218
106,218
107,218
108,158
109,53
110,116
111,182
112,209
113,232
114,249
115,230
116,227
117,232
118,230
119,239
120,162
121,208
122,99
123,82
124,199
125,212
126,230
127,100
128,205
129,145
130,160
131,226
132,222
133,243
134,174
135,194
136,192
137,205
138,83
139,141
140,253
141,233
142,212
143,133
144,160
145,188
146,183
147,213
148,209
149,219
150,108
151,218
152,226
153,192
154,193
155,237
156,249
157,162
158,50
159,116
160,227
161,191
162,225
163,163
164,242
165,53
166,137
167,182
168,181
169,251
170,212
171,159
172,195
173,132
174,245
175,175
176,206
177,223
178,240
179,0
180,147
181,100
182,152
183,219
184,209
185,214
186,226
187,162
188,150
189,224
190,248
191,222
192,88
193,252
194,181
195,235
196,190
197,195
198,182
199,209
200,171
201,214
202,183
203,197
204,253
205,145
206,158
207,212
208,212
209,124
210,157
211,204
212,246
213,229
214,93
215,176
216,204
217,191
218,242
219,196
220,119
221,233
222,187
223,105
224,224
225,251
226,243
227,184
228,216
229,231
230,176
231,166
232,240
233,221
234,187
235,219
236,155
237,208
238,125
239,225
240,230
241,156
242,248
243,183
244,242
245,235
246,229
247,249
248,192
249,216
250,164
251,131
252,204
253,214
254,242
255,248
256,254
257,217
258,193
259,191
260,136
261,204
262,231
263,137
264,221
265,212
266,179
267,143
268,223
269,195
270,187
271,211
272,183
273,252
274,196
275,178
276,232
277,152
278,250
279,177
280,160
281,200
282,225
283,212
284,133
285,226
286,184
287,220
288,222
289,209
290,165
291,228
292,191
293,123
294,204
295,169
296,112
297,108
298,160
299,224
300,165
301,191
302,239
303,173
304,233
305,231
306,148
307,212
308,213
309,242
310,208
311,150
312,190
313,247
314,253
315,167
316,111
317,172
318,221
319,212
320,219
321,75
322,160
323,208
324,196
325,235
326,156
327,243
328,212
329,166
330,231
331,252
332,183
333,210
334,229
335,220
336,189
337,209
338,215
339,124
340,68
341,251
342,237
343,205
344,177
345,145
346,142
347,106
348,62
349,127
350,128
351,184
352,81
353,149
354,208
355,192
356,209
357,237
358,225
359,153
360,208
361,196
362,207
363,128
364,232
365,200
366,201
367,241
368,241
369,185
370,191
371,209
372,77
373,176
374,251
375,113
376,212
377,236
378,113
379,228
380,161
381,124
382,124
383,219
384,187
385,251
386,202
387,124
388,191
389,214
390,237
391,182
392,240
393,161
394,195
395,0
396,203
397,215
398,154
399,237
400,110
401,151
402,214
403,163
404,179
405,214
406,224
407,81
408,205
409,226
410,190
411,142
412,232
413,250
414,198
415,133
416,174
417,126
418,218
419,88
420,223
421,207
422,233
423,244
424,199
425,240
426,225
427,65
428,164
429,164
430,232
431,237
432,223
433,246
434,201
435,181
436,189
437,228
438,203
439,216
440,177
441,144
442,197
443,182
444,177
445,179
446,69
447,212
448,130
449,222
450,58
451,212
452,205
453,221
454,211
455,220
456,210
457,246
458,201
459,251
460,232
461,245
462,250
463,180
464,221
465,200
466,170
467,178
468,175
469,149
470,91
471,185
472,199
473,160
474,182
475,246
476,221
477,182
478,226
479,141
480,150
481,238
482,238
483,248
484,138
485,159
486,227
487,139
488,162
489,229
490,172
491,168
492,200
493,109
494,164
495,160
496,229
497,220
498,238
499,240
500,191
501,205
502,227
503,248
504,132
505,242
506,132
507,204
508,115
509,61
510,224
511,232
512,216
513,251
514,191
515,233
516,193
517,179
518,110
519,228
520,95
521,218
522,181
523,97
524,193
525,227
526,221
527,222
528,217
529,220
530,184
531,212
532,69
533,192
534,250
535,99
536,217
537,229
538,110
539,110
540,193
541,247
542,219
543,193
544,230
545,139
546,168
547,127
548,60
549,256
550,170
551,111
552,224
553,160
554,64
555,200
556,51
557,239
558,138
559,196
560,149
561,209
562,195
563,128
564,223
565,185
566,253
567,254
568,212
569,243
570,201
571,110
572,234
573,236
574,189
575,201
576,233
577,153
578,226
579,255
580,206
581,66
582,205
583,254
584,247
585,125
586,188
587,209
588,204
589,84
590,242
591,231
592,248
593,164
594,175
595,230
596,234
597,247
598,163
599,236
600,173
601,206
602,116
603,223
604,173
605,129
606,172
607,224
608,216
609,113
610,227
611,251
612,172
613,251
614,89
615,252
616,152
617,144
618,135
619,142
620,197
621,222
622,136
623,235
624,185
625,181
626,224
627,205
628,227
629,157
630,197
631,197
632,233
633,226
634,205
635,200
636,177
637,70
638,98
639,232
640,65
641,166
642,190
643,132
644,236
645,229
646,239
647,225
648,191
649,205
650,171
651,250
652,157
653,144
654,55
655,204
656,150
657,247
658,241
659,180
660,218
661,204
662,198
663,198
664,224
665,160
666,228
667,146
668,230
669,124
670,191
671,217
672,106
673,242
674,194
675,202
676,135
677,148
678,200
679,227
680,244
681,146
682,249
683,165
684,211
685,228
686,146
687,168
688,195
689,162
690,246
691,228
692,211
693,194
694,145
695,227
696,164
697,238
698,0
699,142
700,211
701,231
702,158
703,254
704,165
705,229
706,100
707,248
708,34
709,135
710,248
711,251
712,253
713,217
714,141
715,170
716,180
717,223
718,137
719,99
720,127
721,228
722,43
723,215
724,211
725,186
726,115
727,253
728,91
729,193
730,228
731,196
732,233
733,137
734,239
735,150
736,180
737,184
738,218
739,183
740,230
741,215
742,178
743,181
744,199
745,190
746,82
747,255
748,199
749,242
750,190
751,0
752,213
753,134
754,252
755,141
756,231
757,203
758,198
759,234
760,195
761,116
762,230
763,229
764,179
765,239
766,166
767,198
768,90
769,207
770,172
771,225
772,156
773,232
774,205
775,143
776,189
777,231
778,204
779,138
780,220
781,166
782,154
783,242
784,248
785,251
786,239
787,83
788,140
789,230
790,251
791,84
792,184
793,240
794,200
795,230
796,146
797,168
798,234
799,256
800,170
801,239
802,219
803,148
804,170
805,239
806,244
807,212
808,247
809,214
810,219
811,167
812,190
813,232
814,196
815,212
816,210
817,173
818,133
819,197
820,251
821,220
822,51
823,216
824,230
825,192
826,195
827,234
828,184
829,233
830,183
831,215
832,216
833,143
834,167
835,161
836,159
837,141
838,137
839,123
840,237
841,231
842,237
843,231
844,215
845,237
846,127
847,188
848,233
849,169
850,217
851,131
852,194
853,248
854,133
855,199
856,64
857,247
858,164
859,105
860,236
861,194
862,177
863,234
864,155
865,158
866,212
867,239
868,171
869,226
870,185
871,227
872,214
873,221
874,242
875,247
876,206
877,225
878,200
879,212
880,246
881,162
882,30
883,222
884,175
885,208
886,145
887,223
888,219
889,104
890,249
891,202
892,206
893,190
894,155
895,252
896,238
897,229
898,159
899,175
900,118
901,186
902,198
903,150
904,115
905,197
906,113
907,75
908,195
909,234
910,239
911,201
912,40
913,194
914,244
915,215
916,128
917,176
918,149
919,193
920,204
921,184
922,200
923,242
924,248
925,166
926,229
927,143
928,243
929,228
930,225
931,256
932,196
933,240
934,175
935,243
936,229
937,138
938,87
939,251
940,237
941,214
942,118
943,215
944,205
945,240
946,203
947,178
948,191
949,256
950,198
951,235
952,151
953,232
954,245
955,121
956,240
957,243
958,206
959,221
960,218
961,250
962,250
963,165
964,187
965,206
966,247
967,253
968,224
969,175
970,220
971,130
972,194
973,112
974,186
975,158
976,227
977,150
978,226
979,238
980,212
981,255
982,154
983,228
984,242
985,96
986,34
987,237
988,146
989,161
990,144
991,132
992,62
993,210
994,206
995,175
996,193
997,220
998,180
999,252
1000,244
1001,186
1002,247
1003,89
1004,185
1005,179
1006,199
1007,198
1008,158
1009,87
1010,190
1011,174
1012,249
1013,210
1014,233
1015,191
1016,217
1017,220
1018,198
1019,226
1020,185
1021,125
1022,240
1023,180
1024,167
1025,254
1026,207
1027,222
1028,250
1029,181
1030,216
1031,122
1032,97
1033,246
1034,181
1035,248
1036,85
1037,91
1038,194
1039,149
1040,185
1041,180
1042,172
1043,209
1044,129
1045,201
1046,182
1047,191
1048,169
1049,132
1050,216
1051,253
1052,219
1053,96
1054,159
1055,158
1056,180
1057,244
1058,90
1059,202
1060,223
1061,153
1062,217
1063,225
1064,203
1065,232
1066,109
1067,216
1068,215
1069,251
1070,252
1071,170
1072,132
1073,223
1074,190
1075,253
1076,225
1077,250
1078,211
1079,248
1080,169
1081,208
1082,133
1083,200
1084,220
1085,183
1086,171
1087,164
1088,191
1089,190
1090,114
1091,173
1092,128
1093,139
1094,110
1095,222
1096,126
1097,150
1098,162
1099,198
1100,211
1101,240
1102,119
1103,196
1104,239
1105,182
1106,188
1107,250
1108,231
1109,226
1110,254
1111,229
1112,249
1113,236
1114,128
1115,207
1116,204
1117,145
1118,198
1119,192
1120,228
1121,165
1122,164
1123,152
1124,163
1125,239
1126,155
1127,182
1128,95
1129,204
1130,243
1131,256
1132,191
1133,234
1134,126
1135,217
1136,170
1137,178
1138,188
1139,96
1140,243
1141,242
1142,236
1143,116
1144,123
1145,164
1146,195
1147,205
1148,185
1149,149
1150,113
1151,243
1152,138
1153,209
1154,244
1155,138
1156,252
1157,241
1158,213
1159,243
1160,193
1161,225
1162,172
1163,229
1164,111
1165,174
1166,243
1167,200
1168,161
1169,166
1170,242
1171,197
1172,191
1173,201
1174,191
1175,228
1176,110
1177,225
1178,183
1179,244
1180,101
1181,197
1182,169
1183,210
1184,168
1185,245
1186,256
1187,146
1188,143
1189,229
1190,235
1191,227
1192,201
1193,252
1194,247
1195,228
1196,145
1197,166
1198,134
1199,101
1200,95
1201,255
1202,228
1203,233
1204,83
1205,235
1206,217
1207,218
1208,148
1209,235
1210,196
1211,184
1212,218
1213,154
1214,248
1215,0
1216,226
1217,0
1218,185
1219,243
1220,246
1221,177
1222,139
1223,218
1224,142
1225,16
1226,191
1227,195
1228,62
1229,153
1230,178
1231,159
1232,130
1233,240
1234,84
1235,74
1236,185
1237,133
1238,213
1239,245
1240,194
1241,215
1242,195
1243,205
1244,164
1245,120
1246,254
1247,242
1248,161
1249,211
1250,172
1251,195
1252,201
1253,244
1254,215
1255,206
1256,219
1257,168
1258,211
1259,244
1260,234
1261,239
1262,65
1263,252
1264,201
1265,196
1266,183
1267,222
1268,187
1269,244
1270,136
1271,224
1272,213
1273,235
1274,117
1275,184
1276,97
1277,221
1278,215
1279,208
1280,169
1281,188
1282,168
1283,206
1284,244
1285,98
1286,182
1287,68
1288,155
1289,207
1290,121
1291,136
1292,144
1293,159
1294,221
1295,162
1296,234
1297,237
1298,150
1299,250
1300,84
1301,238
1302,221
1303,190
1304,206
1305,83
1306,126
1307,205
1308,156
1309,170
1310,202
1311,202
1312,217
1313,167
1314,215
1315,256
1316,230
1317,154
1318,174
1319,119
1320,186
1321,99
1322,207
1323,245
1324,89
1325,166
1326,177
1327,251
1328,196
1329,223
1330,213
1331,188
1332,255
1333,214
1334,242
1335,174
1336,209
1337,136
1338,212
1339,193
1340,249
1341,254
1342,211
1343,211
1344,234
1345,222
1346,210
1347,255
1348,173
1349,181
1350,227
1351,242
1352,164
1353,215
1354,236
1355,101
1356,153
1357,104
1358,184
1359,88
1360,233
1361,239
1362,228
1363,187
1364,162
1365,190
1366,58
1367,218
1368,142
1369,236
1370,234
1371,204
1372,252
1373,208
1374,208
1375,180
1376,233
1377,214
1378,34
1379,184
1380,204
1381,192
1382,182
1383,238
1384,56
1385,154
1386,132
1387,204
1388,94
1389,247
1390,209
1391,202
1392,126
1393,234
1394,222
1395,216
1396,191
1397,244
1398,140
1399,207
1400,96
1401,207
1402,214
1403,154
1404,157
1405,151
1406,255
1407,28
1408,92
1409,131
1410,199
1411,227
1412,232
1413,236
1414,155
1415,224
1416,97
1417,226
1418,148
1419,60
1420,228
1421,231
1422,218
1423,256
1424,177
1425,203
1426,241
1427,146
1428,197
1429,174
1430,235
1431,155
1432,143
1433,234
1434,215
1435,141
1436,241
1437,233
1438,148
1439,215
1440,214
1441,246
1442,164
1443,250
1444,134
1445,233
1446,226
1447,220
1448,229
1449,181
1450,193
1451,179
1452,239
1453,136
1454,225
1455,234
1456,241
1457,200
1458,211
1459,195
1460,132
1461,194
1462,234
1463,207
1464,28
1465,225
1466,248
1467,235
1468,179
1469,193
1470,108
1471,242
1472,230
1473,212
1474,0
1475,201
1476,113
1477,210
1478,176
1479,225
1480,195
1481,28
1482,232
1483,56
1484,199
1485,207
1486,182
1487,251
1488,174
1489,218
1490,211
1491,251
1492,176
1493,250
1494,146
1495,231
1496,226
1497,188
1498,140
1499,200
1500,79
1501,199
1502,129
1503,143
1504,141
1505,110
1506,169
1507,223
1508,245
1509,161
1510,112
1511,241
1512,103
1513,174
1514,211
1515,162
1516,181
1517,213
1518,239
1519,212
1520,170
1521,214
1522,246
1523,249
1524,152
1525,230
1526,226
1527,170
1528,163
1529,179
1530,180
1531,224
1532,82
1533,39
1534,168
1535,208
1536,230
1537,165
1538,165
1539,235
1540,180
1541,245
1542,249
1543,219
1544,184
1545,107
1546,240
1547,167
1548,140
1549,141
1550,115
1551,126
1552,220
1553,220
1554,68
1555,236
1556,70
1557,216
1558,215
1559,175
1560,179
1561,168
1562,255
1563,171
1564,240
1565,166
1566,240
1567,232
1568,216
1569,167
1570,245
1571,244
1572,196
1573,239
1574,201
1575,199
1576,184
1577,233
1578,199
1579,242
1580,232
1581,235
1582,151
1583,198
1584,124
1585,179
1586,239
1587,232
1588,225
1589,181
1590,239
1591,194
1592,180
1593,107
1594,166
1595,238
1596,218
1597,149
1598,197
1599,174
1600,196
1601,116
1602,199
1603,226
1604,180
1605,240
1606,84
1607,228
1608,146
1609,191
1610,156
1611,226
1612,254
1613,180
1614,224
1615,201
1616,153
1617,147
1618,177
1619,228
1620,227
1621,94
1622,180
1623,206
1624,154
1625,176
1626,174
1627,195
1628,225
1629,156
1630,231
1631,239
1632,205
1633,221
1634,125
1635,188
1636,190
1637,195
1638,121
1639,188
1640,160
1641,207
1642,238
1643,69
1644,150
1645,250
1646,135
1647,229
1648,220
1649,199
1650,240
1651,215
1652,142
1653,167
1654,146
1655,237
1656,133
1657,193
1658,74
1659,185
1660,157
1661,249
1662,171
1663,112
1664,181
1665,243
1666,68
1667,156
1668,190
1669,113
1670,214
1671,134
1672,222
1673,106
1674,214
1675,198
1676,224
1677,228
1678,193
1679,120
1680,136
1681,227
1682,213
1683,167
1684,172
1685,212
1686,231
1687,225
1688,248
1689,205
1690,231
1691,50
1692,109
1693,150
1694,158
1695,81
1696,229
1697,124
1698,219
1699,204
1700,213
1701,252
1702,244
1703,241
1704,256
1705,181
1706,245
1707,256
1708,230
1709,240
1710,206
1711,222
1712,191
1713,172
1714,154
1715,195
1716,105
1717,202
1718,222
1719,190
1720,227
1721,171
1722,214
1723,172
1724,256
1725,231
1726,192
1727,222
1728,214
1729,230
1730,170
1731,203
1732,218
1733,119
1734,134
1735,52
1736,209
1737,252
1738,164
1739,247
1740,218
1741,66
1742,254
1743,183
1744,170
1745,151
1746,167
1747,199
1748,214
1749,164
1750,224
1751,189
1752,139
1753,218
1754,250
1755,211
1756,207
1757,194
1758,238
1759,210
1760,109
1761,70
1762,249
1763,206
1764,189
1765,60
1766,248
1767,183
1768,162
1769,222
1770,0
1771,199
1772,30
1773,176
1774,135
1775,150
1776,89
1777,229
1778,121
1779,162
1780,255
1781,176
1782,217
1783,190
1784,116
1785,173
1786,203
1787,240
1788,197
1789,248
1790,202
1791,90
1792,53
1793,199
1794,139
1795,8
1796,227
1797,107
1798,184
1799,194
1800,174
1801,196
1802,185
1803,105
1804,174
1805,161
1806,57
1807,188
1808,213
1809,139
1810,160
1811,207
1812,195
1813,213
1814,170
1815,197
1816,137
1817,112
1818,110
1819,242
1820,204
1821,211
1822,187
1823,237
1824,211
1825,209
1826,224
1827,187
1828,192
1829,102
1830,118
1831,184
1832,201
1833,246
1834,150
1835,211
1836,218
1837,188
1838,209
1839,169
1840,227
1841,153
1842,244
1843,153
1844,251
1845,83
1846,148
1847,220
1848,141
1849,171
1850,238
1851,164
1852,202
1853,198
1854,119
1855,176
1856,156
1857,228
1858,235
1859,194
1860,168
1861,183
1862,130
1863,185
1864,189
1865,187
1866,178
1867,253
1868,216
1869,211
1870,190
1871,163
1872,11
1873,197
1874,214
1875,236
1876,187
1877,215
1878,243
1879,169
1880,176
1881,78
1882,188
1883,189
1884,249
1885,118
1886,130
1887,245
1888,165
1889,149
1890,230
1891,139
1892,118
1893,216
1894,253
1895,218
1896,192
1897,199
1898,176
1899,191
1900,193
1901,245
1902,207
1903,157
1904,199
1905,187
1906,225
1907,215
1908,168
1909,142
1910,203
1911,219
1912,181
1913,140
1914,144
1915,151
1916,227
1917,201
1918,126
1919,156
1920,227
1921,215
1922,224
1923,186
1924,172
1925,214
1926,226
1927,144
1928,173
1929,206
1930,148
1931,255
1932,230
1933,224
1934,199
1935,244
1936,195
1937,201
1938,113
1939,188
1940,149
1941,220
1942,207
1943,186
1944,244
1945,202
1946,116
1947,189
1948,245
1949,86
1950,143
1951,149
1952,190
1953,125
1954,252
1955,129
1956,166
1957,224
1958,187
1959,153
1960,181
1961,119
1962,126
1963,123
1964,33
1965,146
1966,216
1967,208
1968,245
1969,255
1970,240
1971,253
1972,198
1973,137
1974,226
1975,190
1976,195
1977,230
1978,203
1979,245
1980,191
1981,216
1982,216
1983,236
1984,214
1985,116
1986,241
1987,186
1988,239
1989,202
1990,242
1991,184
1992,245
1993,126
1994,58
1995,210
1996,58
1997,157
1998,168
1999,196
2000,191
2001,212
2002,209
2003,229
2004,178
2005,183
2006,204
2007,227
2008,202
2009,226
2010,219
2011,230
2012,235
2013,221
2014,176
2015,172
2016,220
2017,210
2018,198
2019,221
2020,147
2021,239
2022,80
2023,216
2024,196
2025,238
2026,231
2027,126
2028,252
2029,91
2030,254
2031,233
2032,224
2033,235
2034,201
2035,223
2036,144
2037,164
2038,167
2039,194
2040,137
2041,222
2042,59
2043,163
2044,241
2045,254
2046,256
2047,246
2048,193
2049,176
2050,74
2051,133
2052,158
2053,226
2054,218
2055,232
2056,220
2057,218
2058,203
2059,209
2060,99
2061,220
2062,93
2063,0
2064,103
2065,242
2066,230
2067,123
2068,42
2069,60
2070,175
2071,209
2072,183
2073,221
2074,253
2075,235
2076,176
2077,107
2078,242
2079,131
2080,210
2081,238
2082,233
2083,197
2084,219
2085,159
2086,105
2087,175
2088,210
2089,242
2090,145
2091,254
2092,149
2093,234
2094,213
2095,191
2096,237
2097,177
2098,195
2099,131
2100,176
2101,244
2102,172
2103,156
2104,202
2105,154
2106,229
2107,221
2108,182
2109,241
2110,189
2111,216
2112,137
2113,164
2114,208
2115,233
2116,206
2117,244
2118,226
2119,248
2120,165
2121,149
2122,217
2123,143
2124,227
2125,224
2126,175
2127,194
2128,136
2129,162
2130,233
2131,200
2132,152
2133,175
2134,137
2135,188
2136,235
2137,126
2138,256
2139,210
2140,206
2141,219
2142,213
2143,225
2144,226
2145,231
2146,156
2147,160
2148,216
2149,213
2150,188
2151,254
2152,155
2153,182
2154,238
2155,244
2156,245
2157,212
2158,163
2159,194
2160,63
2161,197
2162,22
2163,241
2164,240
2165,169
2166,232
2167,171
2168,182
2169,252
2170,235
2171,195
2172,124
2173,127
2174,173
2175,190
2176,241
2177,249
2178,209
2179,209
2180,256
2181,205
2182,195
2183,134
2184,196
2185,194
2186,154
2187,0
2188,222
2189,198
2190,159
2191,214
2192,146
2193,89
2194,249
2195,130
2196,139
2197,215
2198,139
2199,142
2200,140
2201,206
2202,239
2203,6
2204,175
2205,125
2206,242
2207,145
2208,192
2209,121
2210,134
2211,243
2212,141
2213,116
2214,219
2215,256
2216,229
2217,231
2218,216
2219,165
2220,161
2221,234
2222,216
2223,172
2224,93
2225,224
2226,218
2227,106
2228,143
2229,142
2230,242
2231,227
2232,141
2233,204
2234,163
2235,242
2236,102
2237,242
2238,220
2239,167
2240,190
2241,182
2242,174
2243,202
2244,156
2245,189
2246,164
2247,205
2248,222
2249,181
2250,230
2251,255
2252,111
2253,205
2254,250
2255,213
2256,109
2257,226
2258,196
2259,36
2260,209
2261,198
2262,226
2263,126
2264,244
2265,116
2266,231
2267,229
2268,60
2269,156
2270,183
2271,108
2272,243
2273,153
2274,236
2275,133
2276,256
2277,221
2278,169
2279,168
2280,230
2281,118
2282,169
2283,42
2284,252
2285,217
2286,136
2287,225
2288,238
2289,234
2290,220
2291,202
2292,241
2293,56
2294,166
2295,133
2296,159
2297,167
2298,251
2299,204
2300,204
2301,209
2302,249
2303,241
2304,245
2305,238
2306,166
2307,159
2308,212
2309,213
2310,164
2311,150
2312,243
2313,222
2314,256
2315,256
2316,189
2317,34
2318,121
2319,218
2320,195
2321,207
2322,238
2323,248
2324,243
2325,208
2326,142
2327,225
2328,153
2329,191
2330,196
2331,174
2332,198
2333,184
2334,220
2335,137
2336,164
2337,217
2338,221
2339,146
2340,238
2341,169
2342,256
2343,208
2344,202
2345,210
2346,235
2347,214
2348,240
2349,225
2350,158
2351,240
2352,135
2353,123
2354,149
2355,248
2356,223
2357,208
2358,213
2359,15
2360,219
2361,119
2362,65
2363,227
2364,209
2365,171
2366,120
2367,247
2368,138
2369,114
2370,245
2371,218
2372,116
2373,244
2374,222
2375,230
2376,213
2377,107
2378,253
2379,247
2380,218
2381,192
2382,74
2383,235
2384,243
2385,210
2386,167
2387,207
2388,226
2389,162
2390,232
2391,135
2392,141
2393,194
2394,130
2395,116
2396,157
2397,248
2398,158
2399,221
