0,168
1,181
2,176
3,217
4,194
5,0
6,201
7,241
8,233
9,152
10,136
11,239
12,210
13,174
14,234
15,158
16,189
17,207
18,219
19,238
20,239
21,144
22,170
23,208
24,243
25,238
26,28
27,20
28,229
29,177
30,0
31,180
32,180
33,237
34,234
35,231
36,237
37,227
38,206
39,232
40,204
41,250
42,213
43,97
44,226
45,215
46,167
47,237
48,131
49,182
50,147
51,211
52,94
53,211
54,209
55,185
56,148
57,183
58,204
59,253
60,234
61,155
62,181
63,223
64,207
65,221
66,251
67,238
68,173
69,170
70,204
71,209
72,190
73,230
74,239
75,145
76,225
77,0
78,210
79,190
80,244
81,239
82,130
83,155
84,216
85,207
86,164
87,199
88,156
89,213
90,193
91,247
92,190
93,155
94,103
95,218
96,235
97,155
98,245
99,190
100,256
101,251
102,171
103,93
104,249
105,211
106,207
107,213
108,122
109,0
110,155
111,177
112,217
113,229
114,248
115,212
116,223
117,190
118,234
119,236
120,165
121,198
122,133
123,58
124,206
125,206
126,235
127,75
128,202
129,157
130,174
131,217
132,230
133,239
134,129
135,195
136,125
137,154
138,115
139,157
140,254
141,235
142,220
143,141
144,185
145,170
146,184
147,161
148,210
149,221
150,134
151,213
152,233
153,184
154,148
155,241
156,250
157,134
158,61
159,99
160,231
161,210
162,224
163,161
164,245
165,10
166,142
167,176
168,173
169,251
170,226
171,184
172,212
173,104
174,195
175,191
176,214
177,218
178,230
179,0
180,137
181,67
182,187
183,229
184,202
185,210
186,226
187,160
188,151
189,233
190,249
191,221
192,137
193,253
194,187
195,243
196,145
197,186
198,150
199,197
200,194
201,221
202,193
203,192
204,253
205,171
206,169
207,220
208,227
209,105
210,124
211,191
212,244
213,237
214,109
215,195
216,225
217,184
218,222
219,177
220,129
221,214
222,196
223,90
224,224
225,252
226,245
227,186
228,222
229,232
230,122
231,166
232,230
233,220
234,186
235,204
236,158
237,204
238,142
239,233
240,231
241,163
242,246
243,181
244,239
245,202
246,230
247,251
248,200
249,222
250,173
251,131
252,200
253,169
254,224
255,248
256,254
257,221
258,187
259,184
260,149
261,205
262,233
263,84
264,203
265,216
266,177
267,146
268,211
269,171
270,196
271,209
272,192
273,252
274,199
275,203
276,218
277,127
278,251
279,174
280,113
281,209
282,222
283,204
284,120
285,225
286,198
287,220
288,214
289,206
290,189
291,229
292,169
293,110
294,196
295,167
296,143
297,90
298,88
299,225
300,181
301,188
302,244
303,116
304,230
305,224
306,155
307,217
308,218
309,249
310,216
311,167
312,168
313,247
314,254
315,174
316,111
317,111
318,234
319,177
320,220
321,65
322,170
323,221
324,202
325,228
326,94
327,247
328,222
329,112
330,231
331,252
332,112
333,224
334,229
335,223
336,180
337,215
338,225
339,118
340,117
341,252
342,237
343,201
344,163
345,154
346,143
347,130
348,25
349,60
350,132
351,176
352,106
353,151
354,202
355,206
356,190
357,206
358,216
359,127
360,212
361,198
362,193
363,154
364,233
365,200
366,202
367,236
368,240
369,44
370,177
371,208
372,13
373,172
374,251
375,162
376,207
377,237
378,127
379,221
380,180
381,158
382,136
383,227
384,182
385,252
386,198
387,81
388,177
389,227
390,241
391,187
392,235
393,166
394,173
395,0
396,216
397,215
398,159
399,238
400,70
401,174
402,213
403,174
404,177
405,210
406,224
407,83
408,194
409,229
410,200
411,135
412,231
413,251
414,202
415,128
416,126
417,114
418,225
419,111
420,228
421,184
422,209
423,243
424,188
425,238
426,229
427,56
428,169
429,182
430,230
431,228
432,208
433,247
434,193
435,160
436,180
437,209
438,196
439,227
440,207
441,152
442,193
443,183
444,182
445,162
446,0
447,207
448,108
449,224
450,59
451,156
452,202
453,164
454,229
455,220
456,208
457,247
458,216
459,252
460,242
461,245
462,248
463,182
464,216
465,166
466,174
467,171
468,99
469,136
470,99
471,187
472,195
473,147
474,189
475,219
476,217
477,185
478,232
479,125
480,151
481,248
482,246
483,248
484,108
485,161
486,229
487,0
488,173
489,232
490,172
491,158
492,206
493,20
494,170
495,161
496,233
497,228
498,244
499,240
500,187
501,199
502,247
503,246
504,190
505,237
506,96
507,200
508,147
509,68
510,224
511,229
512,219
513,251
514,168
515,237
516,162
517,176
518,122
519,215
520,73
521,222
522,174
523,109
524,192
525,212
526,219
527,221
528,195
529,186
530,188
531,206
532,93
533,198
534,251
535,37
536,229
537,233
538,127
539,112
540,193
541,249
542,221
543,174
544,230
545,151
546,185
547,127
548,88
549,256
550,186
551,152
552,226
553,170
554,117
555,208
556,48
557,238
558,141
559,165
560,139
561,207
562,195
563,111
564,221
565,175
566,225
567,254
568,215
569,247
570,214
571,114
572,216
573,240
574,199
575,200
576,227
577,44
578,234
579,255
580,174
581,74
582,196
583,254
584,250
585,106
586,204
587,213
588,202
589,114
590,238
591,233
592,249
593,146
594,172
595,227
596,243
597,248
598,159
599,240
600,106
601,201
602,129
603,223
604,166
605,147
606,201
607,198
608,202
609,110
610,226
611,251
612,186
613,249
614,75
615,253
616,157
617,151
618,134
619,126
620,199
621,214
622,124
623,234
624,172
625,196
626,217
627,205
628,200
629,198
630,200
631,201
632,233
633,229
634,213
635,198
636,154
637,99
638,68
639,227
640,79
641,167
642,179
643,86
644,236
645,233
646,239
647,190
648,179
649,175
650,169
651,251
652,101
653,165
654,0
655,215
656,144
657,249
658,242
659,78
660,227
661,206
662,170
663,200
664,231
665,126
666,236
667,85
668,210
669,50
670,202
671,225
672,0
673,240
674,196
675,217
676,152
677,138
678,201
679,228
680,243
681,148
682,247
683,165
684,202
685,224
686,140
687,208
688,204
689,94
690,213
691,229
692,204
693,204
694,176
695,221
696,112
697,238
698,2
699,168
700,224
701,235
702,165
703,255
704,185
705,224
706,116
707,247
708,60
709,163
710,251
711,251
712,252
713,210
714,117
715,182
716,125
717,216
718,175
719,124
720,99
721,238
722,69
723,223
724,216
725,166
726,133
727,253
728,44
729,203
730,183
731,53
732,229
733,71
734,243
735,148
736,177
737,156
738,219
739,214
740,230
741,218
742,87
743,132
744,192
745,174
746,100
747,255
748,199
749,242
750,191
751,0
752,207
753,122
754,250
755,93
756,231
757,207
758,195
759,237
760,193
761,106
762,217
763,224
764,176
765,242
766,154
767,210
768,137
769,225
770,187
771,220
772,145
773,234
774,207
775,117
776,198
777,227
778,197
779,114
780,205
781,185
782,101
783,241
784,216
785,251
786,237
787,128
788,104
789,228
790,253
791,101
792,171
793,239
794,195
795,194
796,128
797,166
798,238
799,256
800,149
801,237
802,216
803,154
804,171
805,196
806,247
807,209
808,250
809,222
810,224
811,108
812,183
813,234
814,180
815,212
816,209
817,143
818,38
819,210
820,251
821,225
822,0
823,219
824,222
825,206
826,205
827,237
828,220
829,240
830,176
831,176
832,224
833,39
834,163
835,55
836,175
837,153
838,172
839,160
840,233
841,236
842,239
843,226
844,209
845,234
846,102
847,190
848,235
849,187
850,213
851,161
852,166
853,249
854,171
855,159
856,79
857,246
858,178
859,129
860,238
861,199
862,184
863,223
864,160
865,169
866,217
867,239
868,185
869,228
870,177
871,234
872,226
873,212
874,242
875,242
876,208
877,220
878,201
879,215
880,225
881,149
882,0
883,219
884,190
885,226
886,129
887,224
888,189
889,94
890,250
891,216
892,200
893,204
894,179
895,254
896,238
897,232
898,156
899,174
900,166
901,200
902,203
903,158
904,114
905,197
906,92
907,32
908,195
909,233
910,218
911,199
912,59
913,137
914,244
915,219
916,153
917,173
918,151
919,208
920,207
921,172
922,202
923,243
924,246
925,162
926,236
927,132
928,244
929,230
930,231
931,234
932,157
933,242
934,167
935,218
936,234
937,147
938,75
939,252
940,239
941,219
942,103
943,169
944,211
945,240
946,215
947,170
948,169
949,256
950,172
951,241
952,158
953,234
954,249
955,135
956,234
957,246
958,211
959,187
960,223
961,250
962,250
963,174
964,185
965,202
966,250
967,253
968,226
969,180
970,204
971,146
972,182
973,139
974,193
975,156
976,224
977,176
978,226
979,236
980,83
981,255
982,163
983,229
984,241
985,104
986,18
987,243
988,148
989,172
990,153
991,154
992,102
993,243
994,197
995,175
996,202
997,222
998,180
999,250
1000,243
1001,200
1002,250
1003,29
1004,187
1005,176
1006,172
1007,194
1008,144
1009,92
1010,127
1011,183
1012,247
1013,217
1014,233
1015,179
1016,215
1017,231
1018,192
1019,231
1020,215
1021,131
1022,242
1023,190
1024,91
1025,254
1026,88
1027,225
1028,252
1029,181
1030,203
1031,78
1032,59
1033,246
1034,191
1035,249
1036,77
1037,57
1038,185
1039,97
1040,198
1041,175
1042,186
1043,211
1044,144
1045,222
1046,189
1047,184
1048,152
1049,167
1050,226
1051,251
1052,220
1053,153
1054,145
1055,135
1056,182
1057,242
1058,137
1059,201
1060,224
1061,158
1062,224
1063,221
1064,199
1065,233
1066,56
1067,223
1068,213
1069,249
1070,252
1071,186
1072,113
1073,208
1074,125
1075,254
1076,221
1077,251
1078,215
1079,246
1080,146
1081,204
1082,160
1083,206
1084,228
1085,154
1086,186
1087,171
1088,85
1089,193
1090,122
1091,196
1092,39
1093,109
1094,108
1095,195
1096,94
1097,157
1098,123
1099,197
1100,216
1101,239
1102,127
1103,164
1104,240
1105,167
1106,175
1107,250
1108,240
1109,228
1110,254
1111,234
1112,248
1113,240
1114,118
1115,217
1116,205
1117,143
1118,190
1119,201
1120,229
1121,128
1122,143
1123,132
1124,165
1125,239
1126,0
1127,189
1128,102
1129,213
1130,250
1131,256
1132,229
1133,235
1134,116
1135,210
1136,174
1137,166
1138,177
1139,122
1140,224
1141,238
1142,236
1143,126
1144,93
1145,196
1146,193
1147,187
1148,175
1149,153
1150,42
1151,245
1152,113
1153,206
1154,245
1155,179
1156,253
1157,238
1158,218
1159,246
1160,187
1161,226
1162,169
1163,226
1164,127
1165,160
1166,241
1167,189
1168,142
1169,150
1170,238
1171,148
1172,190
1173,206
1174,185
1175,235
1176,134
1177,223
1178,189
1179,245
1180,94
1181,116
1182,158
1183,216
1184,151
1185,245
1186,256
1187,97
1188,130
1189,219
1190,240
1191,232
1192,199
1193,252
1194,246
1195,229
1196,153
1197,164
1198,147
1199,0
1200,82
1201,255
1202,225
1203,230
1204,79
1205,233
1206,229
1207,212
1208,158
1209,234
1210,200
1211,184
1212,217
1213,90
1214,247
1215,0
1216,229
1217,0
1218,191
1219,243
1220,246
1221,151
1222,111
1223,205
1224,136
1225,95
1226,184
1227,178
1228,15
1229,138
1230,144
1231,179
1232,144
1233,241
1234,79
1235,88
1236,146
1237,115
1238,210
1239,235
1240,192
1241,223
1242,197
1243,216
1244,176
1245,34
1246,255
1247,242
1248,149
1249,209
1250,178
1251,179
1252,194
1253,245
1254,214
1255,199
1256,216
1257,145
1258,222
1259,244
1260,232
1261,241
1262,111
1263,253
1264,203
1265,187
1266,174
1267,209
1268,196
1269,243
1270,173
1271,223
1272,214
1273,229
1274,115
1275,190
1276,88
1277,221
1278,220
1279,194
1280,146
1281,174
1282,153
1283,188
1284,244
1285,43
1286,170
1287,52
1288,173
1289,200
1290,147
1291,21
1292,196
1293,94
1294,208
1295,193
1296,236
1297,238
1298,165
1299,250
1300,41
1301,238
1302,211
1303,171
1304,217
1305,97
1306,113
1307,203
1308,135
1309,166
1310,198
1311,202
1312,178
1313,122
1314,216
1315,256
1316,235
1317,179
1318,165
1319,98
1320,184
1321,105
1322,202
1323,238
1324,60
1325,185
1326,178
1327,252
1328,184
1329,221
1330,200
1331,192
1332,255
1333,219
1334,241
1335,173
1336,155
1337,90
1338,202
1339,117
1340,247
1341,254
1342,212
1343,203
1344,237
1345,221
1346,190
1347,255
1348,182
1349,186
1350,228
1351,241
1352,162
1353,227
1354,233
1355,60
1356,163
1357,134
1358,164
1359,91
1360,237
1361,232
1362,218
1363,160
1364,172
1365,177
1366,89
1367,237
1368,153
1369,235
1370,238
1371,181
1372,253
1373,202
1374,187
1375,207
1376,207
1377,206
1378,19
1379,181
1380,194
1381,193
1382,183
1383,239
1384,46
1385,151
1386,113
1387,206
1388,67
1389,247
1390,217
1391,205
1392,117
1393,232
1394,211
1395,224
1396,195
1397,240
1398,149
1399,192
1400,131
1401,221
1402,171
1403,161
1404,185
1405,168
1406,255
1407,0
1408,106
1409,115
1410,184
1411,229
1412,229
1413,230
1414,191
1415,232
1416,92
1417,231
1418,159
1419,21
1420,227
1421,209
1422,187
1423,256
1424,141
1425,187
1426,242
1427,135
1428,190
1429,169
1430,232
1431,108
1432,158
1433,236
1434,205
1435,138
1436,243
1437,234
1438,146
1439,228
1440,212
1441,246
1442,73
1443,251
1444,162
1445,246
1446,229
1447,206
1448,225
1449,177
1450,197
1451,154
1452,242
1453,151
1454,223
1455,220
1456,241
1457,182
1458,208
1459,189
1460,64
1461,165
1462,241
1463,209
1464,48
1465,221
1466,249
1467,206
1468,145
1469,197
1470,119
1471,240
1472,213
1473,217
1474,0
1475,196
1476,161
1477,217
1478,190
1479,194
1480,206
1481,0
1482,234
1483,102
1484,208
1485,204
1486,191
1487,251
1488,171
1489,218
1490,181
1491,251
1492,183
1493,252
1494,120
1495,232
1496,228
1497,199
1498,142
1499,196
1500,62
1501,206
1502,134
1503,175
1504,148
1505,120
1506,133
1507,223
1508,246
1509,163
1510,40
1511,241
1512,85
1513,163
1514,230
1515,157
1516,196
1517,203
1518,235
1519,208
1520,202
1521,225
1522,244
1523,249
1524,112
1525,223
1526,230
1527,176
1528,162
1529,177
1530,161
1531,224
1532,131
1533,0
1534,153
1535,210
1536,190
1537,163
1538,166
1539,235
1540,181
1541,250
1542,250
1543,219
1544,193
1545,118
1546,246
1547,149
1548,142
1549,149
1550,151
1551,137
1552,226
1553,226
1554,83
1555,235
1556,69
1557,214
1558,222
1559,175
1560,176
1561,183
1562,255
1563,175
1564,242
1565,150
1566,236
1567,234
1568,214
1569,163
1570,244
1571,238
1572,197
1573,217
1574,165
1575,208
1576,164
1577,236
1578,192
1579,239
1580,232
1581,235
1582,184
1583,197
1584,110
1585,179
1586,239
1587,232
1588,224
1589,198
1590,237
1591,195
1592,162
1593,154
1594,166
1595,231
1596,219
1597,139
1598,189
1599,172
1600,188
1601,157
1602,199
1603,203
1604,207
1605,243
1606,79
1607,230
1608,143
1609,193
1610,67
1611,212
1612,254
1613,196
1614,226
1615,192
1616,146
1617,173
1618,167
1619,190
1620,230
1621,125
1622,207
1623,201
1624,146
1625,191
1626,130
1627,205
1628,237
1629,131
1630,231
1631,239
1632,192
1633,217
1634,28
1635,213
1636,182
1637,200
1638,23
1639,149
1640,153
1641,210
1642,237
1643,20
1644,162
1645,250
1646,157
1647,229
1648,224
1649,201
1650,242
1651,212
1652,134
1653,174
1654,125
1655,241
1656,122
1657,216
1658,88
1659,149
1660,172
1661,249
1662,152
1663,140
1664,189
1665,244
1666,97
1667,174
1668,211
1669,118
1670,227
1671,126
1672,215
1673,71
1674,215
1675,204
1676,215
1677,203
1678,220
1679,0
1680,145
1681,228
1682,224
1683,166
1684,172
1685,195
1686,237
1687,224
1688,249
1689,200
1690,235
1691,53
1692,142
1693,158
1694,162
1695,95
1696,188
1697,123
1698,223
1699,206
1700,227
1701,252
1702,250
1703,240
1704,256
1705,189
1706,243
1707,256
1708,237
1709,237
1710,201
1711,216
1712,159
1713,130
1714,153
1715,172
1716,103
1717,177
1718,216
1719,198
1720,223
1721,175
1722,214
1723,134
1724,256
1725,232
1726,184
1727,224
1728,223
1729,233
1730,148
1731,191
1732,218
1733,52
1734,149
1735,59
1736,205
1737,252
1738,150
1739,246
1740,206
1741,66
1742,255
1743,191
1744,192
1745,114
1746,180
1747,216
1748,212
1749,164
1750,237
1751,170
1752,151
1753,218
1754,244
1755,206
1756,197
1757,171
1758,244
1759,213
1760,34
1761,43
1762,250
1763,194
1764,192
1765,59
1766,250
1767,198
1768,157
1769,224
1770,0
1771,209
1772,28
1773,160
1774,86
1775,177
1776,132
1777,234
1778,113
1779,178
1780,255
1781,51
1782,210
1783,205
1784,149
1785,176
1786,205
1787,243
1788,189
1789,249
1790,138
1791,12
1792,129
1793,188
1794,0
1795,102
1796,206
1797,35
1798,176
1799,205
1800,188
1801,196
1802,176
1803,88
1804,135
1805,158
1806,66
1807,154
1808,198
1809,106
1810,159
1811,216
1812,217
1813,203
1814,174
1815,177
1816,131
1817,88
1818,116
1819,242
1820,212
1821,131
1822,213
1823,238
1824,211
1825,216
1826,230
1827,199
1828,185
1829,92
1830,125
1831,184
1832,197
1833,248
1834,113
1835,170
1836,227
1837,181
1838,217
1839,122
1840,226
1841,156
1842,245
1843,153
1844,253
1845,40
1846,133
1847,223
1848,73
1849,181
1850,235
1851,116
1852,186
1853,199
1854,140
1855,211
1856,160
1857,211
1858,241
1859,183
1860,152
1861,170
1862,148
1863,177
1864,189
1865,209
1866,194
1867,253
1868,215
1869,233
1870,194
1871,168
1872,0
1873,193
1874,192
1875,235
1876,113
1877,190
1878,242
1879,173
1880,160
1881,77
1882,217
1883,159
1884,248
1885,68
1886,81
1887,245
1888,134
1889,159
1890,231
1891,138
1892,107
1893,219
1894,253
1895,205
1896,192
1897,223
1898,197
1899,150
1900,186
1901,245
1902,208
1903,170
1904,196
1905,198
1906,218
1907,215
1908,195
1909,120
1910,202
1911,218
1912,178
1913,35
1914,124
1915,157
1916,222
1917,202
1918,107
1919,160
1920,234
1921,218
1922,219
1923,206
1924,55
1925,188
1926,191
1927,148
1928,165
1929,154
1930,153
1931,255
1932,234
1933,226
1934,204
1935,243
1936,195
1937,199
1938,48
1939,130
1940,144
1941,220
1942,193
1943,168
1944,246
1945,196
1946,124
1947,192
1948,245
1949,100
1950,153
1951,155
1952,184
1953,24
1954,234
1955,89
1956,205
1957,236
1958,129
1959,145
1960,119
1961,43
1962,168
1963,114
1964,2
1965,160
1966,209
1967,195
1968,247
1969,255
1970,242
1971,253
1972,193
1973,140
1974,225
1975,3
1976,204
1977,230
1978,203
1979,244
1980,182
1981,240
1982,204
1983,238
1984,217
1985,57
1986,236
1987,203
1988,241
1989,198
1990,241
1991,168
1992,239
1993,157
1994,65
1995,206
1996,66
1997,194
1998,187
1999,208
2000,204
2001,215
2002,206
2003,235
2004,163
2005,191
2006,203
2007,230
2008,203
2009,225
2010,218
2011,231
2012,233
2013,233
2014,168
2015,171
2016,231
2017,213
2018,201
2019,226
2020,187
2021,235
2022,61
2023,220
2024,189
2025,240
2026,234
2027,126
2028,204
2029,97
2030,254
2031,228
2032,228
2033,234
2034,146
2035,226
2036,161
2037,129
2038,167
2039,194
2040,108
2041,223
2042,11
2043,187
2044,248
2045,135
2046,256
2047,247
2048,209
2049,173
2050,50
2051,157
2052,117
2053,210
2054,166
2055,232
2056,220
2057,226
2058,216
2059,216
2060,130
2061,227
2062,55
2063,0
2064,64
2065,238
2066,161
2067,97
2068,0
2069,78
2070,170
2071,213
2072,192
2073,222
2074,252
2075,244
2076,145
2077,126
2078,242
2079,147
2080,214
2081,233
2082,221
2083,198
2084,214
2085,103
2086,116
2087,171
2088,207
2089,238
2090,166
2091,254
2092,160
2093,235
2094,206
2095,186
2096,243
2097,183
2098,167
2099,143
2100,202
2101,246
2102,173
2103,156
2104,214
2105,93
2106,242
2107,222
2108,127
2109,243
2110,175
2111,221
2112,137
2113,168
2114,213
2115,233
2116,207
2117,242
2118,232
2119,249
2120,152
2121,12
2122,220
2123,140
2124,230
2125,222
2126,176
2127,133
2128,152
2129,162
2130,233
2131,131
2132,154
2133,136
2134,159
2135,185
2136,225
2137,124
2138,256
2139,212
2140,164
2141,231
2142,207
2143,233
2144,235
2145,233
2146,150
2147,181
2148,227
2149,213
2150,174
2151,254
2152,165
2153,209
2154,239
2155,244
2156,245
2157,215
2158,178
2159,152
2160,125
2161,177
2162,11
2163,193
2164,242
2165,153
2166,237
2167,141
2168,199
2169,252
2170,231
2171,190
2172,80
2173,149
2174,180
2175,159
2176,236
2177,251
2178,208
2179,215
2180,256
2181,156
2182,153
2183,157
2184,186
2185,204
2186,151
2187,0
2188,208
2189,211
2190,163
2191,218
2192,148
2193,56
2194,248
2195,131
2196,107
2197,223
2198,90
2199,154
2200,151
2201,207
2202,241
2203,0
2204,156
2205,170
2206,242
2207,189
2208,158
2209,118
2210,139
2211,243
2212,117
2213,148
2214,226
2215,256
2216,190
2217,236
2218,217
2219,168
2220,182
2221,239
2222,225
2223,172
2224,0
2225,218
2226,216
2227,114
2228,152
2229,179
2230,244
2231,225
2232,143
2233,157
2234,133
2235,239
2236,153
2237,249
2238,219
2239,163
2240,175
2241,159
2242,188
2243,204
2244,154
2245,178
2246,164
2247,220
2248,224
2249,107
2250,229
2251,255
2252,128
2253,212
2254,251
2255,217
2256,126
2257,217
2258,168
2259,84
2260,207
2261,194
2262,228
2263,123
2264,241
2265,29
2266,204
2267,219
2268,0
2269,116
2270,148
2271,75
2272,249
2273,178
2274,233
2275,65
2276,256
2277,241
2278,151
2279,141
2280,207
2281,87
2282,172
2283,102
2284,254
2285,242
2286,129
2287,222
2288,237
2289,210
2290,189
2291,197
2292,244
2293,95
2294,161
2295,182
2296,170
2297,173
2298,252
2299,230
2300,190
2301,195
2302,250
2303,243
2304,212
2305,235
2306,168
2307,151
2308,195
2309,214
2310,158
2311,136
2312,247
2313,224
2314,251
2315,256
2316,207
2317,0
2318,130
2319,217
2320,213
2321,209
2322,244
2323,248
2324,245
2325,219
2326,147
2327,226
2328,33
2329,189
2330,168
2331,171
2332,188
2333,192
2334,236
2335,197
2336,150
2337,225
2338,177
2339,85
2340,236
2341,187
2342,256
2343,218
2344,209
2345,220
2346,227
2347,215
2348,242
2349,179
2350,193
2351,239
2352,57
2353,77
2354,157
2355,232
2356,227
2357,201
2358,200
2359,85
2360,224
2361,87
2362,78
2363,233
2364,223
2365,191
2366,142
2367,246
2368,83
2369,108
2370,245
2371,219
2372,142
2373,245
2374,226
2375,227
2376,225
2377,0
2378,255
2379,250
2380,217
2381,189
2382,119
2383,237
2384,241
2385,218
2386,156
2387,201
2388,229
2389,137
2390,235
2391,98
2392,179
2393,159
2394,138
2395,134
2396,173
2397,247
2398,174
2399,220
