0,5
1,244
2,235
3,185
4,203
5,140
6,171
7,53
8,208
9,130
10,136
11,205
12,235
13,237
14,223
15,146
16,129
17,226
18,172
19,60
20,130
21,167
22,143
23,214
24,0
25,100
26,182
27,154
28,134
29,224
30,225
31,168
32,175
33,164
34,107
35,34
36,237
37,181
38,227
39,245
40,152
41,232
42,175
43,24
44,127
45,240
46,222
47,208
48,139
49,105
50,184
51,154
52,242
53,242
54,216
55,149
56,206
57,158
58,167
59,154
60,62
61,179
62,152
63,212
64,207
65,70
66,214
67,133
68,129
69,143
70,116
71,190
72,210
73,213
74,135
75,140
76,129
77,167
78,181
79,200
80,216
81,136
82,199
83,192
84,201
85,104
86,190
87,248
88,217
89,207
90,139
91,147
92,89
93,237
94,168
95,205
96,95
97,140
98,211
99,230
100,198
101,239
102,208
103,232
104,71
105,159
106,191
107,194
108,164
109,100
110,227
111,208
112,217
113,25
114,216
115,192
116,99
117,146
118,220
119,214
120,199
121,0
122,196
123,222
124,187
125,159
126,168
127,210
128,182
129,91
130,166
131,185
132,212
133,57
134,194
135,116
136,147
137,221
138,200
139,212
140,145
141,215
142,93
143,189
144,204
145,178
146,198
147,212
148,94
149,213
150,129
151,147
152,172
153,162
154,141
155,232
156,246
157,33
158,221
159,199
160,202
161,164
162,112
163,154
164,222
165,228
166,196
167,217
168,180
169,230
170,212
171,162
172,146
173,239
174,131
175,160
176,189
177,97
178,146
179,202
180,146
181,175
182,108
183,16
184,175
185,179
186,172
187,213
188,75
189,179
190,61
191,239
192,178
193,161
194,144
195,206
196,172
197,226
198,240
199,169
200,158
201,224
202,229
203,184
204,182
205,202
206,216
207,182
208,217
209,225
210,155
211,214
212,220
213,213
214,202
215,212
216,213
217,109
218,184
219,211
220,210
221,187
222,245
223,184
224,198
225,223
226,175
227,244
228,216
229,212
230,101
231,206
232,130
233,139
234,130
235,100
236,193
237,104
238,159
239,235
240,114
241,145
242,240
243,208
244,178
245,225
246,203
247,58
248,221
249,154
250,146
251,174
252,191
253,144
254,186
255,170
256,222
257,162
258,204
259,238
260,238
261,140
262,173
263,203
264,154
265,175
266,106
267,189
268,176
269,209
270,240
271,87
272,125
273,165
274,78
275,218
276,158
277,178
278,153
279,148
280,104
281,224
282,109
283,169
284,188
285,77
286,118
287,177
288,208
289,181
290,217
291,234
292,232
293,200
294,177
295,237
296,161
297,191
298,202
299,222
300,187
301,155
302,218
303,178
304,199
305,234
306,239
307,166
308,210
309,183
310,223
311,147
312,188
313,128
314,152
315,139
316,182
317,226
318,171
319,23
320,152
321,101
322,219
323,229
324,231
325,179
326,213
327,238
328,229
329,132
330,137
331,201
332,246
333,215
334,233
335,193
336,133
337,210
338,160
339,197
340,245
341,139
342,52
343,158
344,141
345,148
346,180
347,156
348,248
349,118
350,249
351,200
352,131
353,95
354,218
355,200
356,211
357,157
358,211
359,193
360,142
361,149
362,191
363,158
364,147
365,206
366,83
367,204
368,231
369,191
370,224
371,198
372,232
373,130
374,137
375,153
376,191
377,151
378,171
379,198
380,129
381,167
382,25
383,156
384,225
385,135
386,134
387,236
388,123
389,240
390,176
391,185
392,226
393,106
394,149
395,241
396,229
397,219
398,237
399,115
400,187
401,149
402,245
403,245
404,193
405,124
406,76
407,174
408,205
409,233
410,241
411,236
412,219
413,150
414,105
415,211
416,239
417,250
418,172
419,179
420,157
421,61
422,163
423,136
424,223
425,229
426,103
427,231
428,201
429,137
430,241
431,235
432,88
433,204
434,192
435,121
436,169
437,205
438,214
439,199
440,138
441,223
442,160
443,85
444,197
445,97
446,195
447,190
448,226
449,219
450,221
451,176
452,246
453,143
454,228
455,159
456,218
457,231
458,214
459,198
460,239
461,112
462,180
463,229
464,245
465,145
466,101
467,187
468,209
469,247
470,167
471,238
472,149
473,119
474,197
475,157
476,243
477,187
478,172
479,245
480,197
481,178
482,205
483,220
484,87
485,229
486,106
487,234
488,250
489,112
490,225
491,242
492,154
493,222
494,128
495,252
496,228
497,233
498,177
499,162
500,220
501,240
502,238
503,241
504,190
505,201
506,217
507,185
508,215
509,204
510,136
511,223
512,218
513,146
514,182
515,246
516,228
517,151
518,238
519,222
520,226
521,152
522,136
523,226
524,181
525,236
526,182
527,159
528,221
529,207
530,217
531,223
532,131
533,221
534,219
535,199
536,226
537,128
538,243
539,213
540,210
541,178
542,144
543,213
544,230
545,197
546,151
547,237
548,215
549,182
550,124
551,193
552,167
553,168
554,248
555,202
556,180
557,211
558,141
559,236
560,219
561,248
562,123
563,230
564,149
565,211
566,119
567,229
568,226
569,183
570,218
571,225
572,211
573,199
574,242
575,162
576,220
577,238
578,211
579,243
580,206
581,246
582,206
583,181
584,202
585,149
586,181
587,194
588,194
589,235
590,222
591,179
592,201
593,148
594,144
595,161
596,212
597,235
598,148
599,142
600,145
601,243
602,104
603,104
604,155
605,236
606,153
607,172
608,191
609,135
610,154
611,202
612,194
613,64
614,231
615,133
616,33
617,181
618,237
619,214
620,75
621,186
622,234
623,172
624,159
625,218
626,182
627,224
628,232
629,139
630,224
631,229
632,126
633,151
634,216
635,219
636,240
637,173
638,170
639,137
640,205
641,178
642,243
643,194
644,215
645,170
646,241
647,197
648,215
649,73
650,122
651,229
652,206
653,229
654,195
655,206
656,160
657,217
658,196
659,225
660,139
661,224
662,200
663,185
664,203
665,200
666,235
667,219
668,141
669,216
670,140
671,149
672,190
673,182
674,242
675,211
676,203
677,169
678,148
679,129
680,226
681,162
682,169
683,212
684,231
685,213
686,144
687,234
688,224
689,204
690,111
691,208
692,95
693,250
694,239
695,196
696,135
697,199
698,137
699,157
700,148
701,238
702,241
703,244
704,135
705,211
706,85
707,192
708,159
709,246
710,177
711,232
712,157
713,234
714,178
715,147
716,161
717,249
718,191
719,91
720,210
721,198
722,172
723,74
724,190
725,94
726,204
727,18
728,127
729,218
730,214
731,128
732,180
733,189
734,240
735,182
736,220
737,187
738,195
739,67
740,191
741,227
742,102
743,243
744,222
745,105
746,207
747,131
748,170
749,200
750,85
751,205
752,208
753,195
754,203
755,219
756,204
757,218
758,243
759,131
760,170
761,252
762,246
763,227
764,229
765,224
766,239
767,160
768,220
769,199
770,239
771,107
772,222
773,200
774,154
775,243
776,197
777,236
778,208
779,244
780,176
781,218
782,110
783,205
784,110
785,211
786,54
787,150
788,120
789,230
790,170
791,110
792,112
793,205
794,234
795,125
796,112
797,243
798,91
799,129
800,232
801,171
802,200
803,250
804,244
805,155
806,134
807,204
808,214
809,177
810,208
811,212
812,175
813,159
814,205
815,188
816,121
817,132
818,237
819,199
820,175
821,180
822,231
823,198
824,198
825,184
826,230
827,176
828,246
829,211
830,205
831,212
832,134
833,229
834,168
835,183
836,194
837,138
838,248
839,229
840,96
841,96
842,186
843,214
844,168
845,112
846,116
847,242
848,200
849,219
850,211
851,0
852,125
853,168
854,198
855,130
856,207
857,245
858,158
859,223
860,217
861,143
862,208
863,173
864,148
865,228
866,227
867,243
868,244
869,243
870,183
871,228
872,217
873,201
874,161
875,224
876,187
877,178
878,204
879,184
880,181
881,187
882,200
883,176
884,195
885,143
886,229
887,245
888,162
889,242
890,207
891,72
892,96
893,215
894,163
895,163
896,176
897,74
898,188
899,214
900,194
901,145
902,212
903,174
904,228
905,168
906,213
907,164
908,157
909,191
910,106
911,227
912,127
913,214
914,148
915,240
916,207
917,168
918,183
919,48
920,212
921,173
922,135
923,180
924,210
925,191
926,112
927,206
928,153
929,205
930,144
931,114
932,173
933,220
934,190
935,178
936,198
937,232
938,195
939,127
940,183
941,218
942,174
943,173
944,208
945,160
946,183
947,157
948,208
949,173
950,119
951,159
952,216
953,235
954,197
955,246
956,204
957,214
958,179
959,143
960,210
961,239
962,0
963,215
964,189
965,139
966,109
967,201
968,134
969,224
970,224
971,162
972,193
973,86
974,197
975,116
976,202
977,125
978,219
979,242
980,212
981,224
982,102
983,189
984,152
985,240
986,198
987,235
988,239
989,150
990,243
991,148
992,179
993,227
994,223
995,215
996,173
997,238
998,167
999,222
1000,220
1001,136
1002,179
1003,244
1004,220
1005,234
1006,165
1007,223
1008,208
1009,187
1010,232
1011,206
1012,187
1013,204
1014,206
1015,226
1016,174
1017,207
1018,219
1019,246
1020,226
1021,247
1022,123
1023,163
1024,169
1025,223
1026,213
1027,72
1028,202
1029,196
1030,238
1031,164
1032,127
1033,181
1034,201
1035,209
1036,236
1037,182
1038,223
1039,185
1040,193
1041,127
1042,192
1043,167
1044,154
1045,218
1046,187
1047,154
1048,236
1049,150
1050,166
1051,213
1052,212
1053,188
1054,113
1055,156
1056,239
1057,209
1058,154
1059,212
1060,229
1061,198
1062,201
1063,209
1064,225
1065,208
1066,190
1067,232
1068,244
1069,212
1070,232
1071,184
1072,143
1073,224
1074,242
1075,168
1076,217
1077,205
1078,145
1079,187
1080,225
1081,156
1082,157
1083,130
1084,214
1085,221
1086,219
1087,100
1088,197
1089,150
1090,229
1091,179
1092,227
1093,178
1094,219
1095,232
1096,132
1097,215
1098,213
1099,226
1100,208
1101,227
1102,236
1103,223
1104,150
1105,219
1106,213
1107,142
1108,230
1109,215
1110,194
1111,144
1112,179
1113,215
1114,228
1115,177
1116,224
1117,170
1118,186
1119,156
1120,230
1121,216
1122,165
1123,144
1124,171
1125,170
1126,247
1127,228
1128,191
1129,221
1130,169
1131,240
1132,162
1133,238
1134,169
1135,206
1136,223
1137,214
1138,250
1139,194
1140,247
1141,187
1142,201
1143,99
1144,88
1145,165
1146,42
1147,250
1148,157
1149,211
1150,134
1151,232
1152,186
1153,178
1154,180
1155,178
1156,185
1157,218
1158,208
1159,233
1160,166
1161,231
1162,129
1163,249
1164,168
1165,244
1166,194
1167,224
1168,242
1169,227
1170,181
1171,177
1172,222
1173,183
1174,243
1175,249
1176,219
1177,195
1178,248
1179,157
1180,191
1181,114
1182,171
1183,136
1184,226
1185,246
1186,220
1187,191
1188,105
1189,205
1190,216
1191,125
1192,245
1193,211
1194,228
1195,248
1196,192
1197,191
1198,169
1199,229
1200,159
1201,249
1202,103
1203,213
1204,132
1205,149
1206,134
1207,164
1208,82
1209,206
1210,193
1211,214
1212,212
1213,160
1214,46
1215,97
1216,108
1217,159
1218,134
1219,250
1220,199
1221,191
1222,26
1223,116
1224,170
1225,5
1226,240
1227,100
1228,173
1229,242
1230,141
1231,12
1232,135
1233,172
1234,99
1235,171
1236,193
1237,118
1238,138
1239,212
1240,178
1241,160
1242,113
1243,213
1244,230
1245,249
1246,177
1247,151
1248,240
1249,163
1250,237
1251,175
1252,175
1253,179
1254,53
1255,42
1256,184
1257,238
1258,138
1259,148
1260,134
1261,218
1262,60
1263,247
1264,159
1265,157
1266,62
1267,106
1268,237
1269,179
1270,238
1271,190
1272,192
1273,220
1274,249
1275,221
1276,166
1277,34
1278,176
1279,251
1280,145
1281,107
1282,229
1283,142
1284,153
1285,47
1286,153
1287,0
1288,162
1289,149
1290,234
1291,223
1292,87
1293,193
1294,154
1295,144
1296,241
1297,103
1298,168
1299,31
1300,247
1301,171
1302,237
1303,168
1304,158
1305,231
1306,217
1307,232
1308,19
1309,177
1310,110
1311,160
1312,67
1313,228
1314,230
1315,226
1316,100
1317,177
1318,114
1319,207
1320,83
1321,68
1322,133
1323,233
1324,62
1325,153
1326,150
1327,75
1328,149
1329,218
1330,178
1331,96
1332,113
1333,144
1334,195
1335,131
1336,155
1337,115
1338,0
1339,211
1340,120
1341,207
1342,222
1343,189
1344,66
1345,105
1346,247
1347,111
1348,207
1349,192
1350,238
1351,18
1352,183
1353,0
1354,226
1355,98
1356,228
1357,191
1358,161
1359,151
1360,219
1361,116
1362,173
1363,52
1364,245
1365,245
1366,162
1367,174
1368,161
1369,138
1370,225
1371,209
1372,67
1373,129
1374,241
1375,245
1376,145
1377,201
1378,155
1379,218
1380,197
1381,159
1382,215
1383,230
1384,211
1385,50
1386,240
1387,215
1388,51
1389,41
1390,49
1391,216
1392,173
1393,208
1394,162
1395,23
1396,128
1397,93
1398,165
1399,167
1400,175
1401,206
1402,108
1403,178
1404,228
1405,135
1406,217
1407,83
1408,152
1409,223
1410,182
1411,195
1412,219
1413,216
1414,229
1415,107
1416,167
1417,137
1418,238
1419,175
1420,157
1421,224
1422,246
1423,145
1424,110
1425,245
1426,69
1427,137
1428,204
1429,203
1430,37
1431,171
1432,209
1433,80
1434,138
1435,239
1436,124
1437,141
1438,230
1439,242
1440,236
1441,107
1442,119
1443,240
1444,210
1445,222
1446,127
1447,169
1448,191
1449,102
1450,30
1451,186
1452,204
1453,90
1454,234
1455,245
1456,170
1457,65
1458,169
1459,163
1460,209
1461,216
1462,134
1463,187
1464,88
1465,172
1466,212
1467,219
1468,215
1469,162
1470,132
1471,203
1472,153
1473,158
1474,208
1475,192
1476,198
1477,98
1478,218
1479,156
1480,129
1481,149
1482,240
1483,226
1484,221
1485,128
1486,247
1487,129
1488,243
1489,222
1490,194
1491,79
1492,225
1493,202
1494,251
1495,236
1496,248
1497,227
1498,220
1499,150
1500,128
1501,185
1502,200
1503,165
1504,142
1505,181
1506,86
1507,74
1508,181
1509,181
1510,127
1511,189
1512,155
1513,69
1514,125
1515,230
1516,198
1517,210
1518,226
1519,132
1520,184
1521,240
1522,182
1523,49
1524,147
1525,226
1526,188
1527,213
1528,195
1529,228
1530,106
1531,108
1532,172
1533,234
1534,148
1535,94
1536,142
1537,181
1538,132
1539,219
1540,181
1541,235
1542,86
1543,213
1544,132
1545,103
1546,198
1547,157
1548,72
1549,164
1550,40
1551,86
1552,158
1553,175
1554,192
1555,171
1556,135
1557,206
1558,195
1559,122
1560,230
1561,80
1562,243
1563,185
1564,147
1565,152
1566,83
1567,179
1568,241
1569,137
1570,183
1571,185
1572,246
1573,237
1574,158
1575,242
1576,125
1577,48
1578,55
1579,232
1580,218
1581,141
1582,90
1583,231
1584,180
1585,192
1586,219
1587,164
1588,187
1589,134
1590,233
1591,231
1592,213
1593,203
1594,180
1595,0
1596,144
1597,133
1598,101
1599,134
1600,223
1601,179
1602,155
1603,163
1604,237
1605,207
1606,197
1607,192
1608,233
1609,176
1610,252
1611,157
1612,187
1613,221
1614,173
1615,140
1616,231
1617,179
1618,182
1619,174
1620,158
1621,212
1622,237
1623,161
1624,196
1625,189
1626,81
1627,98
1628,231
1629,166
1630,181
1631,221
1632,205
1633,198
1634,199
1635,230
1636,200
1637,233
1638,40
1639,218
1640,211
1641,186
1642,174
1643,197
1644,214
1645,208
1646,210
1647,254
1648,254
1649,250
1650,224
1651,248
1652,169
1653,158
1654,131
1655,250
1656,185
1657,181
1658,247
1659,218
1660,227
1661,162
1662,189
1663,217
1664,151
1665,249
1666,169
1667,194
1668,136
1669,166
1670,189
1671,198
1672,251
1673,255
1674,190
1675,246
1676,219
1677,232
1678,140
1679,130
1680,221
1681,157
1682,219
1683,154
1684,174
1685,236
1686,179
1687,224
1688,243
1689,160
1690,102
1691,145
1692,226
1693,182
1694,100
1695,162
1696,209
1697,8
1698,223
1699,250
1700,153
1701,222
1702,171
1703,229
1704,198
1705,204
1706,218
1707,146
1708,162
1709,229
1710,201
1711,225
1712,148
1713,132
1714,10
1715,218
1716,232
1717,185
1718,77
1719,226
1720,150
1721,155
1722,162
1723,52
1724,59
1725,183
1726,233
1727,174
1728,166
1729,121
1730,116
1731,225
1732,121
1733,214
1734,162
1735,199
1736,136
1737,152
1738,191
1739,213
1740,63
1741,122
1742,149
1743,232
1744,250
1745,142
1746,142
1747,117
1748,188
1749,177
1750,76
1751,158
1752,145
1753,111
1754,188
1755,208
1756,229
1757,142
1758,223
1759,179
1760,78
1761,55
1762,222
1763,125
1764,219
1765,138
1766,145
1767,129
1768,236
1769,150
1770,205
1771,120
1772,135
1773,147
1774,109
1775,246
1776,242
1777,160
1778,100
1779,166
1780,219
1781,193
1782,60
1783,64
1784,187
1785,128
1786,104
1787,210
1788,207
1789,102
1790,241
1791,249
1792,205
1793,112
1794,203
1795,231
1796,157
1797,192
1798,221
1799,219
1800,174
1801,227
1802,233
1803,101
1804,220
1805,215
1806,186
1807,196
1808,214
1809,227
1810,166
1811,209
1812,124
1813,245
1814,150
1815,181
1816,173
1817,172
1818,154
1819,44
1820,119
1821,189
1822,209
1823,146
1824,206
1825,163
1826,144
1827,186
1828,202
1829,230
1830,222
1831,234
1832,209
1833,155
1834,118
1835,182
1836,181
1837,150
1838,242
1839,215
1840,214
1841,230
1842,213
1843,160
1844,142
1845,151
1846,72
1847,167
1848,216
1849,133
1850,184
1851,201
1852,208
1853,175
1854,186
1855,151
1856,176
1857,245
1858,204
1859,207
1860,230
1861,120
1862,112
1863,234
1864,245
1865,121
1866,208
1867,246
1868,89
1869,249
1870,228
1871,229
1872,173
1873,205
1874,219
1875,225
1876,124
1877,156
1878,199
1879,144
1880,232
1881,189
1882,245
1883,225
1884,156
1885,220
1886,194
1887,128
1888,178
1889,170
1890,235
1891,103
1892,252
1893,238
1894,197
1895,244
1896,89
1897,187
1898,195
1899,168
1900,58
1901,231
1902,180
1903,187
1904,158
1905,200
1906,28
1907,141
1908,236
1909,128
1910,162
1911,249
1912,188
1913,110
1914,79
1915,239
1916,229
1917,239
1918,234
1919,91
1920,188
1921,175
1922,249
1923,201
1924,71
1925,153
1926,184
1927,113
1928,79
1929,153
1930,117
1931,148
1932,247
1933,166
1934,28
1935,254
1936,204
1937,165
1938,197
1939,118
1940,111
1941,235
1942,246
1943,184
1944,113
1945,140
1946,221
1947,224
1948,232
1949,226
1950,190
1951,189
1952,225
1953,182
1954,138
1955,80
1956,213
1957,192
1958,205
1959,206
1960,216
1961,134
1962,73
1963,151
1964,79
1965,217
1966,242
1967,195
1968,197
1969,249
1970,110
1971,172
1972,231
1973,118
1974,193
1975,211
1976,136
1977,144
1978,199
1979,147
1980,182
1981,234
1982,239
1983,208
1984,195
1985,206
1986,208
1987,253
1988,231
1989,248
1990,120
1991,108
1992,239
1993,219
1994,138
1995,236
1996,14
1997,148
1998,227
1999,199
2000,157
2001,41
2002,95
2003,86
2004,197
2005,171
2006,200
2007,244
2008,57
2009,13
2010,247
2011,89
2012,231
2013,214
2014,146
2015,128
2016,190
2017,249
2018,184
2019,227
2020,245
2021,117
2022,207
2023,247
2024,187
2025,97
2026,214
2027,191
2028,141
2029,46
2030,223
2031,203
2032,0
2033,229
2034,117
2035,189
2036,225
2037,148
2038,244
2039,186
2040,196
2041,130
2042,156
2043,237
2044,149
2045,66
2046,234
2047,81
2048,1
2049,171
2050,200
2051,55
2052,68
2053,155
2054,226
2055,231
2056,0
2057,108
2058,186
2059,218
2060,185
2061,146
2062,137
2063,146
2064,199
2065,176
2066,222
2067,145
2068,134
2069,92
2070,202
2071,242
2072,117
2073,211
2074,216
2075,224
2076,226
2077,196
2078,186
2079,137
2080,214
2081,155
2082,115
2083,197
2084,216
2085,144
2086,171
2087,194
2088,236
2089,232
2090,191
2091,59
2092,239
2093,113
2094,170
2095,238
2096,160
2097,176
2098,163
2099,150
2100,42
2101,188
2102,161
2103,162
2104,210
2105,194
2106,190
2107,152
2108,186
2109,159
2110,228
2111,41
2112,170
2113,0
2114,49
2115,201
2116,16
2117,142
2118,190
2119,222
2120,188
2121,217
2122,163
2123,158
2124,245
2125,53
2126,166
2127,236
2128,219
2129,40
2130,156
2131,237
2132,28
2133,211
2134,145
2135,0
2136,208
2137,68
2138,176
2139,45
2140,104
2141,119
2142,175
2143,216
2144,133
2145,189
2146,91
2147,241
2148,125
2149,112
2150,145
2151,199
2152,110
2153,162
2154,218
2155,189
2156,174
2157,182
2158,220
2159,198
2160,98
2161,143
2162,167
2163,147
2164,174
2165,233
2166,158
2167,37
2168,0
2169,237
2170,233
2171,86
2172,218
2173,178
2174,215
2175,216
2176,176
2177,221
2178,131
2179,239
2180,127
2181,239
2182,0
2183,168
2184,139
2185,205
2186,138
2187,228
2188,230
2189,141
2190,209
2191,26
2192,207
2193,106
2194,201
2195,59
2196,188
2197,120
2198,228
2199,153
2200,194
2201,59
2202,217
2203,169
2204,90
2205,237
2206,136
2207,146
2208,161
2209,70
2210,84
2211,177
2212,133
2213,84
2214,165
2215,222
2216,213
2217,163
2218,49
2219,114
2220,184
2221,139
2222,209
2223,220
2224,143
2225,183
2226,220
2227,105
2228,148
2229,207
2230,248
2231,72
2232,123
2233,227
2234,228
2235,169
2236,125
2237,160
2238,155
2239,208
2240,153
2241,245
2242,179
2243,202
2244,245
2245,203
2246,177
2247,167
2248,0
2249,109
2250,158
2251,190
2252,218
2253,154
2254,154
2255,149
2256,174
2257,62
2258,189
2259,147
2260,191
2261,176
2262,196
2263,195
2264,234
2265,197
2266,143
2267,217
2268,227
2269,95
2270,0
2271,235
2272,165
2273,212
2274,165
2275,221
2276,134
2277,102
2278,0
2279,105
2280,161
2281,163
2282,151
2283,148
2284,65
2285,248
2286,129
2287,193
2288,242
2289,193
2290,146
2291,216
2292,44
2293,173
2294,120
2295,241
2296,144
2297,187
2298,228
2299,130
2300,196
2301,151
2302,191
2303,242
2304,169
2305,125
2306,0
2307,23
2308,220
2309,193
2310,216
2311,125
2312,212
2313,227
2314,102
2315,113
2316,65
2317,105
2318,248
2319,130
2320,238
2321,203
2322,132
2323,199
2324,192
2325,217
2326,113
2327,237
2328,143
2329,243
2330,140
2331,183
2332,200
2333,203
2334,166
2335,222
2336,133
2337,116
2338,200
2339,159
2340,205
2341,198
2342,133
2343,136
2344,214
2345,217
2346,141
2347,210
2348,210
2349,220
2350,177
2351,66
2352,196
2353,170
2354,179
2355,170
2356,188
2357,142
2358,201
2359,185
2360,165
2361,110
2362,210
2363,102
2364,242
2365,145
2366,243
2367,58
2368,200
2369,219
2370,198
2371,94
2372,238
2373,194
2374,31
2375,138
2376,212
2377,82
2378,74
2379,239
2380,150
2381,189
2382,157
2383,218
2384,10
2385,149
2386,205
2387,215
2388,127
2389,101
2390,207
2391,201
2392,178
2393,113
2394,94
2395,138
2396,216
2397,139
2398,200
2399,205
