0,173
1,181
2,190
3,211
4,194
5,64
6,209
7,241
8,229
9,164
10,143
11,237
12,199
13,181
14,234
15,191
16,186
17,217
18,231
19,239
20,237
21,126
22,169
23,202
24,243
25,230
26,73
27,84
28,222
29,171
30,70
31,180
32,177
33,237
34,234
35,232
36,237
37,222
38,206
39,240
40,204
41,250
42,199
43,124
44,226
45,217
46,186
47,237
48,155
49,182
50,201
51,214
52,107
53,213
54,219
55,185
56,184
57,195
58,204
59,253
60,234
61,155
62,189
63,229
64,210
65,219
66,249
67,239
68,179
69,170
70,203
71,209
72,188
73,230
74,244
75,168
76,227
77,0
78,210
79,190
80,241
81,240
82,127
83,159
84,219
85,208
86,171
87,207
88,167
89,222
90,211
91,248
92,180
93,158
94,92
95,218
96,235
97,164
98,247
99,193
100,256
101,250
102,176
103,98
104,244
105,214
106,213
107,213
108,151
109,22
110,187
111,168
112,216
113,232
114,246
115,228
116,230
117,208
118,230
119,236
120,165
121,206
122,123
123,58
124,199
125,209
126,233
127,99
128,202
129,172
130,169
131,210
132,230
133,241
134,140
135,191
136,150
137,158
138,121
139,162
140,254
141,233
142,227
143,121
144,185
145,193
146,184
147,179
148,207
149,200
150,142
151,214
152,233
153,190
154,153
155,236
156,248
157,161
158,78
159,108
160,231
161,188
162,221
163,180
164,240
165,67
166,118
167,184
168,162
169,253
170,220
171,164
172,201
173,120
174,234
175,191
176,214
177,214
178,226
179,0
180,162
181,82
182,170
183,229
184,210
185,206
186,225
187,160
188,156
189,225
190,250
191,224
192,123
193,253
194,193
195,240
196,169
197,186
198,152
199,195
200,186
201,212
202,195
203,204
204,253
205,174
206,176
207,220
208,219
209,163
210,153
211,203
212,244
213,237
214,109
215,195
216,217
217,188
218,237
219,181
220,168
221,221
222,210
223,97
224,228
225,253
226,245
227,196
228,222
229,233
230,162
231,181
232,238
233,220
234,189
235,203
236,158
237,216
238,157
239,228
240,222
241,186
242,244
243,181
244,239
245,196
246,224
247,251
248,200
249,215
250,165
251,155
252,206
253,190
254,226
255,248
256,254
257,226
258,194
259,198
260,146
261,204
262,233
263,38
264,225
265,224
266,183
267,155
268,235
269,175
270,184
271,205
272,197
273,252
274,209
275,201
276,204
277,119
278,245
279,173
280,135
281,208
282,230
283,204
284,138
285,222
286,187
287,222
288,220
289,209
290,189
291,217
292,178
293,116
294,194
295,173
296,138
297,109
298,148
299,216
300,178
301,200
302,241
303,160
304,228
305,226
306,164
307,217
308,218
309,249
310,216
311,170
312,180
313,247
314,253
315,183
316,111
317,160
318,229
319,187
320,220
321,83
322,175
323,216
324,207
325,228
326,126
327,248
328,209
329,69
330,231
331,252
332,132
333,224
334,220
335,231
336,188
337,219
338,225
339,123
340,152
341,251
342,238
343,212
344,163
345,181
346,166
347,130
348,43
349,91
350,151
351,176
352,112
353,150
354,199
355,214
356,204
357,217
358,219
359,165
360,215
361,204
362,201
363,154
364,234
365,200
366,201
367,241
368,240
369,105
370,181
371,206
372,141
373,173
374,247
375,153
376,207
377,237
378,129
379,217
380,184
381,132
382,146
383,220
384,191
385,252
386,206
387,81
388,180
389,227
390,241
391,187
392,236
393,132
394,184
395,0
396,216
397,215
398,159
399,239
400,84
401,178
402,214
403,186
404,177
405,211
406,226
407,69
408,201
409,227
410,203
411,161
412,231
413,250
414,208
415,139
416,161
417,104
418,217
419,106
420,232
421,203
422,222
423,244
424,201
425,241
426,229
427,128
428,168
429,192
430,227
431,228
432,211
433,245
434,197
435,170
436,148
437,220
438,199
439,233
440,210
441,129
442,218
443,183
444,184
445,194
446,44
447,207
448,137
449,228
450,79
451,199
452,205
453,194
454,232
455,220
456,204
457,245
458,216
459,250
460,234
461,244
462,248
463,184
464,219
465,133
466,166
467,174
468,142
469,154
470,107
471,188
472,199
473,161
474,186
475,230
476,218
477,178
478,227
479,164
480,151
481,239
482,246
483,248
484,132
485,159
486,234
487,48
488,173
489,233
490,192
491,161
492,206
493,87
494,189
495,153
496,235
497,237
498,244
499,240
500,189
501,194
502,247
503,248
504,165
505,243
506,143
507,204
508,147
509,75
510,224
511,228
512,221
513,250
514,165
515,233
516,180
517,183
518,124
519,227
520,12
521,222
522,183
523,86
524,198
525,212
526,223
527,221
528,194
529,202
530,191
531,216
532,122
533,191
534,247
535,90
536,229
537,236
538,127
539,131
540,183
541,245
542,217
543,187
544,230
545,151
546,174
547,126
548,138
549,256
550,170
551,141
552,226
553,168
554,95
555,202
556,0
557,235
558,169
559,201
560,164
561,223
562,196
563,111
564,216
565,184
566,250
567,254
568,215
569,246
570,211
571,97
572,225
573,236
574,197
575,200
576,235
577,129
578,233
579,255
580,193
581,118
582,196
583,252
584,244
585,108
586,199
587,215
588,176
589,120
590,237
591,239
592,249
593,118
594,175
595,233
596,243
597,248
598,167
599,240
600,142
601,208
602,129
603,214
604,180
605,142
606,196
607,190
608,220
609,120
610,226
611,251
612,188
613,246
614,53
615,253
616,166
617,170
618,137
619,156
620,203
621,222
622,136
623,234
624,172
625,196
626,214
627,205
628,199
629,198
630,210
631,201
632,233
633,235
634,219
635,202
636,169
637,100
638,119
639,225
640,67
641,170
642,176
643,134
644,240
645,227
646,241
647,212
648,190
649,199
650,189
651,251
652,136
653,152
654,0
655,215
656,146
657,245
658,242
659,153
660,227
661,218
662,184
663,202
664,232
665,153
666,232
667,82
668,214
669,92
670,197
671,227
672,23
673,240
674,196
675,214
676,163
677,151
678,199
679,224
680,245
681,156
682,246
683,165
684,206
685,228
686,163
687,202
688,204
689,99
690,224
691,234
692,207
693,196
694,168
695,227
696,104
697,236
698,6
699,168
700,224
701,235
702,165
703,254
704,182
705,234
706,116
707,247
708,36
709,178
710,245
711,250
712,252
713,220
714,151
715,179
716,164
717,220
718,133
719,130
720,144
721,228
722,88
723,223
724,230
725,180
726,133
727,253
728,44
729,211
730,199
731,39
732,233
733,113
734,239
735,141
736,179
737,188
738,217
739,214
740,230
741,225
742,109
743,85
744,197
745,162
746,106
747,254
748,199
749,242
750,206
751,18
752,205
753,123
754,248
755,109
756,229
757,210
758,194
759,239
760,193
761,120
762,200
763,224
764,189
765,242
766,167
767,210
768,151
769,225
770,183
771,223
772,147
773,234
774,210
775,138
776,192
777,227
778,197
779,78
780,219
781,185
782,94
783,242
784,215
785,251
786,240
787,148
788,118
789,228
790,252
791,98
792,188
793,239
794,197
795,222
796,142
797,176
798,239
799,256
800,149
801,236
802,221
803,154
804,176
805,235
806,247
807,205
808,250
809,229
810,231
811,70
812,188
813,234
814,192
815,209
816,214
817,155
818,62
819,210
820,251
821,224
822,0
823,224
824,229
825,214
826,195
827,232
828,198
829,237
830,185
831,196
832,221
833,108
834,163
835,109
836,170
837,125
838,157
839,167
840,234
841,233
842,240
843,228
844,211
845,237
846,108
847,199
848,233
849,173
850,214
851,185
852,177
853,249
854,172
855,159
856,79
857,247
858,181
859,142
860,238
861,202
862,183
863,223
864,166
865,149
866,218
867,240
868,185
869,231
870,186
871,230
872,219
873,212
874,242
875,240
876,208
877,219
878,199
879,177
880,228
881,159
882,31
883,233
884,169
885,218
886,134
887,221
888,189
889,119
890,250
891,220
892,200
893,203
894,167
895,252
896,241
897,233
898,154
899,178
900,152
901,204
902,210
903,167
904,105
905,194
906,126
907,68
908,204
909,238
910,210
911,203
912,91
913,189
914,244
915,219
916,130
917,180
918,170
919,208
920,220
921,169
922,197
923,242
924,250
925,162
926,230
927,134
928,243
929,232
930,232
931,234
932,188
933,240
934,173
935,233
936,229
937,150
938,76
939,249
940,236
941,206
942,122
943,179
944,205
945,242
946,219
947,170
948,186
949,256
950,177
951,242
952,181
953,230
954,241
955,150
956,240
957,246
958,212
959,201
960,223
961,249
962,251
963,174
964,188
965,202
966,250
967,254
968,229
969,169
970,220
971,137
972,190
973,137
974,188
975,159
976,228
977,167
978,227
979,236
980,163
981,255
982,177
983,229
984,241
985,74
986,0
987,237
988,157
989,172
990,142
991,154
992,120
993,243
994,194
995,182
996,209
997,220
998,191
999,251
1000,241
1001,200
1002,251
1003,52
1004,189
1005,186
1006,194
1007,196
1008,141
1009,127
1010,105
1011,183
1012,248
1013,217
1014,233
1015,193
1016,222
1017,231
1018,186
1019,231
1020,215
1021,131
1022,239
1023,190
1024,123
1025,254
1026,106
1027,226
1028,248
1029,184
1030,174
1031,129
1032,116
1033,246
1034,183
1035,248
1036,88
1037,59
1038,188
1039,156
1040,197
1041,175
1042,163
1043,214
1044,144
1045,222
1046,189
1047,187
1048,160
1049,126
1050,226
1051,256
1052,217
1053,155
1054,158
1055,143
1056,190
1057,251
1058,109
1059,202
1060,221
1061,131
1062,213
1063,225
1064,211
1065,233
1066,76
1067,215
1068,221
1069,249
1070,252
1071,186
1072,157
1073,208
1074,117
1075,254
1076,227
1077,252
1078,215
1079,246
1080,170
1081,214
1082,164
1083,185
1084,226
1085,174
1086,160
1087,165
1088,123
1089,195
1090,119
1091,198
1092,46
1093,118
1094,100
1095,205
1096,111
1097,132
1098,159
1099,202
1100,216
1101,241
1102,139
1103,168
1104,241
1105,167
1106,177
1107,250
1108,240
1109,228
1110,253
1111,234
1112,250
1113,240
1114,155
1115,212
1116,200
1117,169
1118,197
1119,199
1120,229
1121,161
1122,163
1123,129
1124,136
1125,240
1126,65
1127,189
1128,102
1129,209
1130,246
1131,256
1132,229
1133,235
1134,88
1135,210
1136,172
1137,178
1138,218
1139,147
1140,230
1141,236
1142,235
1143,139
1144,100
1145,178
1146,185
1147,191
1148,175
1149,170
1150,42
1151,246
1152,103
1153,216
1154,244
1155,165
1156,253
1157,237
1158,218
1159,244
1160,192
1161,226
1162,180
1163,226
1164,121
1165,167
1166,241
1167,192
1168,164
1169,164
1170,241
1171,182
1172,177
1173,202
1174,199
1175,236
1176,134
1177,229
1178,186
1179,245
1180,102
1181,142
1182,152
1183,219
1184,171
1185,244
1186,256
1187,96
1188,99
1189,226
1190,234
1191,235
1192,203
1193,250
1194,247
1195,228
1196,189
1197,175
1198,175
1199,17
1200,92
1201,255
1202,225
1203,230
1204,106
1205,231
1206,234
1207,220
1208,146
1209,239
1210,206
1211,194
1212,215
1213,83
1214,248
1215,0
1216,228
1217,0
1218,194
1219,244
1220,246
1221,168
1222,142
1223,208
1224,147
1225,105
1226,191
1227,174
1228,75
1229,141
1230,167
1231,178
1232,170
1233,240
1234,108
1235,104
1236,166
1237,162
1238,209
1239,233
1240,192
1241,231
1242,191
1243,216
1244,176
1245,59
1246,254
1247,243
1248,192
1249,210
1250,183
1251,196
1252,172
1253,245
1254,208
1255,195
1256,220
1257,153
1258,222
1259,245
1260,238
1261,241
1262,137
1263,252
1264,203
1265,186
1266,179
1267,223
1268,192
1269,239
1270,188
1271,216
1272,214
1273,224
1274,109
1275,190
1276,122
1277,220
1278,221
1279,191
1280,163
1281,190
1282,122
1283,191
1284,243
1285,36
1286,184
1287,67
1288,167
1289,199
1290,142
1291,94
1292,188
1293,126
1294,220
1295,194
1296,238
1297,237
1298,189
1299,250
1300,82
1301,236
1302,216
1303,193
1304,224
1305,135
1306,128
1307,201
1308,137
1309,173
1310,201
1311,204
1312,195
1313,165
1314,218
1315,256
1316,214
1317,179
1318,165
1319,154
1320,192
1321,105
1322,212
1323,245
1324,72
1325,148
1326,187
1327,250
1328,201
1329,222
1330,200
1331,193
1332,255
1333,217
1334,238
1335,180
1336,173
1337,109
1338,203
1339,197
1340,250
1341,254
1342,212
1343,217
1344,236
1345,217
1346,192
1347,255
1348,182
1349,190
1350,227
1351,241
1352,158
1353,223
1354,235
1355,90
1356,170
1357,134
1358,180
1359,110
1360,236
1361,237
1362,222
1363,179
1364,160
1365,176
1366,70
1367,233
1368,157
1369,234
1370,239
1371,171
1372,252
1373,202
1374,203
1375,207
1376,213
1377,206
1378,19
1379,177
1380,212
1381,199
1382,189
1383,236
1384,69
1385,168
1386,135
1387,208
1388,81
1389,247
1390,217
1391,205
1392,130
1393,233
1394,219
1395,230
1396,197
1397,242
1398,136
1399,205
1400,171
1401,223
1402,194
1403,162
1404,151
1405,182
1406,255
1407,0
1408,145
1409,136
1410,206
1411,227
1412,231
1413,236
1414,198
1415,222
1416,103
1417,232
1418,164
1419,27
1420,225
1421,217
1422,196
1423,256
1424,170
1425,180
1426,242
1427,133
1428,163
1429,196
1430,230
1431,139
1432,162
1433,233
1434,178
1435,152
1436,243
1437,229
1438,124
1439,228
1440,214
1441,245
1442,139
1443,250
1444,162
1445,250
1446,225
1447,224
1448,223
1449,193
1450,197
1451,144
1452,239
1453,152
1454,221
1455,214
1456,241
1457,182
1458,206
1459,203
1460,81
1461,189
1462,239
1463,205
1464,55
1465,224
1466,249
1467,228
1468,166
1469,193
1470,142
1471,241
1472,217
1473,217
1474,0
1475,195
1476,154
1477,212
1478,209
1479,197
1480,200
1481,0
1482,228
1483,136
1484,209
1485,205
1486,202
1487,250
1488,178
1489,215
1490,167
1491,248
1492,203
1493,252
1494,178
1495,233
1496,223
1497,201
1498,148
1499,200
1500,96
1501,206
1502,134
1503,184
1504,152
1505,122
1506,105
1507,221
1508,243
1509,176
1510,82
1511,242
1512,97
1513,176
1514,225
1515,160
1516,213
1517,203
1518,235
1519,203
1520,190
1521,220
1522,244
1523,249
1524,131
1525,223
1526,230
1527,190
1528,169
1529,202
1530,181
1531,226
1532,100
1533,0
1534,165
1535,211
1536,216
1537,150
1538,168
1539,237
1540,181
1541,247
1542,249
1543,221
1544,193
1545,108
1546,236
1547,160
1548,129
1549,163
1550,159
1551,137
1552,228
1553,215
1554,74
1555,236
1556,50
1557,196
1558,208
1559,180
1560,190
1561,179
1562,255
1563,214
1564,242
1565,138
1566,236
1567,235
1568,220
1569,163
1570,241
1571,242
1572,191
1573,217
1574,194
1575,210
1576,174
1577,243
1578,177
1579,244
1580,232
1581,236
1582,174
1583,203
1584,123
1585,153
1586,239
1587,230
1588,228
1589,184
1590,243
1591,195
1592,182
1593,171
1594,196
1595,237
1596,219
1597,160
1598,204
1599,175
1600,204
1601,155
1602,204
1603,199
1604,187
1605,239
1606,77
1607,229
1608,140
1609,197
1610,130
1611,231
1612,254
1613,200
1614,223
1615,192
1616,160
1617,145
1618,194
1619,202
1620,230
1621,103
1622,207
1623,197
1624,158
1625,188
1626,157
1627,205
1628,233
1629,133
1630,233
1631,241
1632,192
1633,216
1634,90
1635,209
1636,182
1637,182
1638,61
1639,184
1640,177
1641,207
1642,237
1643,71
1644,166
1645,251
1646,120
1647,223
1648,228
1649,204
1650,240
1651,208
1652,154
1653,159
1654,50
1655,241
1656,168
1657,228
1658,88
1659,167
1660,180
1661,249
1662,161
1663,158
1664,181
1665,243
1666,118
1667,172
1668,208
1669,136
1670,225
1671,138
1672,226
1673,93
1674,216
1675,202
1676,217
1677,218
1678,223
1679,50
1680,145
1681,227
1682,224
1683,170
1684,189
1685,195
1686,234
1687,228
1688,247
1689,209
1690,232
1691,123
1692,164
1693,158
1694,172
1695,89
1696,219
1697,128
1698,224
1699,209
1700,227
1701,250
1702,251
1703,240
1704,256
1705,207
1706,240
1707,256
1708,231
1709,239
1710,193
1711,220
1712,184
1713,166
1714,114
1715,178
1716,128
1717,186
1718,226
1719,190
1720,219
1721,179
1722,211
1723,68
1724,256
1725,226
1726,174
1727,223
1728,231
1729,226
1730,161
1731,211
1732,219
1733,76
1734,152
1735,83
1736,212
1737,250
1738,152
1739,246
1740,199
1741,99
1742,254
1743,191
1744,193
1745,140
1746,172
1747,216
1748,216
1749,164
1750,226
1751,169
1752,163
1753,217
1754,247
1755,203
1756,219
1757,182
1758,245
1759,217
1760,51
1761,26
1762,248
1763,200
1764,192
1765,71
1766,252
1767,193
1768,148
1769,226
1770,0
1771,209
1772,65
1773,169
1774,90
1775,185
1776,138
1777,237
1778,113
1779,165
1780,255
1781,138
1782,209
1783,211
1784,90
1785,178
1786,181
1787,238
1788,185
1789,248
1790,155
1791,74
1792,87
1793,194
1794,22
1795,63
1796,210
1797,76
1798,181
1799,211
1800,188
1801,205
1802,169
1803,133
1804,135
1805,175
1806,81
1807,154
1808,211
1809,113
1810,170
1811,229
1812,211
1813,209
1814,185
1815,194
1816,145
1817,94
1818,80
1819,240
1820,219
1821,167
1822,203
1823,243
1824,214
1825,216
1826,230
1827,182
1828,183
1829,92
1830,108
1831,184
1832,194
1833,248
1834,116
1835,184
1836,221
1837,163
1838,217
1839,126
1840,230
1841,162
1842,245
1843,178
1844,252
1845,40
1846,121
1847,213
1848,94
1849,181
1850,235
1851,92
1852,209
1853,204
1854,150
1855,197
1856,173
1857,214
1858,237
1859,181
1860,166
1861,179
1862,148
1863,177
1864,198
1865,211
1866,190
1867,253
1868,194
1869,227
1870,198
1871,182
1872,88
1873,201
1874,194
1875,234
1876,126
1877,188
1878,238
1879,174
1880,160
1881,88
1882,208
1883,160
1884,247
1885,127
1886,92
1887,249
1888,143
1889,161
1890,231
1891,134
1892,117
1893,220
1894,251
1895,211
1896,192
1897,228
1898,204
1899,148
1900,199
1901,245
1902,212
1903,174
1904,196
1905,198
1906,216
1907,215
1908,195
1909,120
1910,202
1911,218
1912,192
1913,79
1914,152
1915,167
1916,218
1917,203
1918,115
1919,161
1920,234
1921,224
1922,218
1923,206
1924,102
1925,192
1926,205
1927,175
1928,178
1929,189
1930,150
1931,255
1932,234
1933,228
1934,214
1935,242
1936,188
1937,199
1938,83
1939,97
1940,152
1941,226
1942,210
1943,186
1944,247
1945,196
1946,129
1947,192
1948,244
1949,100
1950,173
1951,147
1952,190
1953,54
1954,237
1955,91
1956,193
1957,236
1958,176
1959,150
1960,139
1961,105
1962,189
1963,108
1964,22
1965,168
1966,213
1967,189
1968,243
1969,255
1970,242
1971,254
1972,202
1973,140
1974,229
1975,81
1976,182
1977,230
1978,180
1979,244
1980,193
1981,232
1982,228
1983,233
1984,218
1985,100
1986,230
1987,203
1988,245
1989,214
1990,238
1991,188
1992,240
1993,137
1994,84
1995,206
1996,92
1997,195
1998,204
1999,208
2000,207
2001,219
2002,202
2003,206
2004,166
2005,186
2006,215
2007,226
2008,219
2009,225
2010,219
2011,234
2012,233
2013,233
2014,170
2015,175
2016,232
2017,214
2018,198
2019,226
2020,187
2021,232
2022,65
2023,220
2024,195
2025,240
2026,229
2027,134
2028,204
2029,135
2030,254
2031,225
2032,228
2033,233
2034,171
2035,226
2036,129
2037,137
2038,156
2039,202
2040,140
2041,220
2042,0
2043,189
2044,248
2045,135
2046,256
2047,243
2048,201
2049,167
2050,63
2051,149
2052,162
2053,216
2054,218
2055,228
2056,220
2057,223
2058,216
2059,216
2060,130
2061,227
2062,85
2063,0
2064,86
2065,232
2066,200
2067,108
2068,29
2069,102
2070,193
2071,208
2072,202
2073,228
2074,255
2075,246
2076,177
2077,128
2078,242
2079,149
2080,209
2081,235
2082,221
2083,204
2084,218
2085,89
2086,131
2087,183
2088,221
2089,233
2090,138
2091,255
2092,183
2093,238
2094,214
2095,196
2096,242
2097,187
2098,192
2099,139
2100,202
2101,239
2102,174
2103,156
2104,204
2105,93
2106,242
2107,216
2108,194
2109,239
2110,175
2111,212
2112,165
2113,176
2114,213
2115,233
2116,209
2117,238
2118,230
2119,245
2120,157
2121,37
2122,224
2123,151
2124,230
2125,230
2126,180
2127,147
2128,182
2129,168
2130,233
2131,182
2132,151
2133,182
2134,154
2135,190
2136,229
2137,113
2138,256
2139,211
2140,162
2141,231
2142,207
2143,233
2144,235
2145,230
2146,174
2147,195
2148,222
2149,218
2150,179
2151,254
2152,159
2153,209
2154,239
2155,244
2156,245
2157,215
2158,172
2159,205
2160,130
2161,177
2162,85
2163,223
2164,225
2165,160
2166,231
2167,162
2168,199
2169,252
2170,228
2171,198
2172,72
2173,184
2174,171
2175,193
2176,241
2177,251
2178,205
2179,213
2180,256
2181,194
2182,171
2183,142
2184,167
2185,206
2186,141
2187,0
2188,208
2189,211
2190,172
2191,213
2192,173
2193,59
2194,248
2195,127
2196,123
2197,224
2198,139
2199,148
2200,177
2201,200
2202,241
2203,24
2204,157
2205,160
2206,244
2207,176
2208,170
2209,152
2210,151
2211,243
2212,142
2213,134
2214,225
2215,256
2216,227
2217,236
2218,217
2219,168
2220,178
2221,241
2222,222
2223,174
2224,23
2225,211
2226,216
2227,116
2228,158
2229,170
2230,243
2231,225
2232,134
2233,176
2234,168
2235,242
2236,121
2237,249
2238,213
2239,163
2240,153
2241,184
2242,182
2243,207
2244,136
2245,182
2246,164
2247,220
2248,219
2249,138
2250,229
2251,255
2252,140
2253,214
2254,250
2255,220
2256,123
2257,225
2258,174
2259,121
2260,207
2261,209
2262,228
2263,139
2264,235
2265,38
2266,216
2267,230
2268,0
2269,156
2270,147
2271,57
2272,249
2273,189
2274,232
2275,47
2276,256
2277,239
2278,169
2279,152
2280,213
2281,143
2282,172
2283,95
2284,252
2285,242
2286,135
2287,218
2288,236
2289,222
2290,202
2291,206
2292,244
2293,98
2294,154
2295,165
2296,170
2297,173
2298,251
2299,230
2300,202
2301,201
2302,249
2303,241
2304,236
2305,230
2306,189
2307,149
2308,193
2309,217
2310,171
2311,147
2312,247
2313,231
2314,251
2315,256
2316,194
2317,18
2318,102
2319,219
2320,201
2321,197
2322,238
2323,248
2324,247
2325,217
2326,147
2327,222
2328,52
2329,199
2330,182
2331,164
2332,190
2333,198
2334,240
2335,192
2336,164
2337,220
2338,216
2339,134
2340,235
2341,187
2342,256
2343,208
2344,209
2345,217
2346,233
2347,212
2348,242
2349,192
2350,193
2351,240
2352,99
2353,137
2354,155
2355,236
2356,227
2357,208
2358,207
2359,71
2360,225
2361,69
2362,103
2363,227
2364,217
2365,191
2366,147
2367,246
2368,132
2369,137
2370,245
2371,216
2372,122
2373,245
2374,226
2375,217
2376,225
2377,14
2378,254
2379,248
2380,218
2381,190
2382,91
2383,232
2384,236
2385,219
2386,149
2387,201
2388,232
2389,139
2390,235
2391,115
2392,165
2393,208
2394,141
2395,128
2396,203
2397,248
2398,167
2399,221
