0,178
1,183
2,169
3,226
4,187
5,86
6,180
7,237
8,231
9,120
10,135
11,227
12,164
13,183
14,233
15,189
16,198
17,208
18,243
19,239
20,228
21,76
22,169
23,205
24,241
25,223
26,17
27,29
28,215
29,153
30,0
31,183
32,184
33,235
34,227
35,222
36,237
37,222
38,212
39,239
40,209
41,251
42,150
43,33
44,223
45,204
46,131
47,240
48,113
49,168
50,131
51,221
52,62
53,216
54,207
55,199
56,176
57,191
58,204
59,253
60,232
61,165
62,158
63,206
64,206
65,221
66,250
67,243
68,157
69,165
70,176
71,203
72,157
73,230
74,230
75,158
76,217
77,0
78,213
79,205
80,244
81,232
82,135
83,157
84,220
85,220
86,172
87,196
88,104
89,197
90,136
91,239
92,189
93,165
94,124
95,218
96,225
97,185
98,246
99,178
100,256
101,251
102,146
103,99
104,246
105,215
106,216
107,219
108,158
109,0
110,126
111,195
112,203
113,225
114,248
115,224
116,227
117,228
118,231
119,234
120,176
121,209
122,85
123,79
124,197
125,199
126,223
127,49
128,213
129,145
130,166
131,219
132,224
133,235
134,165
135,164
136,165
137,186
138,21
139,129
140,253
141,233
142,221
143,128
144,183
145,177
146,208
147,203
148,198
149,207
150,100
151,222
152,235
153,194
154,191
155,238
156,251
157,148
158,53
159,114
160,226
161,189
162,230
163,126
164,243
165,13
166,136
167,167
168,164
169,252
170,209
171,141
172,188
173,127
174,242
175,175
176,220
177,211
178,241
179,0
180,166
181,14
182,156
183,216
184,200
185,206
186,224
187,163
188,133
189,230
190,247
191,214
192,80
193,251
194,195
195,236
196,170
197,202
198,183
199,203
200,165
201,214
202,191
203,204
204,253
205,120
206,140
207,214
208,213
209,98
210,139
211,210
212,242
213,230
214,126
215,183
216,197
217,184
218,242
219,178
220,104
221,236
222,188
223,115
224,220
225,252
226,242
227,175
228,220
229,227
230,172
231,133
232,235
233,214
234,185
235,218
236,133
237,217
238,84
239,223
240,215
241,151
242,246
243,156
244,236
245,233
246,211
247,249
248,201
249,206
250,151
251,97
252,199
253,204
254,236
255,248
256,254
257,217
258,183
259,182
260,136
261,181
262,230
263,83
264,221
265,219
266,166
267,154
268,232
269,192
270,182
271,208
272,185
273,252
274,183
275,143
276,233
277,84
278,250
279,142
280,149
281,220
282,231
283,223
284,96
285,218
286,189
287,214
288,217
289,195
290,174
291,232
292,183
293,104
294,194
295,129
296,96
297,64
298,130
299,212
300,168
301,187
302,245
303,188
304,227
305,231
306,150
307,221
308,214
309,249
310,198
311,158
312,162
313,249
314,253
315,153
316,118
317,182
318,204
319,163
320,210
321,35
322,160
323,209
324,212
325,235
326,121
327,239
328,199
329,122
330,235
331,252
332,152
333,213
334,227
335,214
336,176
337,207
338,209
339,101
340,28
341,251
342,239
343,194
344,165
345,127
346,117
347,113
348,6
349,75
350,104
351,184
352,92
353,153
354,209
355,216
356,211
357,232
358,212
359,148
360,194
361,173
362,206
363,143
364,229
365,188
366,205
367,241
368,240
369,39
370,176
371,199
372,47
373,164
374,248
375,80
376,214
377,230
378,134
379,190
380,193
381,108
382,99
383,194
384,189
385,252
386,200
387,89
388,188
389,229
390,241
391,197
392,240
393,164
394,173
395,0
396,215
397,215
398,165
399,235
400,73
401,158
402,220
403,139
404,165
405,209
406,218
407,72
408,206
409,226
410,182
411,109
412,228
413,251
414,181
415,82
416,180
417,65
418,210
419,92
420,219
421,200
422,227
423,245
424,210
425,237
426,229
427,50
428,113
429,144
430,232
431,237
432,213
433,246
434,168
435,171
436,178
437,224
438,196
439,234
440,181
441,100
442,193
443,187
444,179
445,182
446,7
447,199
448,120
449,227
450,60
451,200
452,203
453,192
454,225
455,220
456,198
457,248
458,216
459,254
460,234
461,242
462,250
463,182
464,231
465,198
466,144
467,167
468,145
469,140
470,94
471,180
472,179
473,144
474,179
475,245
476,227
477,172
478,215
479,119
480,161
481,241
482,241
483,250
484,116
485,143
486,222
487,24
488,152
489,231
490,136
491,155
492,199
493,18
494,164
495,158
496,229
497,229
498,233
499,236
500,190
501,193
502,225
503,248
504,80
505,235
506,120
507,191
508,124
509,0
510,225
511,228
512,213
513,251
514,153
515,228
516,180
517,203
518,57
519,230
520,12
521,230
522,167
523,89
524,182
525,217
526,218
527,231
528,226
529,217
530,166
531,206
532,32
533,163
534,249
535,57
536,230
537,222
538,108
539,112
540,204
541,246
542,208
543,207
544,232
545,131
546,162
547,133
548,48
549,256
550,171
551,87
552,226
553,157
554,75
555,184
556,0
557,233
558,122
559,192
560,141
561,212
562,189
563,135
564,229
565,178
566,253
567,254
568,210
569,246
570,210
571,82
572,228
573,232
574,197
575,195
576,232
577,88
578,223
579,255
580,199
581,39
582,205
583,254
584,248
585,118
586,186
587,202
588,203
589,103
590,225
591,226
592,250
593,125
594,178
595,233
596,240
597,248
598,152
599,239
600,171
601,209
602,126
603,208
604,157
605,147
606,150
607,186
608,189
609,92
610,219
611,250
612,174
613,249
614,17
615,253
616,102
617,143
618,88
619,159
620,189
621,217
622,137
623,230
624,194
625,195
626,219
627,200
628,216
629,183
630,184
631,214
632,233
633,218
634,200
635,191
636,171
637,89
638,97
639,222
640,44
641,175
642,190
643,103
644,235
645,224
646,241
647,227
648,179
649,201
650,180
651,250
652,150
653,111
654,0
655,199
656,96
657,245
658,239
659,84
660,225
661,203
662,183
663,182
664,223
665,92
666,227
667,96
668,227
669,81
670,174
671,211
672,4
673,241
674,194
675,197
676,108
677,127
678,180
679,227
680,246
681,130
682,247
683,160
684,204
685,236
686,184
687,196
688,203
689,89
690,245
691,223
692,206
693,181
694,173
695,229
696,130
697,231
698,0
699,185
700,220
701,228
702,155
703,254
704,197
705,226
706,115
707,246
708,18
709,120
710,249
711,249
712,251
713,219
714,118
715,171
716,162
717,223
718,105
719,97
720,142
721,220
722,89
723,226
724,222
725,176
726,88
727,253
728,67
729,200
730,218
731,18
732,233
733,105
734,232
735,135
736,141
737,177
738,212
739,190
740,233
741,220
742,100
743,117
744,191
745,171
746,94
747,255
748,204
749,240
750,184
751,0
752,203
753,170
754,250
755,86
756,230
757,162
758,210
759,230
760,182
761,88
762,227
763,227
764,175
765,241
766,167
767,195
768,90
769,220
770,153
771,222
772,135
773,231
774,203
775,121
776,188
777,225
778,199
779,112
780,231
781,190
782,88
783,242
784,212
785,251
786,240
787,47
788,99
789,222
790,253
791,86
792,197
793,239
794,196
795,241
796,126
797,158
798,240
799,256
800,154
801,235
802,212
803,162
804,163
805,239
806,243
807,194
808,250
809,207
810,216
811,130
812,155
813,232
814,192
815,204
816,206
817,141
818,29
819,203
820,253
821,214
822,0
823,230
824,222
825,174
826,189
827,234
828,157
829,234
830,169
831,200
832,220
833,19
834,192
835,116
836,129
837,115
838,145
839,95
840,234
841,223
842,237
843,220
844,203
845,237
846,108
847,179
848,227
849,158
850,215
851,116
852,195
853,246
854,106
855,153
856,114
857,246
858,147
859,82
860,235
861,191
862,149
863,222
864,152
865,105
866,222
867,239
868,177
869,225
870,176
871,230
872,215
873,209
874,245
875,242
876,210
877,216
878,180
879,222
880,246
881,145
882,0
883,224
884,183
885,188
886,130
887,218
888,209
889,54
890,250
891,206
892,221
893,196
894,184
895,253
896,237
897,213
898,140
899,162
900,114
901,161
902,206
903,119
904,71
905,185
906,77
907,16
908,177
909,225
910,236
911,193
912,0
913,211
914,244
915,222
916,100
917,176
918,147
919,209
920,194
921,185
922,197
923,237
924,251
925,146
926,222
927,143
928,239
929,222
930,231
931,234
932,171
933,239
934,172
935,244
936,229
937,144
938,0
939,250
940,236
941,206
942,124
943,188
944,191
945,238
946,211
947,171
948,193
949,256
950,187
951,238
952,147
953,233
954,246
955,114
956,233
957,244
958,208
959,205
960,222
961,248
962,250
963,177
964,157
965,203
966,249
967,253
968,211
969,173
970,208
971,91
972,195
973,106
974,153
975,148
976,226
977,143
978,225
979,238
980,115
981,255
982,142
983,229
984,241
985,114
986,0
987,234
988,145
989,182
990,121
991,153
992,50
993,229
994,201
995,148
996,186
997,218
998,193
999,252
1000,242
1001,211
1002,246
1003,76
1004,183
1005,178
1006,201
1007,202
1008,144
1009,38
1010,120
1011,179
1012,247
1013,214
1014,228
1015,196
1016,209
1017,227
1018,188
1019,219
1020,209
1021,115
1022,234
1023,172
1024,94
1025,254
1026,168
1027,220
1028,244
1029,141
1030,182
1031,109
1032,82
1033,246
1034,173
1035,249
1036,86
1037,18
1038,171
1039,66
1040,187
1041,156
1042,152
1043,208
1044,147
1045,228
1046,199
1047,190
1048,171
1049,150
1050,224
1051,254
1052,224
1053,135
1054,140
1055,141
1056,181
1057,250
1058,59
1059,192
1060,217
1061,103
1062,204
1063,212
1064,195
1065,231
1066,51
1067,220
1068,212
1069,249
1070,252
1071,170
1072,138
1073,209
1074,67
1075,254
1076,221
1077,247
1078,215
1079,248
1080,161
1081,208
1082,126
1083,202
1084,227
1085,175
1086,157
1087,166
1088,87
1089,184
1090,91
1091,152
1092,70
1093,90
1094,77
1095,219
1096,85
1097,115
1098,157
1099,189
1100,217
1101,231
1102,115
1103,177
1104,241
1105,149
1106,172
1107,250
1108,232
1109,224
1110,253
1111,226
1112,245
1113,236
1114,107
1115,209
1116,192
1117,150
1118,192
1119,173
1120,226
1121,136
1122,167
1123,171
1124,115
1125,236
1126,43
1127,192
1128,126
1129,193
1130,241
1131,256
1132,224
1133,238
1134,50
1135,216
1136,167
1137,147
1138,179
1139,20
1140,242
1141,238
1142,236
1143,143
1144,73
1145,144
1146,176
1147,216
1148,181
1149,147
1150,75
1151,244
1152,119
1153,203
1154,241
1155,124
1156,253
1157,234
1158,230
1159,244
1160,189
1161,228
1162,173
1163,226
1164,107
1165,166
1166,237
1167,194
1168,149
1169,117
1170,238
1171,194
1172,176
1173,208
1174,185
1175,233
1176,129
1177,220
1178,164
1179,237
1180,85
1181,174
1182,157
1183,212
1184,161
1185,239
1186,256
1187,63
1188,142
1189,231
1190,236
1191,230
1192,182
1193,251
1194,244
1195,232
1196,71
1197,166
1198,129
1199,49
1200,77
1201,255
1202,215
1203,230
1204,59
1205,238
1206,211
1207,211
1208,125
1209,236
1210,194
1211,185
1212,209
1213,26
1214,249
1215,0
1216,225
1217,0
1218,180
1219,242
1220,245
1221,175
1222,93
1223,225
1224,137
1225,0
1226,188
1227,164
1228,83
1229,139
1230,158
1231,158
1232,95
1233,239
1234,97
1235,54
1236,112
1237,129
1238,209
1239,245
1240,170
1241,210
1242,193
1243,224
1244,186
1245,73
1246,255
1247,242
1248,187
1249,204
1250,166
1251,206
1252,180
1253,243
1254,215
1255,212
1256,220
1257,154
1258,208
1259,244
1260,234
1261,238
1262,0
1263,253
1264,207
1265,184
1266,181
1267,213
1268,175
1269,241
1270,117
1271,220
1272,219
1273,230
1274,109
1275,148
1276,89
1277,212
1278,217
1279,177
1280,156
1281,181
1282,135
1283,207
1284,244
1285,46
1286,173
1287,0
1288,113
1289,216
1290,98
1291,128
1292,126
1293,113
1294,225
1295,152
1296,233
1297,236
1298,148
1299,250
1300,67
1301,237
1302,196
1303,202
1304,184
1305,39
1306,88
1307,177
1308,133
1309,188
1310,206
1311,208
1312,207
1313,156
1314,217
1315,256
1316,219
1317,205
1318,184
1319,136
1320,183
1321,104
1322,208
1323,245
1324,29
1325,149
1326,157
1327,252
1328,191
1329,222
1330,214
1331,170
1332,255
1333,216
1334,242
1335,138
1336,188
1337,112
1338,170
1339,165
1340,244
1341,254
1342,194
1343,215
1344,233
1345,222
1346,203
1347,254
1348,144
1349,162
1350,231
1351,242
1352,148
1353,206
1354,234
1355,52
1356,161
1357,92
1358,193
1359,46
1360,231
1361,242
1362,215
1363,173
1364,150
1365,182
1366,68
1367,230
1368,139
1369,232
1370,246
1371,196
1372,252
1373,207
1374,200
1375,212
1376,203
1377,215
1378,32
1379,180
1380,192
1381,172
1382,174
1383,231
1384,44
1385,141
1386,107
1387,190
1388,49
1389,248
1390,202
1391,197
1392,133
1393,211
1394,208
1395,194
1396,173
1397,238
1398,144
1399,210
1400,65
1401,219
1402,185
1403,152
1404,170
1405,131
1406,255
1407,0
1408,70
1409,113
1410,188
1411,207
1412,229
1413,231
1414,143
1415,226
1416,44
1417,219
1418,132
1419,14
1420,225
1421,226
1422,203
1423,256
1424,170
1425,196
1426,241
1427,134
1428,163
1429,172
1430,230
1431,171
1432,136
1433,230
1434,209
1435,133
1436,240
1437,229
1438,162
1439,224
1440,212
1441,246
1442,140
1443,252
1444,186
1445,249
1446,220
1447,224
1448,225
1449,166
1450,193
1451,142
1452,237
1453,113
1454,224
1455,236
1456,239
1457,197
1458,205
1459,202
1460,78
1461,187
1462,234
1463,201
1464,62
1465,224
1466,248
1467,228
1468,132
1469,169
1470,80
1471,244
1472,228
1473,217
1474,0
1475,199
1476,115
1477,219
1478,147
1479,211
1480,201
1481,21
1482,230
1483,49
1484,193
1485,185
1486,167
1487,250
1488,169
1489,215
1490,188
1491,251
1492,155
1493,251
1494,142
1495,232
1496,210
1497,192
1498,142
1499,191
1500,62
1501,197
1502,146
1503,135
1504,125
1505,77
1506,75
1507,225
1508,243
1509,156
1510,68
1511,241
1512,70
1513,160
1514,217
1515,167
1516,162
1517,206
1518,232
1519,192
1520,145
1521,199
1522,242
1523,249
1524,126
1525,217
1526,231
1527,191
1528,146
1529,174
1530,161
1531,222
1532,65
1533,0
1534,153
1535,198
1536,227
1537,186
1538,155
1539,234
1540,199
1541,250
1542,250
1543,219
1544,195
1545,115
1546,236
1547,144
1548,110
1549,153
1550,91
1551,159
1552,212
1553,219
1554,89
1555,232
1556,66
1557,198
1558,216
1559,166
1560,176
1561,164
1562,254
1563,164
1564,242
1565,110
1566,240
1567,232
1568,219
1569,168
1570,243
1571,243
1572,196
1573,235
1574,207
1575,162
1576,189
1577,227
1578,185
1579,232
1580,234
1581,230
1582,159
1583,196
1584,124
1585,161
1586,240
1587,236
1588,224
1589,197
1590,235
1591,196
1592,142
1593,108
1594,154
1595,241
1596,223
1597,139
1598,184
1599,178
1600,179
1601,150
1602,194
1603,213
1604,165
1605,238
1606,75
1607,225
1608,112
1609,167
1610,106
1611,237
1612,254
1613,156
1614,206
1615,192
1616,143
1617,128
1618,182
1619,213
1620,220
1621,138
1622,201
1623,198
1624,116
1625,180
1626,132
1627,196
1628,219
1629,125
1630,228
1631,236
1632,199
1633,214
1634,150
1635,183
1636,174
1637,188
1638,123
1639,131
1640,168
1641,212
1642,241
1643,55
1644,127
1645,251
1646,84
1647,224
1648,227
1649,186
1650,242
1651,191
1652,104
1653,150
1654,94
1655,241
1656,69
1657,214
1658,78
1659,179
1660,147
1661,249
1662,173
1663,108
1664,189
1665,240
1666,43
1667,147
1668,168
1669,81
1670,214
1671,105
1672,215
1673,58
1674,217
1675,194
1676,218
1677,225
1678,182
1679,51
1680,129
1681,207
1682,220
1683,153
1684,170
1685,206
1686,236
1687,223
1688,245
1689,201
1690,225
1691,58
1692,146
1693,150
1694,191
1695,29
1696,221
1697,95
1698,217
1699,200
1700,218
1701,250
1702,248
1703,241
1704,256
1705,177
1706,237
1707,256
1708,227
1709,238
1710,209
1711,200
1712,173
1713,182
1714,118
1715,171
1716,52
1717,206
1718,212
1719,182
1720,216
1721,179
1722,224
1723,64
1724,256
1725,219
1726,199
1727,225
1728,202
1729,229
1730,165
1731,199
1732,220
1733,27
1734,150
1735,46
1736,204
1737,250
1738,155
1739,244
1740,211
1741,77
1742,253
1743,186
1744,157
1745,142
1746,169
1747,212
1748,198
1749,164
1750,213
1751,174
1752,144
1753,215
1754,248
1755,192
1756,211
1757,194
1758,233
1759,199
1760,101
1761,19
1762,250
1763,207
1764,186
1765,30
1766,250
1767,184
1768,153
1769,219
1770,0
1771,215
1772,0
1773,157
1774,76
1775,138
1776,79
1777,223
1778,110
1779,141
1780,255
1781,175
1782,207
1783,203
1784,146
1785,185
1786,183
1787,234
1788,182
1789,249
1790,168
1791,36
1792,28
1793,206
1794,0
1795,0
1796,223
1797,4
1798,168
1799,165
1800,194
1801,192
1802,176
1803,92
1804,121
1805,155
1806,0
1807,172
1808,191
1809,92
1810,155
1811,202
1812,213
1813,201
1814,170
1815,200
1816,126
1817,93
1818,114
1819,236
1820,210
1821,149
1822,159
1823,239
1824,214
1825,211
1826,228
1827,167
1828,179
1829,57
1830,72
1831,197
1832,193
1833,248
1834,64
1835,170
1836,211
1837,195
1838,219
1839,65
1840,220
1841,135
1842,243
1843,129
1844,251
1845,13
1846,128
1847,203
1848,67
1849,184
1850,234
1851,105
1852,207
1853,187
1854,137
1855,187
1856,155
1857,215
1858,241
1859,188
1860,152
1861,179
1862,146
1863,173
1864,190
1865,181
1866,183
1867,253
1868,194
1869,217
1870,197
1871,128
1872,0
1873,178
1874,226
1875,234
1876,85
1877,198
1878,238
1879,155
1880,158
1881,62
1882,219
1883,172
1884,246
1885,89
1886,128
1887,248
1888,156
1889,167
1890,212
1891,104
1892,106
1893,208
1894,253
1895,194
1896,192
1897,176
1898,170
1899,227
1900,180
1901,242
1902,211
1903,155
1904,215
1905,192
1906,214
1907,221
1908,192
1909,129
1910,203
1911,220
1912,183
1913,63
1914,107
1915,127
1916,223
1917,193
1918,104
1919,142
1920,231
1921,217
1922,213
1923,205
1924,29
1925,219
1926,223
1927,153
1928,155
1929,200
1930,127
1931,255
1932,235
1933,211
1934,175
1935,240
1936,194
1937,179
1938,0
1939,141
1940,157
1941,217
1942,208
1943,157
1944,247
1945,212
1946,91
1947,202
1948,245
1949,118
1950,118
1951,138
1952,150
1953,0
1954,245
1955,102
1956,185
1957,234
1958,176
1959,112
1960,143
1961,114
1962,90
1963,128
1964,0
1965,161
1966,210
1967,201
1968,243
1969,255
1970,239
1971,253
1972,172
1973,109
1974,223
1975,34
1976,205
1977,224
1978,163
1979,240
1980,184
1981,212
1982,228
1983,231
1984,223
1985,70
1986,240
1987,191
1988,238
1989,204
1990,244
1991,193
1992,238
1993,121
1994,42
1995,202
1996,35
1997,148
1998,160
1999,202
2000,183
2001,217
2002,201
2003,217
2004,171
2005,164
2006,195
2007,221
2008,219
2009,225
2010,214
2011,232
2012,236
2013,224
2014,156
2015,156
2016,214
2017,200
2018,198
2019,231
2020,186
2021,233
2022,53
2023,228
2024,188
2025,236
2026,222
2027,131
2028,208
2029,95
2030,254
2031,225
2032,222
2033,223
2034,177
2035,225
2036,104
2037,147
2038,158
2039,195
2040,123
2041,220
2042,0
2043,165
2044,245
2045,115
2046,256
2047,246
2048,184
2049,153
2050,0
2051,174
2052,163
2053,222
2054,209
2055,224
2056,211
2057,211
2058,217
2059,213
2060,58
2061,223
2062,18
2063,0
2064,81
2065,229
2066,230
2067,116
2068,28
2069,31
2070,196
2071,200
2072,188
2073,215
2074,253
2075,241
2076,141
2077,78
2078,242
2079,117
2080,189
2081,225
2082,225
2083,173
2084,217
2085,127
2086,91
2087,161
2088,208
2089,242
2090,86
2091,254
2092,141
2093,233
2094,214
2095,193
2096,238
2097,157
2098,189
2099,113
2100,187
2101,246
2102,150
2103,160
2104,187
2105,182
2106,237
2107,213
2108,165
2109,236
2110,188
2111,200
2112,136
2113,181
2114,217
2115,235
2116,199
2117,244
2118,222
2119,251
2120,173
2121,0
2122,209
2123,130
2124,227
2125,239
2126,155
2127,194
2128,128
2129,155
2130,229
2131,118
2132,150
2133,179
2134,139
2135,187
2136,220
2137,102
2138,256
2139,203
2140,193
2141,226
2142,203
2143,226
2144,224
2145,228
2146,177
2147,127
2148,204
2149,194
2150,193
2151,254
2152,137
2153,223
2154,238
2155,246
2156,244
2157,210
2158,148
2159,189
2160,66
2161,181
2162,0
2163,242
2164,236
2165,166
2166,232
2167,134
2168,178
2169,252
2170,228
2171,169
2172,108
2173,114
2174,164
2175,160
2176,242
2177,251
2178,203
2179,208
2180,256
2181,198
2182,176
2183,110
2184,154
2185,177
2186,139
2187,0
2188,210
2189,198
2190,162
2191,212
2192,145
2193,0
2194,243
2195,96
2196,117
2197,221
2198,104
2199,139
2200,114
2201,194
2202,239
2203,0
2204,187
2205,75
2206,243
2207,143
2208,148
2209,119
2210,143
2211,242
2212,93
2213,84
2214,218
2215,256
2216,221
2217,228
2218,210
2219,183
2220,181
2221,238
2222,208
2223,175
2224,19
2225,212
2226,221
2227,97
2228,149
2229,124
2230,241
2231,231
2232,131
2233,202
2234,148
2235,232
2236,51
2237,246
2238,220
2239,168
2240,182
2241,195
2242,183
2243,211
2244,116
2245,177
2246,160
2247,214
2248,230
2249,161
2250,233
2251,255
2252,129
2253,192
2254,251
2255,216
2256,99
2257,224
2258,183
2259,43
2260,195
2261,192
2262,230
2263,83
2264,245
2265,20
2266,234
2267,216
2268,0
2269,132
2270,154
2271,76
2272,249
2273,151
2274,227
2275,78
2276,256
2277,229
2278,184
2279,132
2280,225
2281,109
2282,180
2283,46
2284,252
2285,226
2286,86
2287,205
2288,238
2289,232
2290,222
2291,202
2292,243
2293,52
2294,186
2295,131
2296,170
2297,179
2298,251
2299,219
2300,200
2301,211
2302,250
2303,241
2304,245
2305,233
2306,177
2307,144
2308,204
2309,199
2310,168
2311,118
2312,243
2313,211
2314,251
2315,256
2316,151
2317,0
2318,117
2319,208
2320,181
2321,198
2322,241
2323,246
2324,244
2325,178
2326,144
2327,210
2328,116
2329,188
2330,199
2331,160
2332,209
2333,166
2334,220
2335,100
2336,138
2337,224
2338,220
2339,119
2340,240
2341,190
2342,256
2343,196
2344,195
2345,203
2346,229
2347,194
2348,236
2349,207
2350,164
2351,240
2352,57
2353,81
2354,134
2355,248
2356,212
2357,195
2358,198
2359,0
2360,219
2361,66
2362,20
2363,231
2364,225
2365,176
2366,150
2367,245
2368,113
2369,94
2370,244
2371,212
2372,91
2373,245
2374,229
2375,223
2376,222
2377,0
2378,251
2379,244
2380,205
2381,174
2382,56
2383,231
2384,239
2385,211
2386,174
2387,198
2388,219
2389,122
2390,229
2391,105
2392,94
2393,175
2394,129
2395,122
2396,126
2397,248
2398,151
2399,220
