0,17
1,244
2,227
3,182
4,207
5,152
6,175
7,21
8,194
9,133
10,117
11,180
12,234
13,234
14,243
15,139
16,146
17,223
18,177
19,80
20,106
21,159
22,142
23,195
24,7
25,118
26,186
27,157
28,82
29,224
30,219
31,158
32,166
33,152
34,108
35,27
36,238
37,175
38,230
39,244
40,129
41,224
42,168
43,46
44,155
45,235
46,218
47,195
48,142
49,84
50,164
51,125
52,241
53,244
54,210
55,155
56,195
57,158
58,148
59,132
60,50
61,169
62,128
63,203
64,211
65,82
66,212
67,144
68,129
69,142
70,116
71,189
72,205
73,210
74,139
75,130
76,117
77,111
78,179
79,206
80,216
81,148
82,198
83,191
84,192
85,78
86,202
87,248
88,216
89,206
90,123
91,137
92,87
93,237
94,175
95,171
96,83
97,139
98,202
99,221
100,166
101,238
102,184
103,227
104,75
105,127
106,198
107,177
108,163
109,74
110,216
111,176
112,224
113,0
114,208
115,156
116,82
117,136
118,230
119,206
120,206
121,0
122,203
123,230
124,207
125,147
126,175
127,193
128,161
129,97
130,172
131,201
132,208
133,67
134,202
135,128
136,52
137,218
138,188
139,197
140,125
141,206
142,121
143,183
144,209
145,186
146,182
147,206
148,83
149,216
150,131
151,205
152,151
153,169
154,161
155,228
156,242
157,78
158,217
159,190
160,256
161,165
162,93
163,142
164,227
165,231
166,98
167,223
168,181
169,219
170,203
171,173
172,155
173,238
174,106
175,134
176,189
177,54
178,138
179,196
180,131
181,156
182,19
183,42
184,173
185,150
186,134
187,219
188,36
189,167
190,81
191,239
192,177
193,149
194,135
195,212
196,142
197,224
198,243
199,169
200,130
201,219
202,225
203,192
204,169
205,174
206,175
207,174
208,207
209,229
210,161
211,209
212,210
213,215
214,211
215,203
216,209
217,43
218,188
219,205
220,210
221,172
222,245
223,147
224,198
225,215
226,161
227,245
228,216
229,214
230,70
231,198
232,107
233,147
234,132
235,88
236,175
237,105
238,161
239,231
240,143
241,140
242,239
243,213
244,133
245,224
246,197
247,41
248,219
249,166
250,162
251,164
252,171
253,118
254,195
255,165
256,219
257,154
258,189
259,239
260,222
261,110
262,187
263,200
264,125
265,181
266,110
267,177
268,185
269,216
270,237
271,76
272,103
273,159
274,82
275,217
276,159
277,170
278,163
279,135
280,90
281,232
282,107
283,152
284,186
285,12
286,108
287,116
288,193
289,175
290,203
291,231
292,229
293,204
294,163
295,237
296,151
297,188
298,196
299,212
300,206
301,161
302,224
303,166
304,206
305,229
306,236
307,134
308,214
309,177
310,232
311,71
312,178
313,116
314,152
315,143
316,177
317,225
318,163
319,88
320,153
321,115
322,212
323,225
324,227
325,180
326,209
327,238
328,233
329,159
330,163
331,184
332,246
333,209
334,227
335,172
336,160
337,208
338,175
339,215
340,243
341,112
342,36
343,150
344,86
345,140
346,169
347,159
348,247
349,119
350,249
351,198
352,124
353,61
354,191
355,208
356,189
357,157
358,205
359,146
360,124
361,152
362,188
363,151
364,139
365,209
366,98
367,205
368,232
369,175
370,232
371,213
372,238
373,119
374,63
375,143
376,173
377,157
378,143
379,188
380,126
381,158
382,37
383,142
384,230
385,131
386,111
387,232
388,100
389,242
390,160
391,187
392,228
393,54
394,149
395,241
396,227
397,222
398,240
399,104
400,172
401,85
402,242
403,245
404,185
405,103
406,77
407,130
408,194
409,235
410,241
411,227
412,213
413,98
414,108
415,200
416,239
417,249
418,156
419,182
420,133
421,80
422,148
423,100
424,213
425,230
426,92
427,227
428,192
429,175
430,239
431,224
432,62
433,214
434,174
435,86
436,173
437,205
438,204
439,181
440,139
441,225
442,137
443,145
444,182
445,69
446,189
447,192
448,222
449,212
450,206
451,141
452,247
453,135
454,225
455,145
456,217
457,223
458,211
459,210
460,239
461,106
462,171
463,233
464,244
465,124
466,88
467,188
468,192
469,246
470,160
471,233
472,168
473,117
474,187
475,149
476,231
477,171
478,101
479,245
480,189
481,127
482,190
483,212
484,48
485,232
486,104
487,231
488,249
489,106
490,218
491,239
492,124
493,210
494,111
495,251
496,223
497,235
498,157
499,175
500,210
501,240
502,232
503,240
504,101
505,201
506,187
507,190
508,200
509,201
510,124
511,218
512,212
513,128
514,156
515,246
516,227
517,143
518,227
519,232
520,224
521,161
522,120
523,239
524,177
525,240
526,188
527,172
528,212
529,213
530,234
531,225
532,149
533,217
534,225
535,169
536,235
537,130
538,239
539,210
540,256
541,163
542,131
543,192
544,233
545,196
546,135
547,235
548,214
549,173
550,124
551,179
552,143
553,174
554,247
555,173
556,168
557,218
558,149
559,236
560,220
561,248
562,105
563,226
564,144
565,198
566,73
567,226
568,214
569,176
570,207
571,232
572,197
573,187
574,240
575,135
576,221
577,245
578,189
579,242
580,217
581,245
582,216
583,155
584,194
585,154
586,183
587,209
588,176
589,224
590,217
591,160
592,190
593,138
594,138
595,143
596,207
597,237
598,156
599,135
600,149
601,244
602,100
603,88
604,141
605,232
606,151
607,150
608,197
609,110
610,123
611,185
612,208
613,88
614,230
615,124
616,16
617,152
618,235
619,190
620,88
621,184
622,234
623,173
624,120
625,201
626,175
627,211
628,229
629,136
630,221
631,224
632,107
633,162
634,206
635,216
636,236
637,178
638,171
639,97
640,212
641,178
642,239
643,190
644,203
645,156
646,241
647,186
648,212
649,80
650,120
651,216
652,207
653,225
654,179
655,208
656,154
657,212
658,198
659,226
660,140
661,208
662,176
663,172
664,191
665,193
666,234
667,219
668,116
669,220
670,93
671,151
672,200
673,180
674,242
675,208
676,206
677,152
678,160
679,88
680,221
681,138
682,149
683,212
684,223
685,214
686,149
687,225
688,207
689,182
690,103
691,218
692,25
693,248
694,238
695,173
696,127
697,185
698,137
699,137
700,133
701,237
702,236
703,246
704,125
705,217
706,45
707,171
708,145
709,243
710,176
711,231
712,113
713,230
714,173
715,104
716,178
717,249
718,207
719,80
720,210
721,193
722,163
723,98
724,197
725,141
726,192
727,21
728,119
729,219
730,213
731,83
732,179
733,186
734,239
735,186
736,224
737,153
738,185
739,78
740,178
741,215
742,88
743,244
744,229
745,108
746,210
747,75
748,162
749,210
750,75
751,200
752,211
753,194
754,212
755,221
756,203
757,219
758,245
759,103
760,150
761,252
762,246
763,218
764,228
765,221
766,239
767,163
768,222
769,191
770,235
771,85
772,216
773,182
774,142
775,245
776,193
777,238
778,204
779,245
780,169
781,217
782,112
783,197
784,115
785,203
786,56
787,157
788,95
789,224
790,180
791,116
792,123
793,214
794,237
795,107
796,108
797,242
798,90
799,112
800,232
801,174
802,189
803,242
804,244
805,127
806,101
807,205
808,214
809,185
810,215
811,210
812,166
813,131
814,210
815,204
816,131
817,176
818,231
819,199
820,171
821,173
822,225
823,211
824,196
825,184
826,226
827,141
828,245
829,212
830,206
831,215
832,133
833,218
834,180
835,167
836,189
837,158
838,249
839,231
840,54
841,114
842,167
843,214
844,157
845,130
846,156
847,241
848,195
849,222
850,202
851,0
852,142
853,166
854,180
855,123
856,209
857,245
858,111
859,227
860,219
861,145
862,205
863,173
864,162
865,227
866,227
867,241
868,245
869,243
870,169
871,220
872,222
873,182
874,165
875,219
876,167
877,200
878,182
879,159
880,74
881,184
882,204
883,171
884,189
885,133
886,225
887,244
888,171
889,242
890,197
891,74
892,118
893,203
894,159
895,177
896,172
897,44
898,195
899,211
900,180
901,142
902,209
903,153
904,230
905,140
906,207
907,140
908,171
909,155
910,122
911,217
912,103
913,212
914,148
915,240
916,198
917,174
918,188
919,42
920,176
921,140
922,125
923,183
924,214
925,174
926,150
927,201
928,142
929,210
930,126
931,91
932,164
933,210
934,183
935,153
936,197
937,227
938,204
939,77
940,167
941,219
942,162
943,157
944,210
945,171
946,173
947,148
948,202
949,124
950,148
951,150
952,216
953,237
954,182
955,244
956,196
957,206
958,157
959,48
960,194
961,236
962,43
963,220
964,197
965,59
966,126
967,201
968,102
969,220
970,230
971,168
972,167
973,90
974,171
975,116
976,194
977,116
978,222
979,242
980,212
981,173
982,128
983,138
984,160
985,240
986,198
987,229
988,237
989,130
990,242
991,159
992,171
993,224
994,221
995,209
996,162
997,241
998,91
999,224
1000,222
1001,148
1002,184
1003,245
1004,221
1005,237
1006,171
1007,195
1008,190
1009,191
1010,230
1011,194
1012,174
1013,187
1014,211
1015,232
1016,170
1017,196
1018,218
1019,246
1020,223
1021,247
1022,122
1023,161
1024,127
1025,225
1026,204
1027,82
1028,200
1029,182
1030,239
1031,178
1032,182
1033,155
1034,212
1035,202
1036,225
1037,173
1038,227
1039,163
1040,190
1041,122
1042,199
1043,164
1044,136
1045,226
1046,189
1047,174
1048,233
1049,116
1050,195
1051,199
1052,215
1053,188
1054,165
1055,173
1056,241
1057,212
1058,154
1059,214
1060,229
1061,162
1062,198
1063,176
1064,229
1065,210
1066,178
1067,234
1068,244
1069,209
1070,230
1071,203
1072,172
1073,226
1074,241
1075,178
1076,217
1077,198
1078,152
1079,168
1080,224
1081,146
1082,183
1083,145
1084,214
1085,223
1086,221
1087,127
1088,194
1089,144
1090,224
1091,192
1092,219
1093,160
1094,209
1095,232
1096,145
1097,228
1098,210
1099,216
1100,206
1101,226
1102,237
1103,225
1104,167
1105,212
1106,222
1107,123
1108,226
1109,216
1110,176
1111,144
1112,170
1113,226
1114,232
1115,185
1116,232
1117,176
1118,197
1119,135
1120,229
1121,207
1122,164
1123,159
1124,163
1125,124
1126,246
1127,222
1128,183
1129,205
1130,163
1131,240
1132,160
1133,237
1134,154
1135,182
1136,227
1137,201
1138,250
1139,183
1140,248
1141,200
1142,200
1143,133
1144,94
1145,135
1146,29
1147,250
1148,137
1149,211
1150,126
1151,230
1152,203
1153,179
1154,161
1155,204
1156,197
1157,211
1158,203
1159,235
1160,140
1161,232
1162,99
1163,249
1164,148
1165,241
1166,153
1167,220
1168,235
1169,215
1170,179
1171,192
1172,215
1173,184
1174,243
1175,248
1176,218
1177,197
1178,248
1179,125
1180,166
1181,110
1182,152
1183,152
1184,222
1185,244
1186,226
1187,206
1188,144
1189,207
1190,212
1191,134
1192,246
1193,205
1194,229
1195,248
1196,188
1197,189
1198,150
1199,232
1200,165
1201,248
1202,138
1203,215
1204,182
1205,181
1206,127
1207,175
1208,88
1209,211
1210,173
1211,204
1212,212
1213,207
1214,59
1215,158
1216,96
1217,202
1218,132
1219,250
1220,206
1221,202
1222,41
1223,105
1224,165
1225,10
1226,242
1227,113
1228,144
1229,235
1230,129
1231,12
1232,147
1233,151
1234,152
1235,183
1236,182
1237,149
1238,147
1239,211
1240,175
1241,145
1242,90
1243,227
1244,234
1245,249
1246,227
1247,146
1248,241
1249,168
1250,237
1251,172
1252,186
1253,186
1254,86
1255,74
1256,171
1257,235
1258,154
1259,119
1260,178
1261,215
1262,74
1263,247
1264,179
1265,176
1266,70
1267,81
1268,238
1269,198
1270,236
1271,204
1272,194
1273,226
1274,247
1275,217
1276,157
1277,59
1278,196
1279,252
1280,187
1281,80
1282,233
1283,154
1284,143
1285,49
1286,177
1287,0
1288,154
1289,166
1290,233
1291,225
1292,127
1293,191
1294,109
1295,134
1296,241
1297,44
1298,156
1299,64
1300,246
1301,158
1302,243
1303,161
1304,182
1305,233
1306,217
1307,234
1308,69
1309,158
1310,116
1311,172
1312,74
1313,235
1314,237
1315,223
1316,79
1317,188
1318,112
1319,215
1320,107
1321,95
1322,168
1323,240
1324,100
1325,157
1326,151
1327,84
1328,120
1329,226
1330,203
1331,103
1332,130
1333,155
1334,178
1335,129
1336,69
1337,142
1338,0
1339,212
1340,80
1341,208
1342,218
1343,192
1344,77
1345,70
1346,247
1347,73
1348,250
1349,168
1350,227
1351,2
1352,188
1353,0
1354,222
1355,100
1356,230
1357,203
1358,165
1359,143
1360,231
1361,108
1362,188
1363,44
1364,245
1365,243
1366,159
1367,172
1368,141
1369,137
1370,225
1371,211
1372,82
1373,127
1374,240
1375,248
1376,164
1377,203
1378,176
1379,225
1380,209
1381,123
1382,209
1383,233
1384,218
1385,33
1386,245
1387,218
1388,0
1389,43
1390,12
1391,221
1392,171
1393,212
1394,188
1395,74
1396,146
1397,76
1398,179
1399,186
1400,190
1401,208
1402,147
1403,205
1404,230
1405,127
1406,213
1407,64
1408,150
1409,216
1410,180
1411,202
1412,223
1413,201
1414,232
1415,156
1416,176
1417,105
1418,239
1419,190
1420,159
1421,224
1422,246
1423,91
1424,136
1425,251
1426,58
1427,116
1428,216
1429,206
1430,38
1431,181
1432,206
1433,108
1434,120
1435,241
1436,121
1437,123
1438,239
1439,245
1440,240
1441,93
1442,146
1443,249
1444,188
1445,226
1446,127
1447,141
1448,185
1449,75
1450,99
1451,188
1452,200
1453,88
1454,236
1455,247
1456,190
1457,44
1458,189
1459,170
1460,205
1461,242
1462,42
1463,165
1464,83
1465,204
1466,217
1467,223
1468,230
1469,158
1470,134
1471,198
1472,120
1473,158
1474,220
1475,202
1476,205
1477,96
1478,218
1479,163
1480,158
1481,144
1482,236
1483,230
1484,225
1485,139
1486,246
1487,180
1488,244
1489,221
1490,211
1491,83
1492,228
1493,226
1494,251
1495,233
1496,248
1497,228
1498,218
1499,164
1500,131
1501,195
1502,199
1503,160
1504,126
1505,156
1506,103
1507,67
1508,196
1509,202
1510,128
1511,204
1512,174
1513,93
1514,172
1515,235
1516,198
1517,212
1518,228
1519,100
1520,192
1521,240
1522,174
1523,60
1524,130
1525,224
1526,189
1527,207
1528,191
1529,222
1530,154
1531,113
1532,132
1533,238
1534,126
1535,99
1536,122
1537,179
1538,133
1539,230
1540,187
1541,237
1542,35
1543,219
1544,153
1545,113
1546,194
1547,167
1548,46
1549,180
1550,49
1551,102
1552,140
1553,192
1554,179
1555,166
1556,119
1557,212
1558,189
1559,133
1560,230
1561,122
1562,243
1563,165
1564,138
1565,168
1566,126
1567,170
1568,240
1569,50
1570,185
1571,187
1572,246
1573,237
1574,206
1575,244
1576,130
1577,55
1578,17
1579,230
1580,214
1581,156
1582,105
1583,231
1584,174
1585,195
1586,206
1587,135
1588,196
1589,125
1590,238
1591,227
1592,216
1593,203
1594,181
1595,13
1596,145
1597,147
1598,102
1599,136
1600,218
1601,207
1602,153
1603,163
1604,240
1605,229
1606,202
1607,160
1608,236
1609,188
1610,252
1611,149
1612,209
1613,223
1614,211
1615,149
1616,234
1617,178
1618,179
1619,172
1620,152
1621,215
1622,239
1623,171
1624,218
1625,195
1626,93
1627,103
1628,235
1629,213
1630,189
1631,226
1632,206
1633,196
1634,202
1635,233
1636,195
1637,238
1638,80
1639,211
1640,223
1641,178
1642,209
1643,189
1644,224
1645,207
1646,223
1647,254
1648,254
1649,250
1650,240
1651,248
1652,167
1653,126
1654,132
1655,249
1656,192
1657,183
1658,248
1659,222
1660,233
1661,163
1662,197
1663,217
1664,150
1665,249
1666,144
1667,191
1668,130
1669,191
1670,201
1671,216
1672,250
1673,255
1674,206
1675,246
1676,221
1677,235
1678,183
1679,153
1680,227
1681,156
1682,226
1683,209
1684,182
1685,240
1686,182
1687,225
1688,240
1689,149
1690,100
1691,140
1692,207
1693,179
1694,116
1695,176
1696,189
1697,0
1698,222
1699,250
1700,166
1701,227
1702,157
1703,232
1704,234
1705,200
1706,231
1707,152
1708,180
1709,237
1710,198
1711,230
1712,151
1713,135
1714,46
1715,221
1716,233
1717,194
1718,46
1719,224
1720,142
1721,140
1722,175
1723,70
1724,57
1725,193
1726,239
1727,190
1728,161
1729,151
1730,110
1731,230
1732,152
1733,220
1734,128
1735,214
1736,142
1737,174
1738,205
1739,231
1740,65
1741,139
1742,152
1743,235
1744,252
1745,138
1746,145
1747,105
1748,173
1749,187
1750,74
1751,128
1752,124
1753,78
1754,192
1755,219
1756,226
1757,152
1758,235
1759,194
1760,94
1761,73
1762,224
1763,174
1764,221
1765,150
1766,256
1767,173
1768,233
1769,140
1770,206
1771,126
1772,128
1773,150
1774,130
1775,247
1776,242
1777,168
1778,114
1779,179
1780,223
1781,198
1782,79
1783,52
1784,201
1785,169
1786,83
1787,231
1788,212
1789,109
1790,241
1791,249
1792,209
1793,76
1794,202
1795,236
1796,138
1797,193
1798,230
1799,216
1800,183
1801,233
1802,236
1803,118
1804,223
1805,221
1806,182
1807,199
1808,195
1809,230
1810,182
1811,202
1812,150
1813,247
1814,168
1815,188
1816,195
1817,181
1818,164
1819,62
1820,144
1821,201
1822,198
1823,140
1824,198
1825,168
1826,156
1827,214
1828,197
1829,241
1830,219
1831,238
1832,214
1833,165
1834,86
1835,202
1836,189
1837,151
1838,245
1839,215
1840,246
1841,226
1842,217
1843,142
1844,140
1845,130
1846,117
1847,165
1848,228
1849,125
1850,185
1851,203
1852,211
1853,163
1854,195
1855,147
1856,193
1857,242
1858,202
1859,207
1860,230
1861,114
1862,140
1863,233
1864,246
1865,118
1866,220
1867,244
1868,133
1869,249
1870,238
1871,219
1872,181
1873,221
1874,223
1875,232
1876,152
1877,145
1878,203
1879,184
1880,235
1881,188
1882,248
1883,220
1884,172
1885,219
1886,196
1887,148
1888,171
1889,160
1890,235
1891,93
1892,252
1893,245
1894,202
1895,246
1896,68
1897,200
1898,192
1899,169
1900,77
1901,232
1902,151
1903,199
1904,168
1905,203
1906,38
1907,159
1908,232
1909,132
1910,153
1911,250
1912,188
1913,108
1914,68
1915,241
1916,246
1917,236
1918,233
1919,127
1920,198
1921,169
1922,247
1923,200
1924,86
1925,157
1926,203
1927,136
1928,118
1929,159
1930,66
1931,118
1932,247
1933,138
1934,53
1935,255
1936,205
1937,165
1938,201
1939,140
1940,115
1941,235
1942,248
1943,198
1944,92
1945,157
1946,215
1947,220
1948,235
1949,230
1950,192
1951,188
1952,212
1953,178
1954,118
1955,97
1956,215
1957,192
1958,206
1959,215
1960,221
1961,133
1962,91
1963,157
1964,59
1965,221
1966,234
1967,190
1968,206
1969,249
1970,103
1971,193
1972,237
1973,116
1974,191
1975,198
1976,174
1977,178
1978,176
1979,190
1980,171
1981,244
1982,234
1983,225
1984,184
1985,210
1986,211
1987,254
1988,230
1989,239
1990,179
1991,110
1992,240
1993,224
1994,143
1995,237
1996,30
1997,137
1998,227
1999,203
2000,147
2001,40
2002,112
2003,77
2004,190
2005,166
2006,218
2007,243
2008,0
2009,29
2010,248
2011,59
2012,230
2013,219
2014,116
2015,106
2016,172
2017,249
2018,193
2019,226
2020,244
2021,132
2022,195
2023,247
2024,188
2025,82
2026,219
2027,201
2028,133
2029,38
2030,226
2031,211
2032,0
2033,223
2034,132
2035,198
2036,231
2037,148
2038,241
2039,173
2040,196
2041,123
2042,165
2043,240
2044,143
2045,36
2046,233
2047,79
2048,43
2049,142
2050,207
2051,121
2052,135
2053,145
2054,233
2055,235
2056,2
2057,92
2058,201
2059,225
2060,182
2061,164
2062,147
2063,151
2064,202
2065,189
2066,229
2067,101
2068,119
2069,104
2070,197
2071,243
2072,82
2073,224
2074,211
2075,228
2076,225
2077,206
2078,165
2079,171
2080,199
2081,140
2082,76
2083,205
2084,222
2085,152
2086,174
2087,194
2088,235
2089,226
2090,183
2091,108
2092,236
2093,117
2094,159
2095,240
2096,170
2097,189
2098,154
2099,147
2100,25
2101,178
2102,161
2103,161
2104,208
2105,187
2106,188
2107,138
2108,184
2109,169
2110,233
2111,12
2112,193
2113,0
2114,52
2115,226
2116,18
2117,139
2118,193
2119,245
2120,204
2121,221
2122,137
2123,163
2124,246
2125,49
2126,171
2127,238
2128,224
2129,37
2130,139
2131,236
2132,17
2133,222
2134,134
2135,0
2136,220
2137,168
2138,182
2139,1
2140,112
2141,136
2142,174
2143,216
2144,122
2145,191
2146,26
2147,239
2148,224
2149,117
2150,88
2151,200
2152,107
2153,170
2154,221
2155,205
2156,181
2157,184
2158,214
2159,201
2160,105
2161,114
2162,156
2163,151
2164,163
2165,231
2166,178
2167,0
2168,2
2169,247
2170,238
2171,81
2172,218
2173,200
2174,214
2175,210
2176,168
2177,217
2178,120
2179,237
2180,127
2181,238
2182,0
2183,161
2184,51
2185,222
2186,67
2187,230
2188,233
2189,146
2190,195
2191,11
2192,211
2193,105
2194,206
2195,61
2196,223
2197,82
2198,219
2199,167
2200,186
2201,62
2202,222
2203,155
2204,93
2205,235
2206,92
2207,136
2208,165
2209,91
2210,123
2211,179
2212,152
2213,78
2214,151
2215,216
2216,213
2217,136
2218,28
2219,53
2220,192
2221,104
2222,201
2223,215
2224,134
2225,174
2226,199
2227,115
2228,165
2229,205
2230,250
2231,84
2232,161
2233,223
2234,223
2235,191
2236,124
2237,156
2238,158
2239,201
2240,137
2241,243
2242,199
2243,199
2244,243
2245,201
2246,181
2247,173
2248,0
2249,73
2250,175
2251,200
2252,222
2253,159
2254,145
2255,187
2256,164
2257,0
2258,193
2259,103
2260,184
2261,199
2262,187
2263,206
2264,235
2265,166
2266,139
2267,209
2268,229
2269,87
2270,8
2271,234
2272,141
2273,219
2274,166
2275,211
2276,159
2277,83
2278,0
2279,155
2280,172
2281,137
2282,161
2283,147
2284,70
2285,247
2286,74
2287,202
2288,240
2289,201
2290,158
2291,216
2292,24
2293,169
2294,109
2295,242
2296,146
2297,192
2298,228
2299,114
2300,217
2301,161
2302,181
2303,242
2304,163
2305,127
2306,0
2307,45
2308,220
2309,182
2310,213
2311,154
2312,219
2313,230
2314,67
2315,132
2316,76
2317,134
2318,251
2319,122
2320,238
2321,207
2322,139
2323,202
2324,206
2325,218
2326,124
2327,237
2328,169
2329,244
2330,88
2331,164
2332,208
2333,178
2334,200
2335,227
2336,80
2337,118
2338,174
2339,133
2340,218
2341,185
2342,151
2343,154
2344,242
2345,228
2346,171
2347,167
2348,216
2349,222
2350,158
2351,97
2352,193
2353,166
2354,201
2355,188
2356,181
2357,154
2358,212
2359,190
2360,172
2361,118
2362,194
2363,72
2364,240
2365,155
2366,245
2367,125
2368,207
2369,220
2370,200
2371,101
2372,240
2373,179
2374,43
2375,107
2376,216
2377,93
2378,58
2379,239
2380,170
2381,190
2382,155
2383,221
2384,0
2385,151
2386,214
2387,223
2388,136
2389,124
2390,209
2391,201
2392,127
2393,131
2394,101
2395,146
2396,218
2397,126
2398,208
2399,207
