0,191
1,199
2,190
3,220
4,187
5,82
6,190
7,241
8,239
9,137
10,142
11,226
12,196
13,174
14,235
15,197
16,197
17,203
18,243
19,242
20,236
21,99
22,175
23,204
24,243
25,225
26,119
27,160
28,221
29,180
30,21
31,193
32,192
33,234
34,227
35,220
36,235
37,229
38,205
39,241
40,211
41,250
42,192
43,99
44,224
45,209
46,169
47,237
48,111
49,175
50,192
51,215
52,59
53,211
54,215
55,188
56,196
57,210
58,194
59,253
60,232
61,156
62,187
63,214
64,196
65,221
66,251
67,241
68,172
69,170
70,190
71,210
72,170
73,229
74,229
75,171
76,225
77,39
78,214
79,210
80,230
81,233
82,130
83,163
84,225
85,210
86,170
87,198
88,118
89,201
90,161
91,237
92,203
93,174
94,154
95,213
96,228
97,173
98,248
99,185
100,256
101,250
102,162
103,91
104,249
105,213
106,221
107,222
108,179
109,56
110,128
111,191
112,206
113,237
114,247
115,214
116,219
117,232
118,226
119,238
120,170
121,221
122,96
123,109
124,188
125,208
126,235
127,101
128,212
129,155
130,181
131,220
132,224
133,237
134,186
135,188
136,197
137,178
138,71
139,142
140,254
141,234
142,224
143,149
144,175
145,177
146,194
147,189
148,200
149,210
150,126
151,222
152,233
153,203
154,195
155,241
156,250
157,165
158,43
159,115
160,218
161,196
162,225
163,158
164,238
165,89
166,118
167,182
168,162
169,252
170,218
171,175
172,193
173,162
174,245
175,182
176,223
177,213
178,238
179,0
180,158
181,46
182,145
183,221
184,192
185,207
186,223
187,175
188,132
189,231
190,237
191,223
192,87
193,254
194,190
195,240
196,180
197,214
198,207
199,202
200,193
201,211
202,193
203,215
204,253
205,169
206,142
207,216
208,198
209,91
210,153
211,195
212,241
213,231
214,112
215,178
216,202
217,190
218,244
219,174
220,113
221,240
222,197
223,167
224,218
225,253
226,233
227,181
228,222
229,219
230,156
231,159
232,231
233,217
234,188
235,204
236,151
237,211
238,119
239,225
240,217
241,166
242,242
243,176
244,243
245,237
246,228
247,252
248,204
249,215
250,156
251,147
252,204
253,215
254,236
255,248
256,254
257,222
258,185
259,192
260,136
261,194
262,232
263,128
264,221
265,224
266,177
267,148
268,223
269,209
270,176
271,200
272,179
273,252
274,184
275,188
276,231
277,125
278,250
279,154
280,118
281,216
282,235
283,224
284,110
285,244
286,180
287,216
288,223
289,205
290,163
291,238
292,190
293,115
294,206
295,156
296,116
297,103
298,187
299,210
300,177
301,188
302,236
303,204
304,224
305,224
306,154
307,216
308,218
309,249
310,218
311,166
312,175
313,249
314,249
315,166
316,81
317,197
318,230
319,193
320,218
321,51
322,165
323,208
324,198
325,228
326,164
327,237
328,201
329,129
330,234
331,252
332,163
333,207
334,230
335,229
336,173
337,204
338,216
339,106
340,94
341,246
342,237
343,194
344,171
345,149
346,123
347,117
348,27
349,125
350,132
351,194
352,98
353,160
354,207
355,224
356,219
357,228
358,215
359,132
360,200
361,177
362,209
363,144
364,236
365,190
366,207
367,241
368,240
369,119
370,185
371,200
372,89
373,174
374,251
375,126
376,220
377,233
378,136
379,219
380,204
381,104
382,162
383,202
384,193
385,252
386,202
387,102
388,185
389,225
390,243
391,195
392,240
393,184
394,182
395,37
396,215
397,214
398,159
399,240
400,130
401,153
402,219
403,159
404,161
405,212
406,217
407,75
408,203
409,230
410,194
411,122
412,233
413,250
414,196
415,155
416,151
417,111
418,205
419,120
420,225
421,225
422,228
423,246
424,208
425,237
426,224
427,109
428,152
429,164
430,233
431,228
432,218
433,246
434,193
435,171
436,172
437,225
438,200
439,222
440,189
441,130
442,194
443,202
444,180
445,182
446,84
447,204
448,96
449,227
450,98
451,215
452,202
453,206
454,240
455,220
456,198
457,247
458,217
459,248
460,231
461,242
462,249
463,182
464,221
465,176
466,165
467,179
468,157
469,151
470,86
471,175
472,189
473,165
474,186
475,245
476,229
477,174
478,222
479,139
480,173
481,248
482,247
483,248
484,150
485,147
486,229
487,175
488,163
489,235
490,187
491,169
492,203
493,95
494,176
495,152
496,228
497,237
498,234
499,235
500,179
501,205
502,249
503,249
504,122
505,244
506,159
507,201
508,102
509,43
510,228
511,230
512,221
513,251
514,174
515,230
516,188
517,185
518,106
519,229
520,140
521,224
522,172
523,93
524,198
525,202
526,221
527,222
528,230
529,230
530,173
531,217
532,76
533,178
534,251
535,49
536,228
537,214
538,97
539,145
540,191
541,248
542,210
543,195
544,222
545,140
546,162
547,158
548,117
549,256
550,169
551,120
552,223
553,177
554,84
555,194
556,111
557,230
558,142
559,194
560,141
561,210
562,191
563,123
564,222
565,181
566,253
567,254
568,225
569,245
570,195
571,112
572,230
573,236
574,184
575,208
576,231
577,106
578,229
579,255
580,201
581,80
582,201
583,254
584,250
585,112
586,191
587,212
588,203
589,117
590,221
591,233
592,251
593,127
594,186
595,233
596,241
597,247
598,163
599,238
600,165
601,196
602,145
603,231
604,163
605,170
606,168
607,199
608,193
609,111
610,223
611,246
612,171
613,249
614,77
615,253
616,152
617,134
618,107
619,163
620,192
621,222
622,134
623,229
624,160
625,199
626,223
627,205
628,218
629,150
630,194
631,210
632,233
633,218
634,211
635,192
636,180
637,93
638,147
639,214
640,59
641,191
642,192
643,122
644,230
645,235
646,239
647,227
648,182
649,209
650,166
651,250
652,127
653,145
654,22
655,205
656,143
657,247
658,240
659,174
660,224
661,200
662,192
663,200
664,224
665,147
666,227
667,105
668,222
669,148
670,177
671,211
672,70
673,245
674,195
675,209
676,164
677,133
678,197
679,225
680,244
681,146
682,248
683,182
684,213
685,230
686,155
687,180
688,192
689,107
690,246
691,228
692,204
693,186
694,169
695,228
696,154
697,238
698,0
699,149
700,235
701,228
702,144
703,255
704,193
705,235
706,114
707,247
708,93
709,152
710,252
711,247
712,252
713,217
714,113
715,181
716,170
717,217
718,123
719,96
720,158
721,225
722,103
723,223
724,221
725,177
726,112
727,254
728,67
729,199
730,210
731,79
732,234
733,154
734,236
735,137
736,160
737,199
738,212
739,186
740,226
741,208
742,118
743,137
744,189
745,176
746,97
747,254
748,198
749,244
750,203
751,0
752,208
753,133
754,248
755,109
756,231
757,186
758,204
759,228
760,192
761,125
762,226
763,232
764,181
765,246
766,165
767,192
768,90
769,216
770,166
771,224
772,137
773,234
774,203
775,133
776,186
777,219
778,196
779,152
780,229
781,176
782,150
783,240
784,216
785,251
786,238
787,90
788,88
789,230
790,253
791,79
792,190
793,238
794,193
795,233
796,151
797,171
798,228
799,256
800,152
801,239
802,217
803,126
804,162
805,239
806,247
807,195
808,250
809,217
810,229
811,149
812,202
813,236
814,200
815,204
816,217
817,146
818,159
819,198
820,251
821,212
822,0
823,224
824,224
825,188
826,182
827,233
828,175
829,239
830,164
831,200
832,224
833,157
834,196
835,142
836,183
837,117
838,148
839,125
840,232
841,226
842,238
843,228
844,199
845,230
846,168
847,175
848,219
849,161
850,210
851,173
852,181
853,248
854,132
855,152
856,111
857,249
858,174
859,117
860,233
861,188
862,162
863,219
864,163
865,156
866,226
867,240
868,162
869,224
870,180
871,227
872,209
873,217
874,241
875,239
876,206
877,227
878,190
879,224
880,246
881,148
882,86
883,229
884,185
885,220
886,182
887,224
888,223
889,85
890,252
891,211
892,209
893,203
894,172
895,252
896,239
897,215
898,174
899,162
900,143
901,176
902,206
903,118
904,76
905,194
906,96
907,73
908,200
909,227
910,240
911,196
912,69
913,214
914,244
915,223
916,130
917,167
918,150
919,204
920,206
921,187
922,197
923,233
924,251
925,156
926,223
927,150
928,240
929,222
930,228
931,233
932,192
933,238
934,177
935,246
936,232
937,146
938,44
939,249
940,235
941,212
942,139
943,190
944,201
945,232
946,230
947,178
948,181
949,256
950,194
951,242
952,158
953,232
954,245
955,137
956,230
957,242
958,208
959,226
960,226
961,250
962,250
963,164
964,172
965,209
966,251
967,253
968,227
969,172
970,213
971,148
972,204
973,144
974,165
975,173
976,220
977,154
978,227
979,234
980,205
981,255
982,157
983,227
984,241
985,105
986,30
987,230
988,156
989,171
990,146
991,135
992,136
993,206
994,192
995,172
996,191
997,219
998,186
999,250
1000,245
1001,203
1002,249
1003,122
1004,187
1005,200
1006,207
1007,196
1008,154
1009,111
1010,164
1011,173
1012,247
1013,209
1014,231
1015,196
1016,213
1017,226
1018,185
1019,227
1020,209
1021,134
1022,232
1023,172
1024,131
1025,254
1026,208
1027,215
1028,244
1029,171
1030,210
1031,167
1032,84
1033,238
1034,191
1035,246
1036,77
1037,72
1038,190
1039,167
1040,185
1041,166
1042,198
1043,213
1044,139
1045,208
1046,180
1047,195
1048,180
1049,130
1050,224
1051,244
1052,212
1053,131
1054,128
1055,141
1056,185
1057,248
1058,101
1059,188
1060,208
1061,146
1062,215
1063,218
1064,199
1065,223
1066,107
1067,217
1068,205
1069,244
1070,245
1071,179
1072,179
1073,201
1074,125
1075,254
1076,221
1077,235
1078,210
1079,248
1080,162
1081,212
1082,140
1083,192
1084,218
1085,203
1086,176
1087,166
1088,210
1089,184
1090,89
1091,204
1092,82
1093,127
1094,99
1095,226
1096,138
1097,155
1098,153
1099,190
1100,227
1101,232
1102,132
1103,200
1104,240
1105,169
1106,191
1107,250
1108,236
1109,228
1110,254
1111,226
1112,243
1113,236
1114,146
1115,205
1116,191
1117,187
1118,181
1119,196
1120,224
1121,168
1122,169
1123,170
1124,108
1125,237
1126,74
1127,186
1128,103
1129,207
1130,249
1131,256
1132,224
1133,240
1134,89
1135,220
1136,160
1137,146
1138,214
1139,106
1140,243
1141,241
1142,234
1143,132
1144,142
1145,170
1146,194
1147,223
1148,180
1149,156
1150,124
1151,246
1152,113
1153,200
1154,245
1155,137
1156,247
1157,234
1158,225
1159,243
1160,187
1161,228
1162,169
1163,228
1164,115
1165,174
1166,243
1167,193
1168,171
1169,144
1170,235
1171,194
1172,189
1173,211
1174,187
1175,238
1176,136
1177,221
1178,176
1179,239
1180,126
1181,176
1182,181
1183,218
1184,175
1185,236
1186,256
1187,94
1188,190
1189,228
1190,232
1191,233
1192,193
1193,251
1194,248
1195,228
1196,164
1197,176
1198,130
1199,82
1200,81
1201,255
1202,235
1203,233
1204,108
1205,236
1206,217
1207,215
1208,144
1209,231
1210,208
1211,187
1212,208
1213,75
1214,243
1215,0
1216,229
1217,6
1218,194
1219,239
1220,246
1221,189
1222,152
1223,234
1224,126
1225,17
1226,179
1227,188
1228,87
1229,161
1230,164
1231,162
1232,170
1233,239
1234,95
1235,91
1236,176
1237,120
1238,200
1239,245
1240,178
1241,202
1242,195
1243,216
1244,165
1245,118
1246,254
1247,240
1248,179
1249,213
1250,181
1251,195
1252,191
1253,246
1254,214
1255,212
1256,220
1257,165
1258,203
1259,245
1260,234
1261,232
1262,139
1263,250
1264,215
1265,189
1266,189
1267,218
1268,179
1269,247
1270,165
1271,216
1272,223
1273,235
1274,118
1275,175
1276,104
1277,222
1278,216
1279,189
1280,147
1281,187
1282,112
1283,208
1284,245
1285,155
1286,182
1287,43
1288,143
1289,212
1290,119
1291,109
1292,193
1293,128
1294,225
1295,193
1296,242
1297,235
1298,157
1299,252
1300,140
1301,238
1302,214
1303,210
1304,196
1305,93
1306,93
1307,207
1308,139
1309,178
1310,205
1311,209
1312,213
1313,172
1314,215
1315,256
1316,225
1317,174
1318,201
1319,125
1320,180
1321,109
1322,211
1323,242
1324,90
1325,179
1326,166
1327,252
1328,194
1329,215
1330,204
1331,186
1332,255
1333,216
1334,238
1335,173
1336,218
1337,139
1338,185
1339,189
1340,245
1341,253
1342,198
1343,207
1344,233
1345,220
1346,214
1347,253
1348,161
1349,180
1350,227
1351,243
1352,152
1353,211
1354,228
1355,58
1356,159
1357,111
1358,194
1359,69
1360,234
1361,233
1362,225
1363,175
1364,160
1365,178
1366,52
1367,220
1368,157
1369,230
1370,246
1371,193
1372,252
1373,201
1374,206
1375,182
1376,207
1377,217
1378,18
1379,179
1380,188
1381,195
1382,176
1383,234
1384,50
1385,128
1386,144
1387,196
1388,97
1389,247
1390,210
1391,199
1392,135
1393,244
1394,215
1395,211
1396,184
1397,240
1398,152
1399,222
1400,50
1401,210
1402,208
1403,159
1404,184
1405,176
1406,255
1407,0
1408,108
1409,118
1410,198
1411,231
1412,231
1413,235
1414,167
1415,229
1416,67
1417,215
1418,146
1419,92
1420,225
1421,230
1422,214
1423,256
1424,186
1425,208
1426,242
1427,142
1428,162
1429,166
1430,228
1431,185
1432,151
1433,232
1434,198
1435,139
1436,243
1437,235
1438,128
1439,221
1440,212
1441,246
1442,159
1443,251
1444,146
1445,249
1446,221
1447,222
1448,227
1449,172
1450,189
1451,158
1452,235
1453,131
1454,226
1455,234
1456,240
1457,197
1458,211
1459,192
1460,99
1461,194
1462,228
1463,204
1464,48
1465,221
1466,249
1467,217
1468,180
1469,194
1470,105
1471,239
1472,222
1473,215
1474,0
1475,202
1476,92
1477,196
1478,150
1479,210
1480,207
1481,0
1482,234
1483,52
1484,203
1485,204
1486,186
1487,251
1488,170
1489,203
1490,206
1491,251
1492,167
1493,251
1494,175
1495,240
1496,226
1497,198
1498,141
1499,197
1500,76
1501,190
1502,131
1503,154
1504,138
1505,95
1506,82
1507,216
1508,246
1509,160
1510,98
1511,236
1512,108
1513,161
1514,209
1515,169
1516,176
1517,208
1518,233
1519,200
1520,184
1521,213
1522,242
1523,249
1524,127
1525,215
1526,231
1527,182
1528,155
1529,189
1530,159
1531,223
1532,106
1533,25
1534,198
1535,199
1536,233
1537,170
1538,155
1539,235
1540,188
1541,250
1542,239
1543,228
1544,192
1545,150
1546,245
1547,161
1548,118
1549,148
1550,107
1551,177
1552,222
1553,219
1554,70
1555,232
1556,90
1557,213
1558,216
1559,169
1560,174
1561,177
1562,255
1563,168
1564,240
1565,126
1566,240
1567,234
1568,219
1569,167
1570,243
1571,243
1572,192
1573,236
1574,210
1575,201
1576,189
1577,239
1578,194
1579,239
1580,231
1581,238
1582,166
1583,196
1584,157
1585,163
1586,236
1587,232
1588,225
1589,200
1590,232
1591,200
1592,184
1593,136
1594,169
1595,238
1596,223
1597,165
1598,196
1599,172
1600,180
1601,182
1602,200
1603,216
1604,183
1605,242
1606,76
1607,225
1608,163
1609,176
1610,166
1611,231
1612,254
1613,183
1614,220
1615,199
1616,172
1617,147
1618,197
1619,222
1620,218
1621,79
1622,178
1623,182
1624,146
1625,180
1626,151
1627,198
1628,218
1629,160
1630,231
1631,236
1632,190
1633,214
1634,100
1635,183
1636,166
1637,209
1638,82
1639,141
1640,169
1641,206
1642,242
1643,161
1644,151
1645,245
1646,116
1647,230
1648,226
1649,190
1650,241
1651,210
1652,118
1653,159
1654,89
1655,242
1656,101
1657,224
1658,82
1659,186
1660,144
1661,243
1662,184
1663,132
1664,176
1665,243
1666,92
1667,166
1668,187
1669,108
1670,204
1671,156
1672,216
1673,48
1674,216
1675,193
1676,218
1677,231
1678,190
1679,112
1680,145
1681,215
1682,221
1683,159
1684,174
1685,192
1686,237
1687,222
1688,241
1689,205
1690,232
1691,82
1692,141
1693,174
1694,160
1695,74
1696,230
1697,135
1698,223
1699,202
1700,227
1701,249
1702,251
1703,244
1704,256
1705,187
1706,234
1707,256
1708,234
1709,228
1710,201
1711,201
1712,184
1713,166
1714,109
1715,176
1716,97
1717,196
1718,213
1719,185
1720,228
1721,187
1722,214
1723,75
1724,256
1725,216
1726,227
1727,215
1728,205
1729,231
1730,170
1731,201
1732,218
1733,51
1734,155
1735,49
1736,199
1737,250
1738,165
1739,244
1740,221
1741,68
1742,252
1743,184
1744,162
1745,154
1746,151
1747,209
1748,220
1749,159
1750,220
1751,170
1752,141
1753,216
1754,248
1755,203
1756,204
1757,203
1758,230
1759,209
1760,192
1761,67
1762,249
1763,203
1764,195
1765,42
1766,251
1767,175
1768,158
1769,223
1770,0
1771,210
1772,20
1773,161
1774,120
1775,149
1776,115
1777,233
1778,101
1779,170
1780,254
1781,198
1782,219
1783,192
1784,93
1785,190
1786,214
1787,240
1788,188
1789,248
1790,198
1791,68
1792,64
1793,180
1794,41
1795,36
1796,216
1797,72
1798,160
1799,194
1800,225
1801,196
1802,175
1803,144
1804,140
1805,154
1806,2
1807,155
1808,199
1809,166
1810,143
1811,203
1812,217
1813,215
1814,155
1815,212
1816,124
1817,137
1818,158
1819,233
1820,212
1821,206
1822,184
1823,246
1824,213
1825,213
1826,227
1827,188
1828,172
1829,90
1830,111
1831,200
1832,198
1833,248
1834,105
1835,212
1836,216
1837,190
1838,215
1839,136
1840,225
1841,143
1842,240
1843,152
1844,252
1845,19
1846,118
1847,227
1848,136
1849,173
1850,236
1851,128
1852,207
1853,178
1854,148
1855,191
1856,163
1857,202
1858,239
1859,192
1860,151
1861,199
1862,129
1863,181
1864,195
1865,187
1866,180
1867,253
1868,220
1869,235
1870,194
1871,144
1872,0
1873,193
1874,228
1875,230
1876,123
1877,208
1878,246
1879,153
1880,145
1881,74
1882,212
1883,173
1884,247
1885,118
1886,63
1887,244
1888,157
1889,182
1890,223
1891,155
1892,113
1893,215
1894,253
1895,199
1896,192
1897,211
1898,189
1899,190
1900,183
1901,240
1902,204
1903,156
1904,203
1905,189
1906,213
1907,211
1908,183
1909,123
1910,199
1911,216
1912,197
1913,175
1914,117
1915,144
1916,218
1917,203
1918,114
1919,166
1920,232
1921,216
1922,219
1923,193
1924,160
1925,220
1926,229
1927,147
1928,173
1929,205
1930,130
1931,255
1932,232
1933,213
1934,183
1935,244
1936,195
1937,190
1938,125
1939,199
1940,174
1941,220
1942,218
1943,150
1944,243
1945,194
1946,132
1947,197
1948,245
1949,88
1950,141
1951,156
1952,193
1953,80
1954,240
1955,102
1956,191
1957,234
1958,192
1959,116
1960,140
1961,110
1962,139
1963,146
1964,82
1965,165
1966,213
1967,210
1968,246
1969,255
1970,238
1971,253
1972,187
1973,140
1974,222
1975,144
1976,210
1977,228
1978,184
1979,246
1980,182
1981,229
1982,242
1983,232
1984,220
1985,109
1986,241
1987,189
1988,239
1989,192
1990,241
1991,176
1992,240
1993,180
1994,44
1995,206
1996,76
1997,156
1998,181
1999,200
2000,189
2001,213
2002,205
2003,224
2004,174
2005,171
2006,198
2007,230
2008,197
2009,221
2010,217
2011,233
2012,235
2013,218
2014,174
2015,177
2016,227
2017,209
2018,196
2019,230
2020,187
2021,229
2022,112
2023,220
2024,188
2025,236
2026,228
2027,146
2028,212
2029,103
2030,254
2031,217
2032,229
2033,245
2034,180
2035,225
2036,139
2037,156
2038,162
2039,200
2040,150
2041,221
2042,72
2043,169
2044,245
2045,135
2046,256
2047,246
2048,190
2049,160
2050,62
2051,177
2052,160
2053,222
2054,218
2055,228
2056,226
2057,211
2058,217
2059,215
2060,124
2061,222
2062,107
2063,40
2064,64
2065,227
2066,234
2067,114
2068,56
2069,88
2070,191
2071,208
2072,178
2073,211
2074,252
2075,245
2076,155
2077,129
2078,235
2079,133
2080,196
2081,223
2082,228
2083,200
2084,219
2085,163
2086,136
2087,174
2088,213
2089,230
2090,145
2091,254
2092,137
2093,230
2094,218
2095,180
2096,237
2097,165
2098,195
2099,123
2100,179
2101,245
2102,154
2103,163
2104,202
2105,140
2106,244
2107,216
2108,173
2109,242
2110,200
2111,206
2112,142
2113,181
2114,209
2115,234
2116,208
2117,244
2118,221
2119,246
2120,172
2121,121
2122,209
2123,146
2124,234
2125,237
2126,185
2127,202
2128,137
2129,153
2130,230
2131,169
2132,174
2133,180
2134,138
2135,196
2136,215
2137,174
2138,256
2139,215
2140,209
2141,223
2142,208
2143,231
2144,226
2145,217
2146,147
2147,158
2148,217
2149,197
2150,188
2151,254
2152,170
2153,216
2154,238
2155,234
2156,246
2157,208
2158,144
2159,206
2160,63
2161,189
2162,8
2163,244
2164,243
2165,150
2166,239
2167,135
2168,173
2169,252
2170,237
2171,189
2172,118
2173,128
2174,162
2175,190
2176,243
2177,250
2178,211
2179,213
2180,256
2181,196
2182,177
2183,140
2184,157
2185,183
2186,128
2187,0
2188,210
2189,210
2190,173
2191,214
2192,166
2193,105
2194,247
2195,117
2196,143
2197,223
2198,156
2199,137
2200,147
2201,211
2202,242
2203,0
2204,182
2205,123
2206,244
2207,137
2208,169
2209,145
2210,136
2211,241
2212,131
2213,119
2214,214
2215,256
2216,226
2217,223
2218,210
2219,155
2220,160
2221,239
2222,211
2223,175
2224,41
2225,219
2226,216
2227,113
2228,154
2229,133
2230,236
2231,223
2232,169
2233,207
2234,145
2235,225
2236,94
2237,246
2238,224
2239,156
2240,176
2241,197
2242,179
2243,208
2244,134
2245,180
2246,160
2247,214
2248,219
2249,172
2250,229
2251,255
2252,119
2253,204
2254,250
2255,225
2256,118
2257,223
2258,172
2259,71
2260,212
2261,206
2262,232
2263,83
2264,242
2265,39
2266,226
2267,225
2268,0
2269,140
2270,152
2271,99
2272,250
2273,162
2274,235
2275,89
2276,256
2277,240
2278,167
2279,153
2280,229
2281,159
2282,183
2283,72
2284,253
2285,238
2286,126
2287,218
2288,240
2289,232
2290,212
2291,198
2292,244
2293,53
2294,166
2295,139
2296,153
2297,172
2298,252
2299,227
2300,218
2301,215
2302,251
2303,244
2304,243
2305,233
2306,179
2307,153
2308,214
2309,203
2310,187
2311,152
2312,245
2313,210
2314,252
2315,256
2316,167
2317,45
2318,110
2319,210
2320,212
2321,217
2322,230
2323,250
2324,243
2325,201
2326,160
2327,228
2328,152
2329,184
2330,208
2331,176
2332,192
2333,193
2334,221
2335,141
2336,176
2337,221
2338,222
2339,151
2340,236
2341,191
2342,256
2343,202
2344,192
2345,212
2346,222
2347,211
2348,234
2349,195
2350,158
2351,234
2352,94
2353,129
2354,151
2355,246
2356,220
2357,200
2358,205
2359,0
2360,215
2361,115
2362,93
2363,219
2364,223
2365,186
2366,118
2367,244
2368,126
2369,135
2370,246
2371,206
2372,128
2373,245
2374,226
2375,230
2376,222
2377,58
2378,255
2379,242
2380,212
2381,176
2382,101
2383,236
2384,244
2385,215
2386,185
2387,200
2388,229
2389,137
2390,228
2391,171
2392,136
2393,204
2394,141
2395,140
2396,161
2397,246
2398,155
2399,231
