0,187
1,207
2,171
3,223
4,187
5,98
6,182
7,236
8,226
9,133
10,139
11,217
12,182
13,174
14,231
15,173
16,218
17,211
18,243
19,241
20,242
21,118
22,141
23,182
24,243
25,219
26,77
27,88
28,221
29,161
30,0
31,198
32,206
33,229
34,231
35,217
36,236
37,222
38,214
39,238
40,205
41,249
42,173
43,73
44,223
45,207
46,160
47,237
48,113
49,170
50,139
51,223
52,87
53,212
54,206
55,184
56,189
57,204
58,199
59,242
60,232
61,153
62,179
63,200
64,205
65,215
66,250
67,242
68,162
69,166
70,194
71,214
72,164
73,229
74,232
75,177
76,219
77,15
78,215
79,194
80,229
81,234
82,135
83,152
84,226
85,211
86,162
87,196
88,118
89,199
90,161
91,233
92,192
93,177
94,148
95,210
96,215
97,178
98,249
99,193
100,256
101,246
102,173
103,95
104,247
105,217
106,213
107,222
108,171
109,20
110,138
111,183
112,195
113,233
114,246
115,215
116,231
117,231
118,227
119,235
120,181
121,217
122,101
123,76
124,187
125,207
126,226
127,66
128,205
129,143
130,153
131,218
132,222
133,230
134,176
135,168
136,193
137,184
138,97
139,148
140,253
141,236
142,226
143,141
144,173
145,153
146,189
147,192
148,191
149,206
150,113
151,219
152,225
153,189
154,182
155,236
156,249
157,161
158,47
159,124
160,229
161,185
162,206
163,159
164,236
165,121
166,119
167,169
168,179
169,252
170,214
171,180
172,189
173,142
174,245
175,173
176,217
177,216
178,243
179,0
180,154
181,109
182,155
183,218
184,184
185,204
186,213
187,175
188,126
189,228
190,233
191,206
192,83
193,252
194,186
195,240
196,179
197,210
198,202
199,201
200,171
201,215
202,194
203,204
204,253
205,141
206,145
207,214
208,202
209,121
210,161
211,199
212,238
213,227
214,94
215,190
216,189
217,190
218,241
219,169
220,108
221,235
222,186
223,103
224,217
225,253
226,220
227,178
228,221
229,223
230,158
231,154
232,236
233,214
234,179
235,214
236,152
237,214
238,93
239,230
240,216
241,180
242,241
243,175
244,243
245,238
246,232
247,252
248,206
249,214
250,157
251,134
252,202
253,198
254,233
255,247
256,253
257,210
258,171
259,172
260,131
261,188
262,231
263,92
264,220
265,224
266,157
267,147
268,210
269,200
270,183
271,197
272,198
273,253
274,182
275,182
276,227
277,121
278,250
279,157
280,170
281,208
282,234
283,215
284,126
285,216
286,169
287,218
288,221
289,199
290,185
291,226
292,186
293,124
294,198
295,159
296,112
297,116
298,178
299,210
300,167
301,192
302,227
303,174
304,220
305,212
306,148
307,213
308,219
309,249
310,222
311,158
312,159
313,248
314,245
315,163
316,107
317,193
318,242
319,185
320,230
321,83
322,162
323,206
324,198
325,230
326,123
327,236
328,198
329,153
330,232
331,250
332,164
333,212
334,225
335,215
336,187
337,212
338,209
339,113
340,140
341,246
342,237
343,187
344,179
345,143
346,124
347,130
348,90
349,86
350,103
351,174
352,125
353,155
354,196
355,203
356,217
357,226
358,210
359,168
360,199
361,180
362,206
363,139
364,230
365,192
366,204
367,241
368,240
369,61
370,193
371,202
372,100
373,175
374,251
375,105
376,218
377,233
378,135
379,197
380,175
381,107
382,122
383,203
384,181
385,252
386,206
387,85
388,185
389,229
390,243
391,195
392,241
393,176
394,163
395,0
396,219
397,215
398,163
399,236
400,145
401,178
402,215
403,151
404,158
405,203
406,218
407,97
408,213
409,219
410,182
411,116
412,231
413,250
414,187
415,142
416,172
417,92
418,191
419,114
420,228
421,210
422,217
423,244
424,212
425,237
426,227
427,79
428,147
429,160
430,230
431,237
432,215
433,246
434,182
435,172
436,180
437,223
438,205
439,241
440,182
441,134
442,184
443,194
444,185
445,173
446,83
447,202
448,100
449,225
450,52
451,203
452,209
453,184
454,220
455,219
456,200
457,247
458,213
459,248
460,227
461,243
462,250
463,183
464,223
465,192
466,169
467,172
468,147
469,155
470,99
471,178
472,176
473,158
474,182
475,246
476,231
477,174
478,210
479,143
480,183
481,247
482,246
483,248
484,145
485,142
486,222
487,80
488,151
489,235
490,170
491,158
492,200
493,98
494,180
495,166
496,225
497,223
498,243
499,230
500,179
501,204
502,232
503,248
504,101
505,235
506,149
507,186
508,134
509,47
510,230
511,227
512,218
513,251
514,167
515,224
516,192
517,188
518,102
519,224
520,126
521,230
522,173
523,88
524,185
525,235
526,220
527,222
528,227
529,218
530,180
531,204
532,60
533,182
534,249
535,113
536,230
537,213
538,103
539,131
540,194
541,247
542,215
543,189
544,216
545,149
546,153
547,146
548,62
549,256
550,165
551,101
552,233
553,180
554,67
555,186
556,16
557,226
558,131
559,201
560,132
561,205
562,200
563,137
564,223
565,184
566,253
567,253
568,231
569,246
570,193
571,114
572,233
573,223
574,177
575,195
576,234
577,93
578,225
579,254
580,197
581,75
582,209
583,251
584,249
585,127
586,184
587,190
588,188
589,107
590,232
591,223
592,252
593,139
594,183
595,235
596,243
597,247
598,153
599,238
600,184
601,211
602,120
603,218
604,169
605,141
606,163
607,219
608,193
609,93
610,225
611,239
612,177
613,250
614,78
615,253
616,152
617,149
618,142
619,147
620,181
621,201
622,144
623,223
624,180
625,204
626,220
627,204
628,200
629,175
630,184
631,203
632,233
633,211
634,203
635,188
636,171
637,111
638,91
639,217
640,41
641,182
642,193
643,142
644,226
645,225
646,239
647,229
648,194
649,223
650,162
651,251
652,164
653,120
654,0
655,195
656,135
657,246
658,240
659,161
660,226
661,194
662,190
663,192
664,222
665,128
666,226
667,118
668,225
669,126
670,173
671,214
672,50
673,244
674,201
675,220
676,156
677,116
678,185
679,225
680,245
681,139
682,249
683,170
684,196
685,231
686,173
687,185
688,204
689,139
690,247
691,227
692,194
693,197
694,177
695,228
696,168
697,236
698,40
699,193
700,223
701,238
702,148
703,254
704,184
705,228
706,122
707,246
708,69
709,150
710,247
711,243
712,251
713,217
714,131
715,187
716,170
717,224
718,136
719,89
720,162
721,223
722,113
723,222
724,230
725,182
726,109
727,254
728,44
729,177
730,208
731,41
732,234
733,127
734,233
735,128
736,156
737,198
738,203
739,206
740,230
741,204
742,94
743,133
744,177
745,185
746,111
747,254
748,208
749,241
750,195
751,0
752,197
753,129
754,247
755,96
756,230
757,166
758,205
759,227
760,185
761,103
762,219
763,231
764,161
765,242
766,150
767,172
768,122
769,213
770,161
771,222
772,158
773,232
774,201
775,143
776,183
777,229
778,188
779,120
780,223
781,173
782,131
783,237
784,222
785,251
786,234
787,64
788,89
789,229
790,251
791,82
792,199
793,238
794,196
795,236
796,127
797,169
798,229
799,256
800,148
801,240
802,206
803,148
804,154
805,233
806,247
807,194
808,250
809,207
810,235
811,149
812,175
813,235
814,201
815,203
816,202
817,155
818,54
819,199
820,252
821,209
822,0
823,222
824,219
825,186
826,186
827,229
828,183
829,233
830,182
831,196
832,216
833,104
834,174
835,149
836,158
837,106
838,135
839,125
840,234
841,213
842,238
843,228
844,217
845,222
846,176
847,182
848,220
849,160
850,208
851,138
852,199
853,248
854,109
855,159
856,66
857,240
858,150
859,83
860,226
861,185
862,151
863,220
864,183
865,124
866,219
867,241
868,184
869,218
870,178
871,229
872,207
873,212
874,238
875,243
876,206
877,216
878,172
879,221
880,246
881,141
882,47
883,233
884,190
885,187
886,158
887,223
888,233
889,78
890,251
891,217
892,192
893,194
894,176
895,251
896,236
897,214
898,141
899,162
900,137
901,179
902,206
903,127
904,87
905,178
906,76
907,108
908,173
909,232
910,239
911,182
912,75
913,214
914,242
915,215
916,131
917,170
918,151
919,205
920,199
921,190
922,202
923,234
924,251
925,142
926,220
927,126
928,236
929,214
930,238
931,241
932,176
933,234
934,178
935,246
936,229
937,128
938,14
939,249
940,229
941,202
942,137
943,198
944,202
945,232
946,224
947,180
948,175
949,256
950,205
951,234
952,160
953,231
954,241
955,128
956,228
957,241
958,202
959,215
960,220
961,249
962,250
963,184
964,161
965,199
966,250
967,253
968,212
969,169
970,209
971,125
972,203
973,120
974,187
975,173
976,229
977,155
978,227
979,239
980,124
981,255
982,177
983,230
984,242
985,122
986,33
987,229
988,161
989,181
990,150
991,135
992,62
993,224
994,185
995,151
996,184
997,215
998,160
999,251
1000,243
1001,204
1002,248
1003,99
1004,184
1005,184
1006,209
1007,202
1008,148
1009,60
1010,157
1011,180
1012,247
1013,206
1014,234
1015,199
1016,207
1017,226
1018,194
1019,225
1020,210
1021,115
1022,230
1023,171
1024,156
1025,253
1026,163
1027,215
1028,244
1029,157
1030,186
1031,136
1032,116
1033,240
1034,183
1035,236
1036,94
1037,63
1038,182
1039,124
1040,183
1041,162
1042,158
1043,200
1044,150
1045,214
1046,179
1047,192
1048,178
1049,141
1050,226
1051,241
1052,208
1053,108
1054,144
1055,141
1056,172
1057,247
1058,90
1059,189
1060,221
1061,142
1062,212
1063,214
1064,187
1065,213
1066,71
1067,218
1068,195
1069,245
1070,251
1071,192
1072,153
1073,205
1074,85
1075,254
1076,214
1077,238
1078,207
1079,246
1080,150
1081,216
1082,113
1083,198
1084,210
1085,200
1086,172
1087,167
1088,125
1089,174
1090,98
1091,182
1092,98
1093,125
1094,84
1095,229
1096,116
1097,154
1098,158
1099,187
1100,228
1101,227
1102,143
1103,176
1104,243
1105,165
1106,174
1107,248
1108,228
1109,223
1110,253
1111,208
1112,242
1113,239
1114,142
1115,184
1116,212
1117,169
1118,193
1119,170
1120,224
1121,141
1122,171
1123,172
1124,149
1125,239
1126,27
1127,184
1128,110
1129,200
1130,242
1131,256
1132,215
1133,241
1134,65
1135,222
1136,166
1137,150
1138,195
1139,69
1140,242
1141,239
1142,231
1143,155
1144,106
1145,146
1146,191
1147,213
1148,169
1149,146
1150,116
1151,242
1152,107
1153,197
1154,239
1155,135
1156,244
1157,223
1158,222
1159,242
1160,195
1161,230
1162,179
1163,238
1164,121
1165,162
1166,243
1167,192
1168,171
1169,130
1170,235
1171,189
1172,186
1173,195
1174,192
1175,224
1176,131
1177,216
1178,161
1179,225
1180,146
1181,174
1182,195
1183,216
1184,177
1185,237
1186,256
1187,84
1188,136
1189,222
1190,232
1191,226
1192,183
1193,250
1194,245
1195,235
1196,94
1197,196
1198,138
1199,94
1200,119
1201,255
1202,220
1203,241
1204,80
1205,237
1206,211
1207,215
1208,124
1209,216
1210,194
1211,183
1212,196
1213,90
1214,234
1215,0
1216,217
1217,0
1218,187
1219,236
1220,246
1221,176
1222,136
1223,222
1224,149
1225,19
1226,186
1227,190
1228,104
1229,170
1230,160
1231,175
1232,122
1233,239
1234,111
1235,88
1236,124
1237,130
1238,196
1239,246
1240,190
1241,209
1242,194
1243,219
1244,173
1245,123
1246,254
1247,243
1248,190
1249,202
1250,175
1251,206
1252,185
1253,244
1254,212
1255,211
1256,218
1257,172
1258,216
1259,244
1260,229
1261,227
1262,46
1263,248
1264,207
1265,195
1266,199
1267,216
1268,174
1269,235
1270,108
1271,225
1272,218
1273,237
1274,137
1275,170
1276,134
1277,205
1278,207
1279,194
1280,150
1281,184
1282,126
1283,204
1284,242
1285,138
1286,176
1287,29
1288,135
1289,188
1290,126
1291,117
1292,174
1293,128
1294,222
1295,155
1296,227
1297,235
1298,169
1299,250
1300,104
1301,236
1302,202
1303,208
1304,183
1305,84
1306,105
1307,185
1308,139
1309,180
1310,201
1311,210
1312,215
1313,162
1314,211
1315,256
1316,216
1317,186
1318,198
1319,119
1320,154
1321,108
1322,213
1323,233
1324,88
1325,172
1326,155
1327,250
1328,182
1329,222
1330,199
1331,186
1332,255
1333,216
1334,237
1335,150
1336,204
1337,138
1338,173
1339,197
1340,242
1341,253
1342,189
1343,201
1344,221
1345,216
1346,202
1347,251
1348,164
1349,176
1350,224
1351,235
1352,159
1353,211
1354,226
1355,64
1356,149
1357,102
1358,185
1359,92
1360,234
1361,232
1362,220
1363,191
1364,154
1365,179
1366,62
1367,233
1368,144
1369,234
1370,245
1371,203
1372,250
1373,210
1374,199
1375,188
1376,209
1377,220
1378,58
1379,177
1380,176
1381,164
1382,174
1383,232
1384,44
1385,141
1386,103
1387,188
1388,106
1389,246
1390,211
1391,192
1392,133
1393,243
1394,210
1395,212
1396,186
1397,238
1398,150
1399,207
1400,85
1401,215
1402,196
1403,148
1404,192
1405,133
1406,254
1407,0
1408,106
1409,130
1410,201
1411,220
1412,230
1413,230
1414,163
1415,223
1416,70
1417,220
1418,149
1419,34
1420,228
1421,226
1422,218
1423,256
1424,167
1425,205
1426,244
1427,147
1428,177
1429,161
1430,236
1431,179
1432,170
1433,229
1434,198
1435,157
1436,241
1437,230
1438,134
1439,218
1440,206
1441,246
1442,141
1443,251
1444,157
1445,244
1446,222
1447,216
1448,219
1449,174
1450,202
1451,132
1452,234
1453,137
1454,223
1455,239
1456,237
1457,189
1458,218
1459,192
1460,101
1461,191
1462,223
1463,200
1464,48
1465,222
1466,248
1467,226
1468,161
1469,184
1470,123
1471,230
1472,229
1473,214
1474,0
1475,193
1476,112
1477,219
1478,145
1479,208
1480,206
1481,0
1482,231
1483,61
1484,195
1485,200
1486,172
1487,251
1488,157
1489,216
1490,174
1491,250
1492,167
1493,250
1494,169
1495,234
1496,226
1497,188
1498,147
1499,195
1500,63
1501,197
1502,138
1503,146
1504,121
1505,83
1506,77
1507,217
1508,244
1509,161
1510,99
1511,232
1512,92
1513,165
1514,203
1515,164
1516,171
1517,199
1518,234
1519,196
1520,165
1521,207
1522,246
1523,249
1524,136
1525,209
1526,233
1527,180
1528,148
1529,174
1530,153
1531,218
1532,98
1533,0
1534,153
1535,187
1536,229
1537,158
1538,163
1539,227
1540,191
1541,250
1542,236
1543,221
1544,207
1545,158
1546,239
1547,157
1548,133
1549,133
1550,82
1551,163
1552,202
1553,221
1554,112
1555,231
1556,68
1557,209
1558,211
1559,168
1560,175
1561,167
1562,254
1563,165
1564,243
1565,135
1566,233
1567,224
1568,231
1569,170
1570,243
1571,232
1572,197
1573,233
1574,206
1575,176
1576,168
1577,232
1578,192
1579,236
1580,219
1581,241
1582,173
1583,198
1584,138
1585,176
1586,235
1587,232
1588,219
1589,211
1590,232
1591,200
1592,161
1593,116
1594,169
1595,237
1596,218
1597,140
1598,182
1599,171
1600,177
1601,190
1602,193
1603,220
1604,173
1605,238
1606,70
1607,229
1608,135
1609,176
1610,144
1611,224
1612,254
1613,178
1614,216
1615,205
1616,163
1617,140
1618,197
1619,216
1620,209
1621,124
1622,184
1623,183
1624,149
1625,168
1626,164
1627,187
1628,224
1629,165
1630,231
1631,229
1632,200
1633,215
1634,71
1635,182
1636,177
1637,224
1638,106
1639,156
1640,180
1641,207
1642,240
1643,116
1644,136
1645,244
1646,94
1647,227
1648,228
1649,181
1650,241
1651,192
1652,133
1653,166
1654,81
1655,241
1656,92
1657,205
1658,78
1659,171
1660,149
1661,237
1662,184
1663,124
1664,179
1665,241
1666,86
1667,161
1668,187
1669,98
1670,203
1671,121
1672,216
1673,82
1674,203
1675,193
1676,218
1677,222
1678,174
1679,94
1680,138
1681,203
1682,219
1683,153
1684,171
1685,191
1686,224
1687,213
1688,241
1689,195
1690,226
1691,90
1692,98
1693,156
1694,159
1695,60
1696,227
1697,144
1698,221
1699,200
1700,224
1701,248
1702,250
1703,243
1704,256
1705,191
1706,234
1707,256
1708,228
1709,224
1710,211
1711,202
1712,199
1713,173
1714,135
1715,169
1716,100
1717,210
1718,209
1719,180
1720,217
1721,179
1722,204
1723,62
1724,256
1725,214
1726,192
1727,219
1728,205
1729,229
1730,162
1731,233
1732,218
1733,67
1734,150
1735,35
1736,202
1737,244
1738,176
1739,245
1740,212
1741,69
1742,252
1743,185
1744,167
1745,137
1746,162
1747,220
1748,204
1749,173
1750,213
1751,183
1752,139
1753,214
1754,246
1755,202
1756,202
1757,206
1758,232
1759,204
1760,88
1761,59
1762,250
1763,216
1764,192
1765,61
1766,251
1767,182
1768,154
1769,220
1770,0
1771,201
1772,103
1773,181
1774,100
1775,129
1776,126
1777,227
1778,108
1779,142
1780,254
1781,184
1782,214
1783,184
1784,142
1785,175
1786,191
1787,231
1788,195
1789,248
1790,184
1791,49
1792,88
1793,168
1794,36
1795,74
1796,227
1797,73
1798,175
1799,175
1800,183
1801,184
1802,180
1803,104
1804,121
1805,168
1806,81
1807,172
1808,195
1809,140
1810,150
1811,209
1812,214
1813,197
1814,169
1815,188
1816,111
1817,111
1818,103
1819,234
1820,197
1821,186
1822,185
1823,243
1824,214
1825,215
1826,231
1827,170
1828,157
1829,96
1830,121
1831,206
1832,187
1833,250
1834,121
1835,184
1836,208
1837,200
1838,216
1839,116
1840,220
1841,148
1842,241
1843,147
1844,251
1845,20
1846,141
1847,208
1848,124
1849,174
1850,237
1851,157
1852,209
1853,184
1854,136
1855,190
1856,164
1857,201
1858,238
1859,192
1860,155
1861,174
1862,139
1863,187
1864,182
1865,177
1866,175
1867,250
1868,200
1869,226
1870,196
1871,127
1872,22
1873,199
1874,220
1875,230
1876,141
1877,209
1878,241
1879,164
1880,178
1881,75
1882,206
1883,173
1884,245
1885,108
1886,90
1887,241
1888,154
1889,168
1890,220
1891,139
1892,100
1893,209
1894,253
1895,175
1896,197
1897,224
1898,184
1899,217
1900,172
1901,238
1902,216
1903,160
1904,201
1905,197
1906,211
1907,218
1908,194
1909,134
1910,194
1911,217
1912,216
1913,81
1914,107
1915,145
1916,218
1917,193
1918,130
1919,146
1920,236
1921,214
1922,223
1923,201
1924,116
1925,217
1926,227
1927,156
1928,172
1929,200
1930,132
1931,255
1932,224
1933,199
1934,182
1935,242
1936,194
1937,185
1938,61
1939,181
1940,167
1941,209
1942,218
1943,160
1944,231
1945,206
1946,133
1947,203
1948,245
1949,111
1950,129
1951,126
1952,174
1953,46
1954,234
1955,104
1956,182
1957,228
1958,197
1959,117
1960,153
1961,78
1962,139
1963,133
1964,105
1965,151
1966,210
1967,203
1968,245
1969,255
1970,240
1971,253
1972,184
1973,134
1974,221
1975,59
1976,221
1977,232
1978,188
1979,244
1980,191
1981,208
1982,230
1983,226
1984,225
1985,104
1986,240
1987,198
1988,233
1989,195
1990,242
1991,180
1992,237
1993,155
1994,66
1995,200
1996,96
1997,160
1998,155
1999,198
2000,185
2001,220
2002,204
2003,229
2004,168
2005,166
2006,201
2007,222
2008,203
2009,221
2010,214
2011,233
2012,236
2013,222
2014,181
2015,173
2016,218
2017,197
2018,195
2019,231
2020,175
2021,219
2022,58
2023,219
2024,186
2025,240
2026,218
2027,153
2028,205
2029,87
2030,254
2031,210
2032,232
2033,239
2034,168
2035,225
2036,128
2037,146
2038,190
2039,195
2040,154
2041,221
2042,27
2043,181
2044,248
2045,138
2046,256
2047,247
2048,187
2049,168
2050,46
2051,158
2052,165
2053,222
2054,208
2055,222
2056,214
2057,217
2058,222
2059,215
2060,70
2061,223
2062,68
2063,20
2064,120
2065,229
2066,235
2067,185
2068,86
2069,94
2070,203
2071,217
2072,197
2073,213
2074,253
2075,243
2076,167
2077,107
2078,234
2079,136
2080,197
2081,215
2082,225
2083,184
2084,215
2085,146
2086,133
2087,162
2088,220
2089,237
2090,142
2091,254
2092,162
2093,235
2094,210
2095,186
2096,231
2097,159
2098,205
2099,125
2100,185
2101,243
2102,166
2103,161
2104,189
2105,130
2106,241
2107,213
2108,180
2109,235
2110,183
2111,213
2112,124
2113,167
2114,215
2115,236
2116,199
2117,241
2118,224
2119,243
2120,171
2121,97
2122,210
2123,152
2124,231
2125,236
2126,162
2127,189
2128,158
2129,154
2130,230
2131,181
2132,164
2133,185
2134,135
2135,189
2136,214
2137,131
2138,256
2139,198
2140,206
2141,224
2142,213
2143,235
2144,228
2145,217
2146,156
2147,147
2148,214
2149,199
2150,180
2151,254
2152,181
2153,212
2154,238
2155,233
2156,244
2157,216
2158,123
2159,194
2160,99
2161,188
2162,45
2163,240
2164,234
2165,161
2166,234
2167,184
2168,180
2169,244
2170,227
2171,172
2172,115
2173,157
2174,161
2175,145
2176,239
2177,250
2178,205
2179,218
2180,256
2181,198
2182,168
2183,121
2184,148
2185,181
2186,155
2187,4
2188,202
2189,210
2190,165
2191,203
2192,152
2193,91
2194,252
2195,137
2196,125
2197,221
2198,149
2199,136
2200,141
2201,192
2202,233
2203,12
2204,195
2205,109
2206,238
2207,136
2208,175
2209,140
2210,145
2211,243
2212,151
2213,151
2214,212
2215,256
2216,226
2217,228
2218,209
2219,186
2220,173
2221,237
2222,213
2223,177
2224,20
2225,219
2226,203
2227,92
2228,172
2229,127
2230,232
2231,226
2232,152
2233,212
2234,160
2235,222
2236,64
2237,243
2238,223
2239,158
2240,195
2241,206
2242,186
2243,196
2244,120
2245,183
2246,166
2247,208
2248,213
2249,171
2250,234
2251,255
2252,133
2253,190
2254,250
2255,223
2256,113
2257,226
2258,173
2259,84
2260,207
2261,195
2262,232
2263,87
2264,242
2265,48
2266,228
2267,218
2268,0
2269,155
2270,177
2271,95
2272,250
2273,150
2274,221
2275,118
2276,256
2277,238
2278,185
2279,142
2280,235
2281,129
2282,171
2283,91
2284,252
2285,234
2286,109
2287,209
2288,236
2289,235
2290,212
2291,202
2292,244
2293,53
2294,166
2295,160
2296,161
2297,173
2298,252
2299,212
2300,207
2301,204
2302,250
2303,237
2304,245
2305,236
2306,177
2307,149
2308,208
2309,189
2310,157
2311,145
2312,243
2313,204
2314,253
2315,256
2316,159
2317,20
2318,108
2319,220
2320,188
2321,208
2322,230
2323,249
2324,243
2325,192
2326,164
2327,217
2328,128
2329,204
2330,196
2331,158
2332,202
2333,176
2334,233
2335,120
2336,176
2337,233
2338,229
2339,143
2340,232
2341,182
2342,256
2343,211
2344,193
2345,200
2346,214
2347,216
2348,230
2349,212
2350,172
2351,232
2352,99
2353,108
2354,158
2355,247
2356,212
2357,213
2358,204
2359,10
2360,217
2361,78
2362,83
2363,213
2364,213
2365,184
2366,134
2367,245
2368,113
2369,145
2370,244
2371,211
2372,108
2373,245
2374,226
2375,231
2376,214
2377,88
2378,254
2379,241
2380,212
2381,176
2382,121
2383,233
2384,243
2385,217
2386,188
2387,219
2388,228
2389,121
2390,230
2391,136
2392,155
2393,184
2394,143
2395,118
2396,134
2397,239
2398,141
2399,223
