0,12
1,241
2,230
3,183
4,205
5,142
6,182
7,89
8,192
9,126
10,136
11,200
12,228
13,230
14,251
15,161
16,157
17,216
18,199
19,126
20,133
21,185
22,177
23,192
24,7
25,146
26,183
27,139
28,148
29,221
30,219
31,170
32,164
33,164
34,118
35,10
36,224
37,172
38,226
39,242
40,140
41,223
42,153
43,69
44,172
45,226
46,211
47,197
48,178
49,68
50,203
51,144
52,238
53,242
54,210
55,193
56,189
57,158
58,178
59,158
60,66
61,191
62,157
63,199
64,210
65,138
66,219
67,137
68,132
69,140
70,139
71,186
72,209
73,210
74,167
75,120
76,166
77,141
78,182
79,202
80,209
81,173
82,187
83,204
84,186
85,154
86,189
87,248
88,214
89,206
90,171
91,143
92,117
93,229
94,180
95,187
96,165
97,135
98,210
99,221
100,188
101,238
102,211
103,226
104,109
105,165
106,183
107,183
108,159
109,137
110,221
111,213
112,200
113,20
114,208
115,193
116,116
117,138
118,219
119,209
120,202
121,0
122,198
123,228
124,205
125,174
126,175
127,190
128,168
129,112
130,179
131,195
132,202
133,67
134,168
135,179
136,105
137,214
138,199
139,203
140,136
141,214
142,83
143,202
144,201
145,184
146,190
147,203
148,104
149,215
150,129
151,129
152,179
153,167
154,161
155,218
156,238
157,79
158,217
159,187
160,196
161,172
162,153
163,144
164,231
165,231
166,196
167,217
168,172
169,234
170,211
171,159
172,163
173,238
174,154
175,146
176,176
177,97
178,184
179,177
180,188
181,173
182,115
183,14
184,175
185,195
186,170
187,227
188,71
189,176
190,110
191,239
192,186
193,120
194,139
195,209
196,160
197,222
198,241
199,170
200,125
201,216
202,215
203,206
204,189
205,195
206,199
207,181
208,206
209,209
210,153
211,212
212,207
213,219
214,207
215,190
216,215
217,94
218,176
219,206
220,204
221,169
222,244
223,176
224,188
225,217
226,180
227,240
228,208
229,214
230,119
231,200
232,145
233,132
234,135
235,110
236,183
237,133
238,160
239,229
240,162
241,145
242,214
243,202
244,150
245,219
246,190
247,51
248,217
249,172
250,202
251,175
252,168
253,133
254,203
255,184
256,222
257,160
258,204
259,238
260,223
261,137
262,194
263,202
264,144
265,204
266,108
267,187
268,172
269,206
270,240
271,85
272,111
273,155
274,101
275,215
276,171
277,169
278,174
279,172
280,92
281,223
282,112
283,149
284,174
285,137
286,141
287,168
288,196
289,178
290,207
291,232
292,230
293,198
294,159
295,238
296,176
297,188
298,196
299,211
300,192
301,164
302,205
303,172
304,202
305,228
306,223
307,157
308,198
309,171
310,226
311,153
312,183
313,119
314,145
315,176
316,207
317,219
318,162
319,154
320,146
321,135
322,203
323,222
324,226
325,167
326,207
327,236
328,228
329,143
330,143
331,193
332,246
333,218
334,221
335,202
336,192
337,202
338,167
339,186
340,243
341,176
342,62
343,143
344,155
345,143
346,173
347,154
348,247
349,186
350,248
351,189
352,132
353,147
354,209
355,204
356,203
357,158
358,205
359,205
360,124
361,156
362,203
363,162
364,147
365,194
366,91
367,199
368,232
369,195
370,209
371,201
372,229
373,138
374,114
375,168
376,172
377,165
378,163
379,201
380,184
381,156
382,129
383,147
384,214
385,128
386,140
387,204
388,160
389,235
390,147
391,180
392,231
393,129
394,152
395,242
396,229
397,213
398,238
399,104
400,158
401,121
402,232
403,241
404,190
405,155
406,95
407,151
408,202
409,226
410,239
411,223
412,214
413,140
414,140
415,214
416,241
417,249
418,153
419,188
420,165
421,131
422,162
423,151
424,210
425,227
426,125
427,223
428,186
429,135
430,233
431,221
432,89
433,239
434,170
435,123
436,140
437,204
438,206
439,182
440,149
441,215
442,150
443,76
444,190
445,125
446,177
447,184
448,220
449,213
450,211
451,168
452,247
453,133
454,226
455,177
456,212
457,219
458,204
459,196
460,231
461,122
462,163
463,230
464,240
465,128
466,131
467,183
468,212
469,246
470,122
471,230
472,160
473,116
474,179
475,165
476,230
477,174
478,122
479,244
480,195
481,168
482,190
483,208
484,76
485,229
486,123
487,221
488,248
489,111
490,215
491,234
492,150
493,224
494,109
495,250
496,219
497,230
498,147
499,184
500,227
501,237
502,232
503,224
504,187
505,205
506,213
507,186
508,200
509,202
510,116
511,228
512,214
513,125
514,167
515,244
516,229
517,189
518,224
519,241
520,218
521,159
522,156
523,233
524,177
525,233
526,180
527,177
528,205
529,197
530,234
531,223
532,165
533,221
534,212
535,218
536,221
537,125
538,239
539,200
540,210
541,202
542,126
543,198
544,225
545,173
546,147
547,231
548,211
549,190
550,123
551,199
552,208
553,182
554,246
555,221
556,127
557,200
558,146
559,229
560,220
561,247
562,192
563,224
564,145
565,197
566,159
567,221
568,227
569,219
570,219
571,231
572,188
573,213
574,239
575,146
576,223
577,231
578,180
579,240
580,202
581,242
582,200
583,146
584,187
585,159
586,192
587,174
588,186
589,226
590,201
591,164
592,207
593,150
594,138
595,134
596,208
597,235
598,137
599,145
600,151
601,243
602,111
603,103
604,151
605,232
606,155
607,179
608,183
609,136
610,153
611,205
612,207
613,90
614,228
615,136
616,56
617,181
618,234
619,182
620,72
621,186
622,226
623,178
624,129
625,199
626,173
627,217
628,221
629,146
630,223
631,223
632,111
633,149
634,198
635,205
636,234
637,163
638,150
639,134
640,207
641,158
642,235
643,191
644,198
645,133
646,239
647,188
648,210
649,76
650,146
651,211
652,209
653,222
654,189
655,210
656,140
657,212
658,190
659,223
660,151
661,217
662,199
663,184
664,193
665,192
666,221
667,216
668,133
669,200
670,130
671,162
672,193
673,190
674,241
675,200
676,198
677,165
678,152
679,148
680,212
681,152
682,158
683,216
684,219
685,209
686,173
687,225
688,208
689,194
690,94
691,220
692,34
693,244
694,238
695,184
696,135
697,177
698,133
699,149
700,140
701,234
702,233
703,244
704,103
705,214
706,95
707,185
708,145
709,243
710,150
711,226
712,112
713,228
714,162
715,164
716,162
717,245
718,188
719,126
720,204
721,203
722,161
723,78
724,179
725,135
726,193
727,32
728,125
729,189
730,209
731,133
732,178
733,186
734,236
735,182
736,216
737,175
738,193
739,75
740,186
741,226
742,122
743,243
744,222
745,103
746,199
747,115
748,155
749,208
750,85
751,194
752,202
753,192
754,207
755,219
756,201
757,217
758,235
759,138
760,162
761,252
762,244
763,212
764,224
765,218
766,235
767,171
768,199
769,196
770,229
771,86
772,224
773,194
774,129
775,231
776,190
777,232
778,201
779,244
780,157
781,232
782,145
783,197
784,156
785,197
786,90
787,179
788,117
789,214
790,160
791,139
792,102
793,212
794,226
795,107
796,130
797,240
798,98
799,132
800,222
801,171
802,185
803,236
804,245
805,144
806,143
807,201
808,214
809,179
810,210
811,211
812,175
813,160
814,206
815,195
816,125
817,183
818,234
819,197
820,180
821,172
822,216
823,205
824,184
825,187
826,218
827,155
828,243
829,209
830,215
831,205
832,152
833,223
834,181
835,178
836,196
837,182
838,248
839,228
840,80
841,98
842,186
843,215
844,154
845,117
846,176
847,224
848,205
849,218
850,210
851,81
852,129
853,154
854,185
855,163
856,201
857,245
858,182
859,212
860,209
861,175
862,204
863,161
864,186
865,231
866,224
867,236
868,241
869,246
870,182
871,214
872,215
873,187
874,164
875,219
876,175
877,182
878,190
879,170
880,125
881,172
882,211
883,162
884,181
885,170
886,227
887,243
888,174
889,238
890,192
891,102
892,118
893,200
894,188
895,181
896,181
897,92
898,200
899,207
900,182
901,134
902,192
903,194
904,229
905,148
906,201
907,140
908,192
909,163
910,129
911,213
912,129
913,209
914,150
915,240
916,203
917,181
918,180
919,56
920,195
921,167
922,181
923,211
924,211
925,185
926,191
927,192
928,163
929,211
930,118
931,119
932,192
933,223
934,178
935,195
936,155
937,234
938,202
939,178
940,172
941,217
942,166
943,179
944,216
945,138
946,202
947,144
948,203
949,162
950,127
951,155
952,222
953,228
954,214
955,242
956,200
957,215
958,182
959,105
960,197
961,234
962,147
963,224
964,172
965,171
966,145
967,181
968,171
969,231
970,229
971,190
972,186
973,45
974,204
975,193
976,210
977,138
978,211
979,239
980,214
981,226
982,192
983,179
984,196
985,236
986,196
987,227
988,238
989,146
990,243
991,134
992,173
993,212
994,201
995,206
996,201
997,236
998,149
999,214
1000,214
1001,157
1002,183
1003,243
1004,219
1005,211
1006,184
1007,198
1008,187
1009,190
1010,225
1011,194
1012,177
1013,195
1014,191
1015,224
1016,163
1017,216
1018,215
1019,246
1020,246
1021,246
1022,140
1023,169
1024,147
1025,220
1026,216
1027,118
1028,193
1029,189
1030,230
1031,170
1032,128
1033,162
1034,188
1035,199
1036,223
1037,186
1038,237
1039,191
1040,180
1041,150
1042,208
1043,153
1044,151
1045,228
1046,190
1047,183
1048,229
1049,150
1050,196
1051,196
1052,227
1053,181
1054,186
1055,164
1056,242
1057,204
1058,184
1059,207
1060,226
1061,169
1062,205
1063,172
1064,227
1065,213
1066,176
1067,224
1068,245
1069,200
1070,225
1071,188
1072,132
1073,225
1074,241
1075,194
1076,217
1077,196
1078,129
1079,173
1080,218
1081,161
1082,143
1083,137
1084,210
1085,215
1086,202
1087,141
1088,201
1089,156
1090,223
1091,178
1092,219
1093,165
1094,209
1095,240
1096,119
1097,208
1098,205
1099,216
1100,190
1101,223
1102,234
1103,223
1104,175
1105,211
1106,212
1107,109
1108,227
1109,212
1110,192
1111,174
1112,204
1113,222
1114,226
1115,177
1116,225
1117,160
1118,193
1119,150
1120,228
1121,196
1122,164
1123,166
1124,177
1125,181
1126,245
1127,222
1128,178
1129,202
1130,190
1131,241
1132,159
1133,234
1134,180
1135,184
1136,216
1137,197
1138,249
1139,195
1140,241
1141,193
1142,196
1143,147
1144,150
1145,164
1146,35
1147,250
1148,148
1149,193
1150,124
1151,233
1152,194
1153,192
1154,175
1155,170
1156,191
1157,228
1158,212
1159,227
1160,170
1161,234
1162,104
1163,248
1164,156
1165,241
1166,168
1167,224
1168,232
1169,215
1170,187
1171,183
1172,218
1173,214
1174,231
1175,248
1176,208
1177,173
1178,246
1179,125
1180,166
1181,157
1182,131
1183,144
1184,217
1185,235
1186,197
1187,210
1188,107
1189,187
1190,223
1191,141
1192,244
1193,199
1194,230
1195,248
1196,180
1197,183
1198,180
1199,234
1200,166
1201,247
1202,112
1203,204
1204,173
1205,193
1206,150
1207,170
1208,151
1209,204
1210,172
1211,211
1212,214
1213,208
1214,89
1215,179
1216,79
1217,185
1218,143
1219,249
1220,199
1221,191
1222,66
1223,117
1224,180
1225,95
1226,239
1227,90
1228,160
1229,238
1230,147
1231,23
1232,165
1233,165
1234,135
1235,182
1236,195
1237,169
1238,179
1239,205
1240,198
1241,160
1242,139
1243,231
1244,230
1245,248
1246,230
1247,137
1248,238
1249,180
1250,235
1251,171
1252,189
1253,185
1254,119
1255,75
1256,181
1257,232
1258,175
1259,145
1260,169
1261,215
1262,104
1263,246
1264,188
1265,171
1266,71
1267,113
1268,238
1269,208
1270,238
1271,192
1272,196
1273,219
1274,244
1275,215
1276,173
1277,91
1278,213
1279,250
1280,187
1281,110
1282,236
1283,165
1284,169
1285,78
1286,177
1287,0
1288,166
1289,165
1290,241
1291,223
1292,115
1293,205
1294,138
1295,182
1296,240
1297,73
1298,156
1299,130
1300,240
1301,184
1302,235
1303,212
1304,209
1305,228
1306,224
1307,214
1308,87
1309,185
1310,140
1311,168
1312,100
1313,199
1314,221
1315,224
1316,87
1317,202
1318,162
1319,223
1320,111
1321,136
1322,180
1323,239
1324,87
1325,137
1326,177
1327,128
1328,133
1329,211
1330,186
1331,112
1332,120
1333,170
1334,157
1335,163
1336,154
1337,159
1338,85
1339,204
1340,133
1341,210
1342,217
1343,212
1344,136
1345,124
1346,247
1347,123
1348,209
1349,188
1350,240
1351,29
1352,176
1353,67
1354,210
1355,114
1356,229
1357,216
1358,164
1359,171
1360,225
1361,132
1362,181
1363,76
1364,242
1365,242
1366,166
1367,173
1368,170
1369,126
1370,196
1371,207
1372,128
1373,150
1374,239
1375,245
1376,130
1377,195
1378,165
1379,210
1380,212
1381,131
1382,213
1383,231
1384,217
1385,119
1386,237
1387,197
1388,87
1389,53
1390,107
1391,219
1392,181
1393,158
1394,200
1395,94
1396,140
1397,109
1398,185
1399,174
1400,190
1401,204
1402,126
1403,212
1404,231
1405,145
1406,202
1407,102
1408,132
1409,224
1410,191
1411,201
1412,219
1413,219
1414,231
1415,120
1416,139
1417,138
1418,243
1419,197
1420,184
1421,219
1422,244
1423,144
1424,151
1425,234
1426,35
1427,118
1428,222
1429,190
1430,38
1431,187
1432,198
1433,125
1434,129
1435,240
1436,156
1437,155
1438,236
1439,244
1440,229
1441,102
1442,162
1443,239
1444,196
1445,224
1446,154
1447,151
1448,198
1449,122
1450,136
1451,184
1452,198
1453,131
1454,236
1455,246
1456,196
1457,69
1458,158
1459,166
1460,203
1461,222
1462,65
1463,166
1464,115
1465,213
1466,196
1467,216
1468,233
1469,155
1470,122
1471,213
1472,146
1473,178
1474,184
1475,205
1476,196
1477,113
1478,216
1479,165
1480,177
1481,137
1482,244
1483,228
1484,209
1485,146
1486,246
1487,174
1488,243
1489,232
1490,196
1491,38
1492,228
1493,208
1494,250
1495,230
1496,248
1497,216
1498,217
1499,169
1500,155
1501,201
1502,197
1503,157
1504,127
1505,176
1506,168
1507,107
1508,175
1509,192
1510,141
1511,183
1512,166
1513,146
1514,150
1515,236
1516,193
1517,202
1518,206
1519,110
1520,199
1521,236
1522,178
1523,108
1524,169
1525,215
1526,203
1527,215
1528,196
1529,223
1530,154
1531,106
1532,187
1533,238
1534,161
1535,138
1536,148
1537,155
1538,148
1539,228
1540,178
1541,235
1542,72
1543,212
1544,156
1545,130
1546,182
1547,180
1548,118
1549,187
1550,46
1551,112
1552,171
1553,199
1554,201
1555,169
1556,153
1557,223
1558,192
1559,136
1560,226
1561,137
1562,241
1563,123
1564,149
1565,159
1566,128
1567,194
1568,238
1569,134
1570,190
1571,198
1572,241
1573,235
1574,208
1575,235
1576,136
1577,143
1578,94
1579,230
1580,208
1581,135
1582,106
1583,232
1584,174
1585,184
1586,213
1587,163
1588,196
1589,125
1590,227
1591,203
1592,200
1593,206
1594,181
1595,49
1596,198
1597,150
1598,152
1599,139
1600,219
1601,208
1602,158
1603,171
1604,239
1605,218
1606,205
1607,169
1608,229
1609,206
1610,252
1611,164
1612,208
1613,222
1614,165
1615,167
1616,233
1617,170
1618,195
1619,162
1620,165
1621,214
1622,236
1623,179
1624,208
1625,190
1626,138
1627,89
1628,231
1629,202
1630,175
1631,221
1632,209
1633,192
1634,184
1635,233
1636,198
1637,229
1638,72
1639,215
1640,223
1641,175
1642,193
1643,194
1644,220
1645,210
1646,210
1647,253
1648,254
1649,248
1650,239
1651,243
1652,170
1653,163
1654,176
1655,249
1656,200
1657,182
1658,247
1659,215
1660,235
1661,157
1662,192
1663,220
1664,157
1665,249
1666,165
1667,202
1668,67
1669,159
1670,202
1671,202
1672,251
1673,255
1674,196
1675,245
1676,219
1677,234
1678,161
1679,148
1680,225
1681,163
1682,231
1683,201
1684,174
1685,238
1686,170
1687,233
1688,236
1689,156
1690,110
1691,139
1692,219
1693,179
1694,104
1695,188
1696,179
1697,0
1698,218
1699,249
1700,149
1701,197
1702,156
1703,222
1704,219
1705,204
1706,232
1707,128
1708,175
1709,234
1710,202
1711,211
1712,153
1713,148
1714,54
1715,224
1716,232
1717,193
1718,113
1719,219
1720,172
1721,150
1722,215
1723,38
1724,101
1725,193
1726,240
1727,186
1728,179
1729,135
1730,162
1731,215
1732,182
1733,191
1734,146
1735,200
1736,141
1737,196
1738,177
1739,226
1740,136
1741,148
1742,160
1743,232
1744,250
1745,147
1746,160
1747,128
1748,175
1749,195
1750,98
1751,161
1752,160
1753,115
1754,191
1755,195
1756,214
1757,155
1758,233
1759,198
1760,103
1761,64
1762,225
1763,179
1764,215
1765,144
1766,138
1767,160
1768,236
1769,169
1770,204
1771,144
1772,129
1773,183
1774,131
1775,245
1776,243
1777,148
1778,111
1779,190
1780,195
1781,201
1782,76
1783,66
1784,187
1785,112
1786,141
1787,213
1788,207
1789,144
1790,240
1791,247
1792,209
1793,132
1794,195
1795,226
1796,152
1797,191
1798,228
1799,199
1800,174
1801,231
1802,226
1803,130
1804,223
1805,217
1806,153
1807,193
1808,206
1809,208
1810,208
1811,213
1812,174
1813,243
1814,152
1815,185
1816,215
1817,196
1818,165
1819,102
1820,157
1821,200
1822,182
1823,132
1824,206
1825,162
1826,164
1827,198
1828,197
1829,227
1830,214
1831,233
1832,213
1833,208
1834,109
1835,199
1836,166
1837,164
1838,238
1839,214
1840,235
1841,225
1842,186
1843,149
1844,150
1845,135
1846,98
1847,167
1848,217
1849,142
1850,182
1851,188
1852,213
1853,138
1854,173
1855,165
1856,180
1857,238
1858,195
1859,208
1860,226
1861,128
1862,155
1863,230
1864,245
1865,126
1866,220
1867,243
1868,93
1869,247
1870,236
1871,229
1872,178
1873,186
1874,217
1875,220
1876,138
1877,163
1878,203
1879,164
1880,231
1881,148
1882,246
1883,211
1884,159
1885,207
1886,197
1887,139
1888,168
1889,168
1890,236
1891,110
1892,252
1893,239
1894,200
1895,245
1896,103
1897,198
1898,183
1899,161
1900,136
1901,229
1902,162
1903,190
1904,163
1905,200
1906,93
1907,163
1908,231
1909,141
1910,185
1911,247
1912,191
1913,100
1914,144
1915,240
1916,234
1917,239
1918,231
1919,144
1920,197
1921,188
1922,247
1923,200
1924,124
1925,170
1926,209
1927,154
1928,92
1929,157
1930,159
1931,116
1932,247
1933,171
1934,94
1935,254
1936,199
1937,166
1938,183
1939,165
1940,130
1941,241
1942,246
1943,182
1944,108
1945,173
1946,213
1947,221
1948,229
1949,230
1950,212
1951,209
1952,217
1953,196
1954,147
1955,158
1956,215
1957,181
1958,211
1959,202
1960,219
1961,165
1962,120
1963,170
1964,77
1965,219
1966,223
1967,192
1968,208
1969,245
1970,119
1971,184
1972,225
1973,142
1974,190
1975,200
1976,184
1977,184
1978,187
1979,196
1980,160
1981,227
1982,238
1983,226
1984,189
1985,203
1986,210
1987,253
1988,230
1989,248
1990,172
1991,125
1992,238
1993,223
1994,154
1995,228
1996,76
1997,147
1998,229
1999,201
2000,156
2001,112
2002,121
2003,131
2004,183
2005,169
2006,212
2007,240
2008,98
2009,40
2010,249
2011,110
2012,230
2013,232
2014,140
2015,156
2016,197
2017,248
2018,183
2019,225
2020,243
2021,171
2022,195
2023,245
2024,186
2025,87
2026,204
2027,203
2028,153
2029,54
2030,227
2031,200
2032,16
2033,224
2034,155
2035,216
2036,228
2037,177
2038,241
2039,188
2040,217
2041,135
2042,160
2043,242
2044,136
2045,76
2046,230
2047,112
2048,119
2049,167
2050,213
2051,144
2052,143
2053,168
2054,229
2055,234
2056,28
2057,162
2058,210
2059,244
2060,162
2061,164
2062,183
2063,159
2064,200
2065,185
2066,232
2067,114
2068,151
2069,101
2070,206
2071,242
2072,104
2073,217
2074,209
2075,228
2076,229
2077,209
2078,164
2079,162
2080,207
2081,170
2082,157
2083,203
2084,218
2085,155
2086,183
2087,182
2088,241
2089,236
2090,176
2091,73
2092,239
2093,138
2094,159
2095,230
2096,172
2097,187
2098,169
2099,173
2100,86
2101,184
2102,170
2103,165
2104,225
2105,197
2106,195
2107,127
2108,181
2109,174
2110,229
2111,139
2112,209
2113,88
2114,61
2115,219
2116,85
2117,158
2118,140
2119,246
2120,202
2121,193
2122,176
2123,200
2124,246
2125,68
2126,182
2127,218
2128,220
2129,102
2130,181
2131,234
2132,64
2133,228
2134,153
2135,0
2136,192
2137,144
2138,162
2139,110
2140,138
2141,135
2142,198
2143,215
2144,186
2145,188
2146,111
2147,239
2148,34
2149,117
2150,183
2151,201
2152,135
2153,174
2154,200
2155,194
2156,174
2157,189
2158,223
2159,193
2160,150
2161,180
2162,173
2163,174
2164,190
2165,229
2166,154
2167,40
2168,29
2169,246
2170,239
2171,124
2172,216
2173,193
2174,222
2175,178
2176,188
2177,222
2178,134
2179,219
2180,131
2181,237
2182,12
2183,177
2184,93
2185,208
2186,157
2187,228
2188,233
2189,157
2190,183
2191,34
2192,204
2193,115
2194,203
2195,88
2196,208
2197,156
2198,216
2199,161
2200,211
2201,70
2202,219
2203,157
2204,116
2205,233
2206,117
2207,147
2208,156
2209,99
2210,140
2211,162
2212,147
2213,111
2214,152
2215,227
2216,214
2217,162
2218,58
2219,134
2220,197
2221,144
2222,215
2223,212
2224,145
2225,192
2226,211
2227,112
2228,190
2229,193
2230,249
2231,80
2232,181
2233,223
2234,223
2235,192
2236,147
2237,158
2238,165
2239,202
2240,143
2241,245
2242,197
2243,203
2244,243
2245,197
2246,197
2247,189
2248,75
2249,135
2250,161
2251,196
2252,224
2253,168
2254,159
2255,194
2256,180
2257,111
2258,193
2259,164
2260,198
2261,178
2262,192
2263,207
2264,239
2265,177
2266,139
2267,202
2268,229
2269,102
2270,113
2271,233
2272,151
2273,213
2274,173
2275,213
2276,190
2277,95
2278,16
2279,135
2280,179
2281,164
2282,162
2283,157
2284,78
2285,245
2286,105
2287,215
2288,238
2289,196
2290,144
2291,218
2292,104
2293,175
2294,147
2295,243
2296,144
2297,202
2298,227
2299,119
2300,214
2301,189
2302,191
2303,241
2304,163
2305,141
2306,0
2307,73
2308,214
2309,187
2310,199
2311,166
2312,228
2313,227
2314,175
2315,147
2316,60
2317,161
2318,244
2319,146
2320,228
2321,205
2322,144
2323,205
2324,209
2325,209
2326,115
2327,238
2328,163
2329,240
2330,159
2331,187
2332,188
2333,197
2334,178
2335,225
2336,113
2337,142
2338,224
2339,198
2340,199
2341,191
2342,186
2343,167
2344,227
2345,225
2346,186
2347,160
2348,204
2349,218
2350,160
2351,165
2352,189
2353,188
2354,193
2355,175
2356,176
2357,181
2358,208
2359,195
2360,167
2361,92
2362,210
2363,75
2364,218
2365,130
2366,243
2367,151
2368,218
2369,231
2370,178
2371,112
2372,237
2373,187
2374,118
2375,117
2376,208
2377,93
2378,97
2379,235
2380,164
2381,197
2382,161
2383,222
2384,42
2385,162
2386,217
2387,212
2388,138
2389,155
2390,211
2391,207
2392,181
2393,167
2394,94
2395,159
2396,219
2397,147
2398,201
2399,210
