0,181
1,190
2,186
3,214
4,181
5,0
6,189
7,238
8,228
9,159
10,157
11,232
12,198
13,175
14,234
15,185
16,193
17,205
18,232
19,232
20,225
21,135
22,170
23,205
24,244
25,226
26,74
27,121
28,222
29,175
30,44
31,179
32,178
33,237
34,230
35,228
36,234
37,222
38,204
39,238
40,198
41,249
42,189
43,69
44,228
45,210
46,172
47,237
48,134
49,182
50,195
51,218
52,53
53,206
54,209
55,189
56,180
57,186
58,206
59,253
60,235
61,146
62,192
63,225
64,203
65,222
66,250
67,239
68,176
69,170
70,198
71,208
72,183
73,227
74,241
75,159
76,233
77,0
78,221
79,198
80,243
81,239
82,111
83,157
84,217
85,221
86,180
87,204
88,162
89,204
90,202
91,248
92,195
93,179
94,89
95,210
96,231
97,177
98,247
99,192
100,256
101,250
102,183
103,91
104,247
105,218
106,222
107,225
108,161
109,0
110,143
111,179
112,209
113,232
114,247
115,229
116,223
117,222
118,232
119,234
120,173
121,208
122,116
123,85
124,195
125,203
126,223
127,93
128,205
129,164
130,165
131,210
132,230
133,245
134,141
135,193
136,169
137,154
138,121
139,169
140,254
141,231
142,230
143,127
144,169
145,184
146,205
147,169
148,206
149,199
150,123
151,218
152,233
153,202
154,177
155,235
156,249
157,149
158,64
159,116
160,227
161,187
162,226
163,165
164,236
165,5
166,125
167,168
168,145
169,252
170,213
171,185
172,203
173,123
174,232
175,183
176,215
177,204
178,224
179,0
180,160
181,63
182,175
183,217
184,202
185,207
186,229
187,165
188,147
189,220
190,246
191,218
192,100
193,253
194,194
195,239
196,165
197,204
198,148
199,204
200,177
201,212
202,191
203,195
204,252
205,160
206,157
207,215
208,206
209,125
210,145
211,209
212,244
213,233
214,114
215,186
216,211
217,184
218,223
219,164
220,148
221,230
222,220
223,133
224,225
225,253
226,246
227,179
228,221
229,234
230,149
231,185
232,240
233,219
234,197
235,211
236,156
237,213
238,122
239,219
240,226
241,163
242,246
243,178
244,240
245,197
246,218
247,251
248,203
249,216
250,160
251,153
252,206
253,183
254,220
255,247
256,254
257,226
258,185
259,181
260,153
261,200
262,230
263,92
264,197
265,227
266,171
267,150
268,218
269,183
270,188
271,208
272,183
273,252
274,201
275,200
276,214
277,135
278,250
279,176
280,112
281,205
282,229
283,209
284,153
285,221
286,205
287,217
288,217
289,213
290,165
291,230
292,181
293,111
294,196
295,156
296,115
297,88
298,130
299,209
300,177
301,188
302,243
303,147
304,229
305,226
306,163
307,215
308,213
309,246
310,208
311,170
312,169
313,248
314,253
315,166
316,104
317,145
318,226
319,175
320,213
321,44
322,167
323,211
324,200
325,230
326,166
327,247
328,210
329,26
330,237
331,251
332,133
333,224
334,224
335,224
336,182
337,210
338,223
339,115
340,114
341,252
342,235
343,210
344,169
345,172
346,149
347,98
348,27
349,96
350,95
351,178
352,81
353,158
354,199
355,198
356,200
357,218
358,215
359,126
360,207
361,184
362,203
363,153
364,227
365,198
366,195
367,237
368,240
369,69
370,173
371,202
372,45
373,172
374,249
375,146
376,210
377,231
378,135
379,225
380,177
381,99
382,187
383,212
384,179
385,252
386,204
387,85
388,171
389,223
390,242
391,197
392,241
393,145
394,148
395,0
396,211
397,212
398,167
399,233
400,80
401,167
402,218
403,162
404,166
405,215
406,225
407,82
408,192
409,234
410,203
411,157
412,228
413,249
414,195
415,171
416,144
417,85
418,223
419,132
420,223
421,199
422,218
423,241
424,206
425,239
426,229
427,113
428,176
429,181
430,231
431,229
432,209
433,240
434,194
435,182
436,174
437,221
438,202
439,225
440,187
441,155
442,194
443,181
444,172
445,187
446,0
447,203
448,128
449,227
450,59
451,200
452,197
453,179
454,238
455,218
456,206
457,244
458,211
459,252
460,240
461,247
462,248
463,186
464,227
465,126
466,168
467,182
468,113
469,154
470,113
471,190
472,199
473,158
474,190
475,229
476,209
477,184
478,225
479,134
480,171
481,233
482,244
483,240
484,143
485,160
486,220
487,114
488,164
489,234
490,176
491,154
492,195
493,30
494,179
495,169
496,229
497,234
498,243
499,242
500,178
501,177
502,248
503,246
504,162
505,237
506,135
507,216
508,116
509,44
510,230
511,232
512,223
513,250
514,162
515,235
516,171
517,193
518,114
519,230
520,27
521,222
522,178
523,95
524,191
525,208
526,214
527,219
528,186
529,213
530,177
531,211
532,87
533,184
534,250
535,85
536,228
537,224
538,112
539,142
540,174
541,247
542,212
543,184
544,230
545,127
546,182
547,152
548,95
549,256
550,189
551,116
552,230
553,149
554,83
555,207
556,0
557,237
558,161
559,174
560,141
561,221
562,187
563,117
564,219
565,178
566,240
567,254
568,210
569,246
570,206
571,100
572,221
573,229
574,193
575,196
576,207
577,121
578,231
579,255
580,172
581,88
582,220
583,251
584,247
585,107
586,208
587,212
588,167
589,98
590,239
591,227
592,249
593,152
594,175
595,231
596,238
597,246
598,172
599,237
600,145
601,198
602,125
603,223
604,170
605,158
606,182
607,192
608,208
609,127
610,227
611,250
612,185
613,248
614,14
615,253
616,154
617,123
618,117
619,122
620,199
621,222
622,142
623,234
624,185
625,195
626,217
627,201
628,222
629,160
630,199
631,198
632,236
633,205
634,204
635,195
636,169
637,101
638,87
639,226
640,45
641,160
642,183
643,141
644,236
645,222
646,238
647,215
648,182
649,195
650,182
651,251
652,157
653,145
654,0
655,202
656,137
657,241
658,240
659,152
660,224
661,208
662,170
663,204
664,230
665,111
666,233
667,101
668,216
669,45
670,191
671,216
672,6
673,239
674,200
675,208
676,133
677,149
678,188
679,224
680,245
681,140
682,247
683,158
684,209
685,228
686,169
687,184
688,208
689,24
690,239
691,227
692,201
693,197
694,174
695,227
696,116
697,235
698,0
699,136
700,218
701,241
702,137
703,254
704,184
705,228
706,122
707,245
708,16
709,164
710,247
711,250
712,251
713,215
714,125
715,189
716,133
717,216
718,108
719,98
720,138
721,228
722,94
723,227
724,221
725,186
726,129
727,253
728,58
729,201
730,197
731,8
732,231
733,85
734,229
735,155
736,169
737,176
738,219
739,214
740,236
741,219
742,40
743,87
744,198
745,180
746,111
747,254
748,210
749,239
750,187
751,0
752,213
753,129
754,250
755,55
756,230
757,202
758,198
759,237
760,195
761,93
762,228
763,232
764,191
765,245
766,166
767,198
768,122
769,221
770,177
771,213
772,143
773,234
774,206
775,152
776,200
777,229
778,196
779,49
780,206
781,172
782,97
783,242
784,211
785,251
786,239
787,103
788,89
789,234
790,252
791,99
792,173
793,239
794,197
795,215
796,159
797,158
798,231
799,256
800,179
801,243
802,215
803,174
804,166
805,225
806,247
807,202
808,248
809,220
810,226
811,53
812,189
813,233
814,183
815,209
816,210
817,119
818,91
819,213
820,251
821,217
822,0
823,224
824,226
825,209
826,212
827,232
828,196
829,239
830,181
831,192
832,216
833,94
834,175
835,91
836,161
837,139
838,153
839,129
840,233
841,232
842,236
843,225
844,203
845,238
846,102
847,194
848,231
849,176
850,218
851,159
852,167
853,248
854,143
855,144
856,102
857,246
858,178
859,152
860,239
861,199
862,197
863,223
864,154
865,159
866,222
867,238
868,169
869,232
870,188
871,230
872,219
873,200
874,243
875,243
876,202
877,223
878,199
879,197
880,234
881,161
882,0
883,219
884,183
885,215
886,89
887,222
888,187
889,64
890,249
891,217
892,211
893,197
894,169
895,252
896,239
897,232
898,148
899,189
900,145
901,185
902,201
903,137
904,100
905,193
906,107
907,31
908,190
909,215
910,214
911,211
912,125
913,202
914,242
915,220
916,131
917,160
918,171
919,215
920,205
921,174
922,202
923,240
924,251
925,168
926,227
927,144
928,245
929,230
930,228
931,236
932,156
933,240
934,172
935,237
936,231
937,146
938,22
939,253
940,235
941,198
942,90
943,181
944,199
945,240
946,216
947,176
948,199
949,256
950,176
951,237
952,160
953,230
954,239
955,162
956,238
957,244
958,211
959,186
960,222
961,252
962,250
963,163
964,182
965,205
966,245
967,253
968,225
969,166
970,211
971,120
972,194
973,141
974,178
975,163
976,220
977,150
978,228
979,229
980,132
981,255
982,174
983,226
984,241
985,100
986,0
987,234
988,151
989,174
990,158
991,155
992,119
993,225
994,207
995,183
996,207
997,219
998,197
999,250
1000,238
1001,196
1002,250
1003,57
1004,186
1005,186
1006,192
1007,197
1008,148
1009,78
1010,98
1011,182
1012,248
1013,208
1014,231
1015,183
1016,215
1017,224
1018,188
1019,228
1020,203
1021,143
1022,240
1023,185
1024,102
1025,254
1026,109
1027,218
1028,248
1029,199
1030,188
1031,105
1032,79
1033,248
1034,187
1035,248
1036,78
1037,69
1038,181
1039,88
1040,199
1041,174
1042,169
1043,212
1044,139
1045,214
1046,196
1047,176
1048,162
1049,148
1050,233
1051,255
1052,219
1053,141
1054,163
1055,151
1056,181
1057,247
1058,110
1059,198
1060,212
1061,151
1062,212
1063,222
1064,200
1065,229
1066,102
1067,217
1068,218
1069,249
1070,252
1071,182
1072,165
1073,219
1074,53
1075,254
1076,227
1077,247
1078,212
1079,248
1080,180
1081,206
1082,144
1083,196
1084,228
1085,182
1086,173
1087,172
1088,137
1089,188
1090,142
1091,184
1092,1
1093,112
1094,91
1095,207
1096,149
1097,141
1098,135
1099,215
1100,235
1101,238
1102,129
1103,169
1104,242
1105,167
1106,177
1107,249
1108,244
1109,227
1110,254
1111,233
1112,250
1113,237
1114,141
1115,218
1116,195
1117,149
1118,186
1119,191
1120,226
1121,137
1122,165
1123,147
1124,112
1125,237
1126,1
1127,182
1128,105
1129,209
1130,245
1131,256
1132,206
1133,240
1134,96
1135,206
1136,174
1137,175
1138,192
1139,99
1140,232
1141,239
1142,234
1143,122
1144,97
1145,181
1146,182
1147,210
1148,169
1149,152
1150,92
1151,243
1152,62
1153,206
1154,243
1155,168
1156,253
1157,232
1158,221
1159,241
1160,186
1161,228
1162,166
1163,228
1164,133
1165,151
1166,244
1167,193
1168,179
1169,150
1170,237
1171,162
1172,185
1173,210
1174,192
1175,234
1176,139
1177,226
1178,197
1179,243
1180,103
1181,151
1182,163
1183,213
1184,132
1185,240
1186,256
1187,55
1188,150
1189,217
1190,233
1191,226
1192,203
1193,250
1194,246
1195,228
1196,160
1197,186
1198,137
1199,0
1200,83
1201,255
1202,222
1203,242
1204,73
1205,232
1206,223
1207,213
1208,150
1209,234
1210,208
1211,199
1212,213
1213,0
1214,249
1215,0
1216,225
1217,0
1218,194
1219,243
1220,244
1221,164
1222,105
1223,222
1224,144
1225,74
1226,191
1227,156
1228,19
1229,179
1230,164
1231,171
1232,147
1233,238
1234,66
1235,100
1236,135
1237,147
1238,205
1239,242
1240,194
1241,219
1242,192
1243,220
1244,184
1245,86
1246,254
1247,243
1248,179
1249,211
1250,184
1251,181
1252,204
1253,245
1254,223
1255,187
1256,218
1257,173
1258,204
1259,242
1260,238
1261,241
1262,122
1263,252
1264,206
1265,190
1266,168
1267,199
1268,179
1269,238
1270,167
1271,211
1272,214
1273,213
1274,82
1275,181
1276,119
1277,214
1278,211
1279,191
1280,185
1281,182
1282,111
1283,196
1284,239
1285,79
1286,190
1287,18
1288,163
1289,204
1290,142
1291,49
1292,172
1293,90
1294,220
1295,176
1296,228
1297,239
1298,184
1299,250
1300,35
1301,234
1302,214
1303,186
1304,205
1305,115
1306,149
1307,193
1308,127
1309,176
1310,198
1311,182
1312,200
1313,148
1314,212
1315,256
1316,224
1317,199
1318,194
1319,126
1320,185
1321,102
1322,208
1323,246
1324,82
1325,146
1326,176
1327,251
1328,187
1329,224
1330,196
1331,190
1332,255
1333,218
1334,238
1335,166
1336,184
1337,109
1338,195
1339,171
1340,250
1341,253
1342,202
1343,220
1344,237
1345,223
1346,197
1347,254
1348,162
1349,177
1350,225
1351,234
1352,163
1353,224
1354,238
1355,61
1356,186
1357,145
1358,183
1359,81
1360,231
1361,232
1362,217
1363,184
1364,157
1365,176
1366,59
1367,242
1368,154
1369,237
1370,239
1371,180
1372,252
1373,196
1374,188
1375,204
1376,208
1377,207
1378,26
1379,179
1380,218
1381,186
1382,183
1383,236
1384,77
1385,162
1386,141
1387,201
1388,58
1389,247
1390,207
1391,203
1392,112
1393,220
1394,218
1395,225
1396,193
1397,236
1398,146
1399,220
1400,121
1401,221
1402,167
1403,157
1404,159
1405,165
1406,255
1407,0
1408,123
1409,122
1410,201
1411,224
1412,232
1413,225
1414,189
1415,223
1416,63
1417,225
1418,154
1419,43
1420,219
1421,223
1422,195
1423,256
1424,140
1425,198
1426,238
1427,163
1428,167
1429,186
1430,217
1431,126
1432,159
1433,227
1434,198
1435,168
1436,241
1437,237
1438,138
1439,221
1440,212
1441,245
1442,92
1443,250
1444,168
1445,249
1446,227
1447,210
1448,223
1449,193
1450,200
1451,156
1452,242
1453,141
1454,226
1455,217
1456,243
1457,186
1458,215
1459,191
1460,53
1461,186
1462,240
1463,212
1464,57
1465,224
1466,250
1467,207
1468,171
1469,195
1470,137
1471,242
1472,207
1473,213
1474,0
1475,203
1476,138
1477,223
1478,180
1479,190
1480,213
1481,0
1482,229
1483,91
1484,201
1485,210
1486,189
1487,251
1488,180
1489,227
1490,157
1491,250
1492,189
1493,252
1494,145
1495,232
1496,227
1497,194
1498,148
1499,202
1500,107
1501,204
1502,134
1503,159
1504,160
1505,120
1506,51
1507,223
1508,238
1509,183
1510,53
1511,241
1512,98
1513,157
1514,223
1515,162
1516,198
1517,194
1518,231
1519,208
1520,178
1521,218
1522,241
1523,249
1524,142
1525,222
1526,227
1527,188
1528,159
1529,177
1530,165
1531,222
1532,92
1533,0
1534,137
1535,207
1536,219
1537,156
1538,154
1539,235
1540,183
1541,246
1542,250
1543,230
1544,198
1545,86
1546,238
1547,165
1548,136
1549,173
1550,131
1551,144
1552,231
1553,219
1554,72
1555,232
1556,80
1557,218
1558,210
1559,178
1560,188
1561,184
1562,254
1563,183
1564,242
1565,140
1566,245
1567,234
1568,224
1569,169
1570,242
1571,244
1572,193
1573,220
1574,190
1575,191
1576,196
1577,235
1578,188
1579,240
1580,234
1581,230
1582,170
1583,196
1584,106
1585,178
1586,239
1587,236
1588,222
1589,221
1590,241
1591,201
1592,175
1593,167
1594,174
1595,241
1596,214
1597,162
1598,189
1599,184
1600,196
1601,172
1602,198
1603,199
1604,196
1605,233
1606,78
1607,224
1608,125
1609,187
1610,106
1611,215
1612,254
1613,207
1614,216
1615,200
1616,143
1617,159
1618,187
1619,206
1620,226
1621,96
1622,185
1623,198
1624,158
1625,188
1626,162
1627,212
1628,227
1629,137
1630,231
1631,239
1632,191
1633,225
1634,114
1635,194
1636,179
1637,203
1638,53
1639,144
1640,164
1641,213
1642,242
1643,84
1644,161
1645,252
1646,123
1647,228
1648,231
1649,191
1650,242
1651,223
1652,137
1653,165
1654,0
1655,242
1656,117
1657,216
1658,72
1659,165
1660,137
1661,250
1662,157
1663,137
1664,191
1665,241
1666,100
1667,176
1668,205
1669,108
1670,217
1671,108
1672,218
1673,49
1674,221
1675,204
1676,215
1677,216
1678,210
1679,16
1680,145
1681,221
1682,218
1683,167
1684,161
1685,204
1686,232
1687,226
1688,248
1689,211
1690,227
1691,103
1692,157
1693,157
1694,177
1695,68
1696,219
1697,147
1698,222
1699,208
1700,210
1701,251
1702,250
1703,242
1704,256
1705,201
1706,240
1707,256
1708,222
1709,242
1710,199
1711,216
1712,159
1713,176
1714,126
1715,194
1716,136
1717,188
1718,219
1719,203
1720,222
1721,186
1722,214
1723,44
1724,256
1725,219
1726,169
1727,219
1728,218
1729,230
1730,159
1731,195
1732,218
1733,53
1734,141
1735,49
1736,205
1737,251
1738,146
1739,244
1740,204
1741,97
1742,252
1743,192
1744,192
1745,139
1746,165
1747,211
1748,212
1749,166
1750,225
1751,166
1752,141
1753,224
1754,247
1755,210
1756,198
1757,186
1758,242
1759,205
1760,55
1761,28
1762,249
1763,215
1764,191
1765,68
1766,251
1767,185
1768,167
1769,223
1770,0
1771,203
1772,38
1773,170
1774,79
1775,160
1776,111
1777,227
1778,110
1779,186
1780,254
1781,77
1782,202
1783,196
1784,126
1785,188
1786,196
1787,236
1788,178
1789,249
1790,163
1791,0
1792,81
1793,190
1794,4
1795,72
1796,206
1797,65
1798,144
1799,205
1800,188
1801,193
1802,178
1803,118
1804,162
1805,176
1806,77
1807,144
1808,205
1809,135
1810,171
1811,214
1812,223
1813,204
1814,178
1815,192
1816,134
1817,66
1818,69
1819,242
1820,218
1821,184
1822,207
1823,240
1824,208
1825,209
1826,229
1827,182
1828,186
1829,60
1830,120
1831,189
1832,196
1833,238
1834,119
1835,191
1836,215
1837,179
1838,214
1839,92
1840,229
1841,158
1842,245
1843,151
1844,252
1845,99
1846,141
1847,218
1848,91
1849,176
1850,232
1851,45
1852,206
1853,193
1854,156
1855,193
1856,164
1857,208
1858,238
1859,178
1860,152
1861,186
1862,133
1863,188
1864,191
1865,214
1866,173
1867,252
1868,199
1869,232
1870,197
1871,177
1872,48
1873,189
1874,214
1875,232
1876,101
1877,183
1878,242
1879,163
1880,166
1881,83
1882,206
1883,175
1884,245
1885,76
1886,24
1887,246
1888,152
1889,165
1890,222
1891,133
1892,111
1893,215
1894,253
1895,217
1896,199
1897,217
1898,192
1899,151
1900,193
1901,243
1902,212
1903,173
1904,197
1905,194
1906,222
1907,215
1908,175
1909,131
1910,195
1911,218
1912,190
1913,65
1914,96
1915,152
1916,224
1917,197
1918,75
1919,161
1920,235
1921,220
1922,217
1923,196
1924,55
1925,202
1926,203
1927,154
1928,171
1929,208
1930,149
1931,255
1932,229
1933,223
1934,203
1935,239
1936,194
1937,203
1938,2
1939,141
1940,153
1941,224
1942,202
1943,178
1944,247
1945,205
1946,133
1947,209
1948,245
1949,102
1950,143
1951,148
1952,184
1953,41
1954,236
1955,56
1956,196
1957,224
1958,148
1959,191
1960,157
1961,96
1962,142
1963,107
1964,55
1965,169
1966,212
1967,193
1968,243
1969,255
1970,237
1971,253
1972,187
1973,151
1974,225
1975,66
1976,192
1977,230
1978,191
1979,240
1980,193
1981,227
1982,232
1983,237
1984,218
1985,80
1986,240
1987,195
1988,243
1989,205
1990,242
1991,188
1992,237
1993,138
1994,50
1995,203
1996,82
1997,182
1998,198
1999,194
2000,200
2001,216
2002,197
2003,211
2004,180
2005,175
2006,206
2007,227
2008,204
2009,217
2010,217
2011,234
2012,236
2013,222
2014,163
2015,166
2016,231
2017,205
2018,206
2019,228
2020,184
2021,236
2022,72
2023,210
2024,196
2025,235
2026,225
2027,137
2028,204
2029,112
2030,254
2031,223
2032,224
2033,237
2034,161
2035,224
2036,128
2037,123
2038,159
2039,202
2040,140
2041,220
2042,47
2043,171
2044,248
2045,140
2046,256
2047,247
2048,194
2049,156
2050,63
2051,151
2052,160
2053,198
2054,216
2055,227
2056,214
2057,219
2058,213
2059,215
2060,116
2061,223
2062,71
2063,0
2064,100
2065,235
2066,192
2067,124
2068,0
2069,85
2070,195
2071,206
2072,174
2073,217
2074,253
2075,245
2076,157
2077,117
2078,242
2079,161
2080,201
2081,233
2082,225
2083,197
2084,215
2085,111
2086,121
2087,164
2088,221
2089,233
2090,125
2091,254
2092,155
2093,231
2094,219
2095,186
2096,242
2097,177
2098,192
2099,145
2100,203
2101,241
2102,167
2103,149
2104,205
2105,74
2106,241
2107,218
2108,139
2109,238
2110,207
2111,209
2112,177
2113,174
2114,216
2115,233
2116,200
2117,240
2118,224
2119,247
2120,157
2121,38
2122,222
2123,134
2124,232
2125,222
2126,183
2127,163
2128,145
2129,164
2130,233
2131,122
2132,154
2133,144
2134,143
2135,188
2136,225
2137,131
2138,256
2139,211
2140,172
2141,227
2142,201
2143,231
2144,226
2145,223
2146,151
2147,161
2148,219
2149,202
2150,188
2151,254
2152,152
2153,231
2154,238
2155,242
2156,244
2157,215
2158,154
2159,206
2160,75
2161,189
2162,0
2163,226
2164,225
2165,128
2166,230
2167,165
2168,186
2169,252
2170,224
2171,190
2172,72
2173,160
2174,171
2175,166
2176,238
2177,251
2178,205
2179,215
2180,256
2181,165
2182,162
2183,135
2184,165
2185,198
2186,85
2187,27
2188,215
2189,205
2190,183
2191,214
2192,164
2193,59
2194,247
2195,121
2196,123
2197,219
2198,169
2199,154
2200,163
2201,192
2202,239
2203,37
2204,172
2205,154
2206,244
2207,176
2208,190
2209,162
2210,146
2211,240
2212,123
2213,124
2214,219
2215,256
2216,232
2217,233
2218,212
2219,157
2220,183
2221,241
2222,215
2223,179
2224,0
2225,218
2226,222
2227,119
2228,148
2229,168
2230,243
2231,229
2232,144
2233,171
2234,150
2235,232
2236,93
2237,244
2238,209
2239,156
2240,157
2241,197
2242,186
2243,218
2244,162
2245,184
2246,182
2247,197
2248,222
2249,157
2250,231
2251,255
2252,123
2253,214
2254,251
2255,217
2256,129
2257,216
2258,185
2259,114
2260,205
2261,193
2262,231
2263,115
2264,239
2265,14
2266,219
2267,218
2268,0
2269,146
2270,148
2271,13
2272,249
2273,168
2274,233
2275,56
2276,256
2277,241
2278,158
2279,152
2280,224
2281,118
2282,172
2283,83
2284,253
2285,240
2286,128
2287,197
2288,234
2289,220
2290,208
2291,200
2292,244
2293,85
2294,152
2295,183
2296,175
2297,179
2298,252
2299,231
2300,194
2301,197
2302,250
2303,237
2304,230
2305,235
2306,178
2307,129
2308,191
2309,214
2310,186
2311,137
2312,243
2313,217
2314,251
2315,256
2316,200
2317,0
2318,73
2319,220
2320,198
2321,204
2322,236
2323,247
2324,245
2325,209
2326,164
2327,228
2328,49
2329,213
2330,191
2331,169
2332,191
2333,198
2334,233
2335,169
2336,159
2337,226
2338,196
2339,107
2340,233
2341,182
2342,256
2343,206
2344,213
2345,212
2346,228
2347,217
2348,243
2349,166
2350,169
2351,243
2352,74
2353,115
2354,150
2355,230
2356,217
2357,218
2358,210
2359,30
2360,223
2361,71
2362,63
2363,227
2364,220
2365,183
2366,143
2367,246
2368,115
2369,135
2370,240
2371,218
2372,132
2373,247
2374,224
2375,214
2376,213
2377,14
2378,255
2379,247
2380,214
2381,187
2382,114
2383,237
2384,216
2385,227
2386,160
2387,208
2388,220
2389,160
2390,234
2391,137
2392,154
2393,222
2394,138
2395,143
2396,169
2397,247
2398,181
2399,224
