0,178
1,183
2,169
3,221
4,174
5,88
6,176
7,235
8,231
9,134
10,140
11,224
12,170
13,184
14,235
15,166
16,204
17,196
18,243
19,240
20,229
21,96
22,152
23,189
24,243
25,226
26,65
27,31
28,212
29,155
30,53
31,203
32,202
33,231
34,230
35,216
36,235
37,218
38,206
39,232
40,195
41,248
42,162
43,78
44,223
45,200
46,153
47,236
48,101
49,170
50,133
51,229
52,70
53,219
54,196
55,182
56,180
57,195
58,186
59,247
60,229
61,149
62,183
63,199
64,202
65,227
66,252
67,241
68,148
69,186
70,187
71,218
72,163
73,229
74,223
75,182
76,225
77,32
78,206
79,202
80,232
81,228
82,117
83,162
84,218
85,223
86,173
87,196
88,114
89,188
90,146
91,238
92,201
93,172
94,164
95,198
96,216
97,181
98,247
99,173
100,256
101,251
102,174
103,85
104,245
105,215
106,213
107,222
108,155
109,0
110,123
111,194
112,194
113,213
114,246
115,214
116,219
117,233
118,226
119,238
120,165
121,210
122,107
123,72
124,193
125,201
126,227
127,92
128,205
129,130
130,159
131,219
132,219
133,228
134,171
135,171
136,189
137,180
138,119
139,151
140,253
141,232
142,209
143,153
144,175
145,155
146,194
147,201
148,192
149,207
150,87
151,206
152,235
153,204
154,185
155,233
156,248
157,155
158,41
159,114
160,230
161,186
162,222
163,128
164,235
165,37
166,124
167,165
168,164
169,252
170,210
171,146
172,187
173,144
174,244
175,159
176,223
177,212
178,238
179,0
180,144
181,98
182,150
183,207
184,186
185,196
186,215
187,175
188,122
189,222
190,250
191,206
192,66
193,252
194,190
195,234
196,182
197,217
198,214
199,202
200,171
201,210
202,180
203,205
204,253
205,135
206,136
207,216
208,186
209,139
210,161
211,195
212,242
213,218
214,121
215,181
216,185
217,191
218,243
219,180
220,140
221,237
222,183
223,99
224,214
225,252
226,232
227,166
228,221
229,217
230,166
231,149
232,235
233,206
234,177
235,193
236,135
237,203
238,107
239,227
240,215
241,160
242,244
243,165
244,235
245,243
246,218
247,252
248,183
249,214
250,168
251,139
252,208
253,193
254,231
255,248
256,254
257,209
258,172
259,173
260,126
261,175
262,230
263,80
264,224
265,216
266,161
267,148
268,216
269,197
270,136
271,198
272,196
273,252
274,193
275,157
276,231
277,96
278,243
279,148
280,128
281,216
282,217
283,201
284,119
285,215
286,175
287,214
288,217
289,192
290,175
291,220
292,187
293,118
294,198
295,165
296,123
297,111
298,162
299,204
300,158
301,192
302,232
303,174
304,223
305,221
306,149
307,216
308,213
309,249
310,200
311,176
312,164
313,249
314,252
315,157
316,81
317,182
318,210
319,205
320,206
321,60
322,168
323,208
324,202
325,239
326,137
327,238
328,191
329,102
330,232
331,252
332,143
333,212
334,228
335,222
336,185
337,194
338,203
339,116
340,99
341,248
342,229
343,189
344,161
345,137
346,123
347,117
348,0
349,82
350,100
351,156
352,112
353,160
354,201
355,224
356,205
357,230
358,216
359,101
360,192
361,172
362,203
363,96
364,221
365,186
366,211
367,241
368,242
369,39
370,193
371,202
372,96
373,174
374,247
375,86
376,220
377,233
378,123
379,193
380,195
381,109
382,114
383,203
384,193
385,252
386,205
387,90
388,197
389,220
390,238
391,187
392,240
393,176
394,183
395,0
396,199
397,212
398,159
399,241
400,86
401,158
402,221
403,155
404,154
405,205
406,216
407,57
408,209
409,217
410,176
411,124
412,231
413,248
414,196
415,124
416,158
417,73
418,192
419,105
420,222
421,211
422,216
423,246
424,195
425,237
426,220
427,91
428,151
429,159
430,230
431,227
432,212
433,242
434,182
435,171
436,167
437,234
438,205
439,217
440,183
441,115
442,188
443,189
444,188
445,180
446,51
447,204
448,112
449,230
450,53
451,196
452,210
453,155
454,223
455,212
456,199
457,246
458,189
459,254
460,226
461,241
462,249
463,180
464,222
465,186
466,160
467,159
468,69
469,150
470,87
471,168
472,195
473,157
474,175
475,247
476,231
477,164
478,208
479,127
480,166
481,221
482,238
483,248
484,150
485,140
486,220
487,79
488,154
489,235
490,154
491,161
492,193
493,114
494,178
495,137
496,231
497,221
498,225
499,232
500,172
501,205
502,244
503,248
504,92
505,240
506,130
507,185
508,102
509,27
510,224
511,226
512,218
513,251
514,164
515,229
516,196
517,185
518,106
519,223
520,71
521,223
522,177
523,79
524,192
525,180
526,219
527,216
528,221
529,216
530,171
531,203
532,60
533,183
534,236
535,90
536,228
537,220
538,92
539,130
540,212
541,235
542,211
543,198
544,223
545,135
546,154
547,49
548,63
549,256
550,175
551,112
552,222
553,163
554,89
555,182
556,0
557,232
558,134
559,212
560,156
561,211
562,191
563,100
564,222
565,181
566,253
567,254
568,225
569,244
570,193
571,94
572,234
573,226
574,183
575,208
576,229
577,66
578,219
579,255
580,200
581,76
582,165
583,250
584,246
585,126
586,192
587,189
588,179
589,108
590,219
591,219
592,251
593,111
594,186
595,221
596,235
597,246
598,155
599,238
600,176
601,202
602,104
603,204
604,146
605,125
606,166
607,192
608,192
609,112
610,223
611,248
612,166
613,247
614,11
615,250
616,129
617,150
618,110
619,139
620,183
621,202
622,143
623,225
624,181
625,199
626,225
627,203
628,211
629,150
630,181
631,207
632,234
633,218
634,185
635,181
636,177
637,92
638,89
639,215
640,59
641,180
642,190
643,136
644,232
645,216
646,240
647,233
648,199
649,207
650,161
651,252
652,156
653,139
654,0
655,190
656,131
657,239
658,225
659,90
660,222
661,195
662,173
663,190
664,224
665,113
666,218
667,97
668,221
669,102
670,172
671,208
672,29
673,221
674,194
675,192
676,122
677,117
678,169
679,229
680,244
681,136
682,248
683,158
684,203
685,230
686,161
687,150
688,191
689,61
690,246
691,225
692,207
693,182
694,127
695,224
696,178
697,226
698,0
699,175
700,214
701,223
702,150
703,254
704,167
705,226
706,79
707,239
708,82
709,137
710,246
711,243
712,251
713,220
714,148
715,173
716,168
717,221
718,146
719,98
720,142
721,221
722,86
723,214
724,221
725,183
726,123
727,254
728,67
729,179
730,224
731,0
732,224
733,92
734,227
735,122
736,150
737,184
738,201
739,183
740,218
741,199
742,39
743,107
744,180
745,174
746,111
747,255
748,205
749,241
750,203
751,25
752,208
753,115
754,248
755,88
756,232
757,171
758,178
759,227
760,187
761,96
762,225
763,232
764,170
765,246
766,147
767,181
768,100
769,204
770,164
771,225
772,137
773,233
774,196
775,128
776,186
777,199
778,177
779,100
780,226
781,160
782,113
783,239
784,200
785,251
786,240
787,108
788,58
789,230
790,252
791,98
792,202
793,238
794,188
795,236
796,127
797,153
798,228
799,256
800,150
801,239
802,205
803,138
804,156
805,231
806,244
807,195
808,247
809,200
810,229
811,99
812,170
813,223
814,196
815,205
816,198
817,131
818,73
819,195
820,251
821,206
822,0
823,219
824,214
825,176
826,191
827,223
828,158
829,220
830,179
831,207
832,200
833,125
834,182
835,114
836,170
837,97
838,176
839,128
840,231
841,208
842,234
843,233
844,199
845,230
846,148
847,179
848,223
849,134
850,210
851,160
852,186
853,248
854,105
855,147
856,73
857,243
858,163
859,82
860,228
861,178
862,141
863,218
864,182
865,119
866,222
867,217
868,165
869,226
870,165
871,226
872,209
873,206
874,242
875,236
876,202
877,224
878,189
879,222
880,246
881,141
882,14
883,225
884,185
885,186
886,178
887,220
888,217
889,88
890,250
891,193
892,187
893,193
894,131
895,252
896,237
897,207
898,146
899,158
900,104
901,171
902,196
903,111
904,109
905,181
906,86
907,110
908,179
909,237
910,241
911,185
912,77
913,208
914,240
915,212
916,111
917,184
918,136
919,202
920,198
921,190
922,194
923,233
924,238
925,148
926,220
927,125
928,234
929,224
930,236
931,233
932,174
933,237
934,175
935,244
936,229
937,148
938,72
939,249
940,235
941,206
942,101
943,197
944,189
945,228
946,218
947,178
948,156
949,256
950,198
951,232
952,161
953,232
954,235
955,134
956,230
957,241
958,202
959,213
960,226
961,252
962,250
963,143
964,175
965,209
966,249
967,252
968,212
969,183
970,219
971,121
972,225
973,127
974,183
975,187
976,223
977,141
978,226
979,228
980,73
981,255
982,143
983,226
984,241
985,90
986,5
987,231
988,144
989,171
990,128
991,135
992,128
993,210
994,193
995,151
996,182
997,222
998,165
999,250
1000,241
1001,203
1002,244
1003,109
1004,173
1005,188
1006,201
1007,195
1008,162
1009,84
1010,118
1011,164
1012,247
1013,191
1014,231
1015,192
1016,210
1017,226
1018,190
1019,227
1020,185
1021,114
1022,230
1023,169
1024,90
1025,254
1026,190
1027,214
1028,244
1029,155
1030,159
1031,145
1032,101
1033,244
1034,193
1035,248
1036,83
1037,49
1038,175
1039,114
1040,181
1041,168
1042,150
1043,193
1044,132
1045,208
1046,172
1047,186
1048,174
1049,123
1050,224
1051,242
1052,219
1053,86
1054,154
1055,127
1056,168
1057,245
1058,116
1059,196
1060,222
1061,151
1062,203
1063,208
1064,187
1065,225
1066,97
1067,206
1068,192
1069,249
1070,252
1071,171
1072,157
1073,198
1074,69
1075,254
1076,211
1077,238
1078,206
1079,246
1080,152
1081,202
1082,120
1083,173
1084,217
1085,185
1086,194
1087,152
1088,82
1089,178
1090,102
1091,160
1092,101
1093,130
1094,108
1095,221
1096,131
1097,133
1098,148
1099,187
1100,205
1101,226
1102,112
1103,200
1104,240
1105,153
1106,178
1107,248
1108,231
1109,226
1110,245
1111,223
1112,242
1113,234
1114,126
1115,186
1116,195
1117,173
1118,174
1119,185
1120,226
1121,155
1122,155
1123,181
1124,135
1125,229
1126,0
1127,177
1128,119
1129,187
1130,230
1131,256
1132,190
1133,240
1134,74
1135,206
1136,164
1137,145
1138,173
1139,57
1140,241
1141,237
1142,234
1143,109
1144,90
1145,159
1146,181
1147,204
1148,179
1149,149
1150,129
1151,245
1152,107
1153,196
1154,239
1155,122
1156,252
1157,224
1158,215
1159,243
1160,173
1161,224
1162,178
1163,230
1164,102
1165,174
1166,231
1167,188
1168,153
1169,131
1170,232
1171,201
1172,187
1173,184
1174,178
1175,223
1176,153
1177,216
1178,161
1179,226
1180,134
1181,182
1182,193
1183,204
1184,171
1185,232
1186,256
1187,65
1188,190
1189,235
1190,232
1191,230
1192,181
1193,249
1194,237
1195,228
1196,135
1197,172
1198,161
1199,100
1200,122
1201,255
1202,209
1203,231
1204,64
1205,235
1206,215
1207,218
1208,130
1209,231
1210,193
1211,195
1212,200
1213,63
1214,249
1215,0
1216,217
1217,0
1218,186
1219,241
1220,245
1221,182
1222,113
1223,221
1224,120
1225,40
1226,189
1227,178
1228,98
1229,158
1230,161
1231,157
1232,148
1233,235
1234,77
1235,76
1236,137
1237,100
1238,191
1239,247
1240,178
1241,195
1242,199
1243,212
1244,157
1245,94
1246,254
1247,239
1248,187
1249,197
1250,178
1251,206
1252,179
1253,237
1254,223
1255,219
1256,218
1257,165
1258,196
1259,244
1260,223
1261,234
1262,128
1263,251
1264,200
1265,189
1266,213
1267,216
1268,169
1269,231
1270,137
1271,223
1272,223
1273,236
1274,118
1275,153
1276,118
1277,217
1278,210
1279,196
1280,158
1281,194
1282,114
1283,206
1284,241
1285,43
1286,148
1287,43
1288,143
1289,195
1290,102
1291,77
1292,158
1293,119
1294,224
1295,169
1296,222
1297,235
1298,150
1299,242
1300,42
1301,239
1302,198
1303,202
1304,197
1305,79
1306,90
1307,171
1308,125
1309,157
1310,182
1311,204
1312,211
1313,150
1314,216
1315,256
1316,222
1317,151
1318,178
1319,144
1320,160
1321,96
1322,200
1323,237
1324,38
1325,169
1326,144
1327,252
1328,185
1329,220
1330,204
1331,173
1332,255
1333,216
1334,238
1335,150
1336,164
1337,144
1338,168
1339,200
1340,245
1341,254
1342,187
1343,201
1344,225
1345,216
1346,203
1347,255
1348,158
1349,176
1350,221
1351,236
1352,164
1353,208
1354,226
1355,114
1356,154
1357,100
1358,184
1359,40
1360,230
1361,234
1362,219
1363,170
1364,151
1365,175
1366,52
1367,216
1368,157
1369,231
1370,246
1371,194
1372,252
1373,194
1374,197
1375,188
1376,203
1377,216
1378,30
1379,168
1380,173
1381,172
1382,175
1383,232
1384,51
1385,145
1386,129
1387,185
1388,57
1389,247
1390,188
1391,191
1392,116
1393,218
1394,209
1395,193
1396,172
1397,239
1398,127
1399,210
1400,67
1401,199
1402,160
1403,151
1404,170
1405,134
1406,255
1407,0
1408,91
1409,148
1410,196
1411,203
1412,228
1413,219
1414,154
1415,220
1416,70
1417,227
1418,140
1419,20
1420,228
1421,223
1422,207
1423,256
1424,166
1425,204
1426,229
1427,140
1428,155
1429,163
1430,232
1431,107
1432,141
1433,229
1434,193
1435,160
1436,241
1437,227
1438,145
1439,205
1440,202
1441,247
1442,159
1443,251
1444,152
1445,244
1446,218
1447,229
1448,221
1449,170
1450,198
1451,138
1452,234
1453,120
1454,222
1455,231
1456,238
1457,180
1458,200
1459,192
1460,80
1461,188
1462,229
1463,202
1464,23
1465,212
1466,248
1467,228
1468,127
1469,171
1470,119
1471,236
1472,229
1473,202
1474,0
1475,199
1476,95
1477,210
1478,146
1479,213
1480,205
1481,1
1482,230
1483,65
1484,196
1485,195
1486,177
1487,251
1488,150
1489,208
1490,175
1491,250
1492,172
1493,251
1494,173
1495,234
1496,211
1497,198
1498,129
1499,196
1500,81
1501,188
1502,119
1503,154
1504,119
1505,106
1506,43
1507,229
1508,230
1509,174
1510,112
1511,232
1512,96
1513,161
1514,202
1515,174
1516,179
1517,208
1518,233
1519,194
1520,154
1521,196
1522,237
1523,249
1524,119
1525,203
1526,231
1527,153
1528,147
1529,182
1530,155
1531,218
1532,84
1533,7
1534,171
1535,192
1536,233
1537,179
1538,155
1539,227
1540,188
1541,240
1542,248
1543,228
1544,176
1545,111
1546,237
1547,161
1548,134
1549,142
1550,106
1551,177
1552,205
1553,211
1554,97
1555,232
1556,46
1557,205
1558,198
1559,161
1560,167
1561,156
1562,254
1563,173
1564,240
1565,110
1566,236
1567,226
1568,219
1569,162
1570,242
1571,240
1572,189
1573,235
1574,191
1575,183
1576,177
1577,226
1578,198
1579,221
1580,220
1581,223
1582,183
1583,196
1584,120
1585,170
1586,239
1587,232
1588,220
1589,178
1590,225
1591,200
1592,152
1593,125
1594,151
1595,233
1596,223
1597,132
1598,195
1599,171
1600,176
1601,71
1602,188
1603,217
1604,151
1605,227
1606,85
1607,227
1608,126
1609,171
1610,147
1611,228
1612,254
1613,165
1614,198
1615,199
1616,143
1617,154
1618,194
1619,218
1620,213
1621,93
1622,147
1623,192
1624,130
1625,164
1626,121
1627,179
1628,222
1629,133
1630,225
1631,231
1632,198
1633,209
1634,76
1635,175
1636,164
1637,188
1638,55
1639,141
1640,172
1641,202
1642,239
1643,87
1644,145
1645,251
1646,112
1647,225
1648,226
1649,197
1650,241
1651,187
1652,109
1653,170
1654,57
1655,235
1656,87
1657,208
1658,75
1659,170
1660,158
1661,248
1662,182
1663,117
1664,173
1665,240
1666,59
1667,152
1668,182
1669,70
1670,207
1671,110
1672,213
1673,59
1674,202
1675,189
1676,199
1677,225
1678,177
1679,47
1680,120
1681,196
1682,212
1683,150
1684,161
1685,187
1686,223
1687,210
1688,241
1689,193
1690,223
1691,123
1692,149
1693,155
1694,154
1695,81
1696,227
1697,136
1698,223
1699,196
1700,219
1701,248
1702,250
1703,242
1704,256
1705,187
1706,237
1707,256
1708,217
1709,232
1710,210
1711,190
1712,184
1713,181
1714,124
1715,170
1716,106
1717,196
1718,205
1719,176
1720,209
1721,175
1722,214
1723,27
1724,256
1725,218
1726,194
1727,212
1728,200
1729,231
1730,164
1731,205
1732,206
1733,74
1734,155
1735,48
1736,190
1737,249
1738,154
1739,241
1740,217
1741,89
1742,252
1743,163
1744,173
1745,141
1746,158
1747,203
1748,206
1749,150
1750,211
1751,162
1752,143
1753,212
1754,248
1755,194
1756,201
1757,193
1758,223
1759,198
1760,54
1761,53
1762,250
1763,204
1764,184
1765,47
1766,251
1767,184
1768,150
1769,216
1770,0
1771,173
1772,3
1773,170
1774,81
1775,125
1776,133
1777,217
1778,88
1779,148
1780,254
1781,107
1782,202
1783,187
1784,93
1785,190
1786,184
1787,233
1788,190
1789,247
1790,162
1791,26
1792,79
1793,184
1794,0
1795,43
1796,215
1797,12
1798,165
1799,174
1800,225
1801,186
1802,180
1803,105
1804,112
1805,160
1806,63
1807,157
1808,196
1809,150
1810,160
1811,203
1812,203
1813,203
1814,167
1815,195
1816,86
1817,106
1818,124
1819,236
1820,201
1821,143
1822,161
1823,244
1824,212
1825,210
1826,226
1827,169
1828,168
1829,70
1830,91
1831,179
1832,198
1833,248
1834,94
1835,174
1836,210
1837,196
1838,214
1839,85
1840,217
1841,154
1842,243
1843,155
1844,250
1845,20
1846,113
1847,215
1848,84
1849,167
1850,228
1851,126
1852,205
1853,182
1854,117
1855,199
1856,178
1857,199
1858,227
1859,178
1860,144
1861,194
1862,127
1863,175
1864,177
1865,157
1866,174
1867,253
1868,205
1869,235
1870,191
1871,149
1872,0
1873,177
1874,218
1875,218
1876,105
1877,203
1878,244
1879,160
1880,131
1881,82
1882,170
1883,179
1884,244
1885,95
1886,66
1887,245
1888,163
1889,182
1890,220
1891,122
1892,122
1893,206
1894,252
1895,176
1896,198
1897,185
1898,195
1899,226
1900,174
1901,238
1902,192
1903,151
1904,183
1905,188
1906,211
1907,210
1908,192
1909,161
1910,194
1911,219
1912,206
1913,76
1914,92
1915,153
1916,218
1917,201
1918,128
1919,143
1920,228
1921,206
1922,220
1923,190
1924,110
1925,216
1926,228
1927,148
1928,172
1929,202
1930,141
1931,255
1932,215
1933,204
1934,177
1935,238
1936,195
1937,171
1938,46
1939,163
1940,169
1941,207
1942,210
1943,153
1944,245
1945,180
1946,119
1947,191
1948,245
1949,107
1950,122
1951,140
1952,159
1953,0
1954,238
1955,70
1956,182
1957,229
1958,187
1959,142
1960,173
1961,64
1962,109
1963,115
1964,71
1965,158
1966,211
1967,202
1968,245
1969,255
1970,230
1971,253
1972,177
1973,135
1974,217
1975,2
1976,196
1977,226
1978,186
1979,244
1980,183
1981,208
1982,234
1983,232
1984,220
1985,114
1986,241
1987,185
1988,236
1989,197
1990,237
1991,185
1992,238
1993,134
1994,62
1995,193
1996,55
1997,152
1998,149
1999,200
2000,181
2001,211
2002,197
2003,211
2004,152
2005,152
2006,200
2007,220
2008,196
2009,222
2010,215
2011,229
2012,234
2013,215
2014,173
2015,182
2016,225
2017,196
2018,198
2019,229
2020,175
2021,228
2022,55
2023,211
2024,185
2025,230
2026,226
2027,152
2028,202
2029,93
2030,254
2031,212
2032,224
2033,218
2034,173
2035,225
2036,163
2037,152
2038,178
2039,199
2040,135
2041,217
2042,122
2043,173
2044,245
2045,135
2046,256
2047,246
2048,185
2049,154
2050,32
2051,121
2052,175
2053,222
2054,208
2055,224
2056,216
2057,211
2058,217
2059,198
2060,65
2061,218
2062,55
2063,10
2064,85
2065,224
2066,232
2067,160
2068,68
2069,76
2070,198
2071,210
2072,205
2073,214
2074,252
2075,244
2076,167
2077,114
2078,237
2079,115
2080,199
2081,223
2082,227
2083,181
2084,217
2085,136
2086,102
2087,180
2088,213
2089,228
2090,140
2091,254
2092,143
2093,231
2094,196
2095,173
2096,236
2097,149
2098,191
2099,135
2100,169
2101,244
2102,157
2103,157
2104,192
2105,140
2106,244
2107,214
2108,175
2109,234
2110,187
2111,198
2112,131
2113,155
2114,208
2115,232
2116,190
2117,240
2118,223
2119,246
2120,169
2121,90
2122,208
2123,130
2124,234
2125,237
2126,153
2127,165
2128,118
2129,155
2130,228
2131,116
2132,174
2133,198
2134,135
2135,178
2136,216
2137,126
2138,256
2139,194
2140,211
2141,207
2142,208
2143,229
2144,222
2145,217
2146,123
2147,162
2148,216
2149,200
2150,179
2151,254
2152,156
2153,216
2154,240
2155,234
2156,237
2157,214
2158,130
2159,211
2160,67
2161,176
2162,0
2163,241
2164,238
2165,158
2166,230
2167,145
2168,176
2169,252
2170,220
2171,188
2172,106
2173,118
2174,168
2175,164
2176,229
2177,246
2178,200
2179,212
2180,256
2181,187
2182,173
2183,160
2184,170
2185,173
2186,138
2187,0
2188,205
2189,210
2190,160
2191,208
2192,159
2193,31
2194,245
2195,89
2196,136
2197,219
2198,108
2199,134
2200,142
2201,195
2202,235
2203,0
2204,195
2205,104
2206,232
2207,136
2208,151
2209,136
2210,136
2211,240
2212,97
2213,134
2214,208
2215,256
2216,226
2217,214
2218,210
2219,179
2220,137
2221,235
2222,204
2223,175
2224,56
2225,215
2226,214
2227,102
2228,144
2229,124
2230,238
2231,213
2232,118
2233,198
2234,165
2235,221
2236,66
2237,246
2238,212
2239,152
2240,174
2241,178
2242,167
2243,196
2244,127
2245,176
2246,149
2247,189
2248,221
2249,179
2250,229
2251,255
2252,117
2253,192
2254,250
2255,224
2256,131
2257,229
2258,161
2259,59
2260,203
2261,200
2262,232
2263,104
2264,243
2265,21
2266,227
2267,225
2268,0
2269,151
2270,164
2271,48
2272,249
2273,162
2274,231
2275,78
2276,256
2277,235
2278,182
2279,142
2280,229
2281,127
2282,183
2283,72
2284,252
2285,237
2286,128
2287,195
2288,236
2289,237
2290,219
2291,196
2292,243
2293,91
2294,162
2295,133
2296,153
2297,172
2298,251
2299,212
2300,208
2301,203
2302,250
2303,241
2304,245
2305,238
2306,174
2307,161
2308,211
2309,187
2310,157
2311,146
2312,242
2313,209
2314,252
2315,256
2316,155
2317,0
2318,115
2319,205
2320,185
2321,204
2322,233
2323,244
2324,241
2325,187
2326,162
2327,211
2328,117
2329,182
2330,206
2331,167
2332,187
2333,174
2334,228
2335,125
2336,173
2337,213
2338,231
2339,136
2340,228
2341,191
2342,256
2343,209
2344,189
2345,196
2346,215
2347,194
2348,227
2349,215
2350,154
2351,239
2352,55
2353,94
2354,142
2355,246
2356,212
2357,205
2358,188
2359,32
2360,223
2361,74
2362,78
2363,215
2364,213
2365,179
2366,115
2367,245
2368,129
2369,131
2370,243
2371,208
2372,124
2373,245
2374,220
2375,228
2376,208
2377,17
2378,255
2379,250
2380,207
2381,165
2382,66
2383,224
2384,242
2385,215
2386,182
2387,191
2388,220
2389,140
2390,231
2391,124
2392,125
2393,194
2394,128
2395,112
2396,131
2397,246
2398,147
2399,231
