0,190
1,181
2,183
3,225
4,181
5,93
6,180
7,238
8,228
9,130
10,140
11,223
12,189
13,175
14,234
15,170
16,213
17,205
18,243
19,238
20,224
21,122
22,154
23,193
24,244
25,223
26,70
27,114
28,215
29,160
30,22
31,189
32,193
33,232
34,230
35,217
36,234
37,224
38,204
39,238
40,196
41,244
42,169
43,77
44,224
45,200
46,173
47,237
48,124
49,182
50,189
51,225
52,69
53,205
54,209
55,186
56,194
57,191
58,206
59,253
60,235
61,146
62,168
63,204
64,204
65,222
66,250
67,243
68,161
69,170
70,175
71,207
72,160
73,226
74,226
75,142
76,233
77,25
78,221
79,198
80,236
81,233
82,143
83,167
84,226
85,222
86,188
87,192
88,122
89,205
90,163
91,240
92,203
93,168
94,164
95,210
96,208
97,189
98,247
99,180
100,256
101,247
102,155
103,88
104,246
105,221
106,224
107,216
108,145
109,1
110,134
111,181
112,190
113,232
114,246
115,229
116,223
117,232
118,226
119,233
120,169
121,228
122,110
123,85
124,188
125,204
126,229
127,76
128,202
129,136
130,170
131,221
132,230
133,228
134,181
135,176
136,192
137,201
138,60
139,146
140,253
141,234
142,220
143,148
144,162
145,161
146,205
147,204
148,196
149,211
150,112
151,218
152,233
153,190
154,190
155,239
156,249
157,184
158,39
159,110
160,232
161,193
162,217
163,153
164,242
165,49
166,116
167,170
168,163
169,250
170,212
171,177
172,185
173,132
174,245
175,182
176,215
177,215
178,241
179,54
180,150
181,78
182,157
183,211
184,181
185,207
186,217
187,146
188,135
189,218
190,237
191,204
192,99
193,249
194,194
195,239
196,182
197,211
198,197
199,213
200,174
201,212
202,191
203,207
204,251
205,138
206,147
207,213
208,185
209,103
210,183
211,203
212,240
213,221
214,114
215,183
216,193
217,201
218,240
219,184
220,148
221,235
222,188
223,138
224,218
225,252
226,231
227,176
228,221
229,221
230,167
231,149
232,233
233,207
234,175
235,205
236,145
237,204
238,132
239,228
240,211
241,154
242,244
243,167
244,231
245,237
246,227
247,249
248,203
249,215
250,173
251,137
252,214
253,206
254,231
255,248
256,254
257,215
258,171
259,188
260,135
261,178
262,230
263,96
264,224
265,217
266,179
267,143
268,211
269,202
270,188
271,197
272,194
273,252
274,189
275,161
276,230
277,133
278,246
279,149
280,154
281,200
282,229
283,209
284,127
285,213
286,182
287,222
288,215
289,202
290,165
291,227
292,192
293,118
294,199
295,162
296,114
297,102
298,137
299,215
300,172
301,192
302,238
303,177
304,219
305,216
306,163
307,215
308,215
309,246
310,206
311,165
312,170
313,248
314,249
315,159
316,88
317,181
318,211
319,198
320,213
321,60
322,152
323,214
324,202
325,231
326,155
327,237
328,198
329,138
330,231
331,250
332,143
333,216
334,227
335,223
336,193
337,203
338,204
339,112
340,117
341,247
342,235
343,191
344,169
345,168
346,139
347,98
348,28
349,120
350,115
351,178
352,128
353,150
354,190
355,196
356,224
357,232
358,209
359,126
360,199
361,194
362,209
363,153
364,233
365,208
366,195
367,239
368,235
369,101
370,205
371,202
372,102
373,172
374,251
375,143
376,210
377,231
378,121
379,199
380,199
381,107
382,123
383,200
384,171
385,253
386,204
387,100
388,183
389,220
390,238
391,193
392,241
393,180
394,183
395,0
396,211
397,212
398,167
399,232
400,120
401,160
402,216
403,154
404,167
405,208
406,213
407,69
408,211
409,219
410,174
411,117
412,227
413,250
414,193
415,159
416,176
417,70
418,197
419,94
420,213
421,206
422,221
423,247
424,209
425,236
426,229
427,114
428,148
429,158
430,232
431,229
432,214
433,243
434,184
435,170
436,168
437,226
438,200
439,225
440,185
441,141
442,191
443,197
444,178
445,184
446,38
447,203
448,108
449,227
450,63
451,202
452,209
453,193
454,231
455,216
456,194
457,246
458,206
459,250
460,231
461,242
462,248
463,175
464,227
465,190
466,160
467,167
468,141
469,141
470,115
471,175
472,187
473,162
474,190
475,246
476,222
477,164
478,213
479,133
480,171
481,229
482,244
483,250
484,142
485,155
486,224
487,143
488,171
489,232
490,161
491,165
492,195
493,58
494,161
495,169
496,221
497,218
498,232
499,227
500,176
501,197
502,232
503,248
504,122
505,240
506,140
507,197
508,100
509,67
510,220
511,229
512,217
513,251
514,187
515,233
516,187
517,184
518,106
519,228
520,96
521,222
522,181
523,95
524,186
525,208
526,209
527,219
528,226
529,215
530,179
531,205
532,65
533,167
534,245
535,116
536,226
537,212
538,101
539,89
540,201
541,244
542,211
543,208
544,221
545,127
546,173
547,152
548,104
549,256
550,194
551,126
552,216
553,158
554,73
555,190
556,55
557,232
558,138
559,197
560,145
561,215
562,195
563,95
564,216
565,178
566,253
567,254
568,210
569,246
570,194
571,105
572,235
573,232
574,180
575,194
576,229
577,129
578,218
579,255
580,201
581,80
582,220
583,250
584,245
585,137
586,181
587,193
588,203
589,95
590,215
591,225
592,249
593,131
594,173
595,231
596,233
597,248
598,169
599,237
600,162
601,194
602,125
603,212
604,164
605,146
606,173
607,200
608,186
609,126
610,227
611,246
612,169
613,247
614,66
615,253
616,152
617,141
618,124
619,157
620,180
621,215
622,135
623,226
624,165
625,195
626,216
627,210
628,208
629,160
630,187
631,194
632,236
633,198
634,202
635,190
636,176
637,70
638,71
639,217
640,47
641,186
642,197
643,122
644,230
645,225
646,237
647,231
648,186
649,209
650,178
651,250
652,117
653,153
654,0
655,187
656,142
657,245
658,240
659,184
660,219
661,198
662,186
663,202
664,230
665,129
666,221
667,142
668,233
669,108
670,176
671,206
672,32
673,239
674,194
675,202
676,161
677,119
678,171
679,225
680,244
681,131
682,247
683,158
684,199
685,228
686,161
687,184
688,208
689,91
690,245
691,228
692,190
693,192
694,167
695,228
696,135
697,233
698,0
699,136
700,211
701,241
702,144
703,254
704,174
705,228
706,114
707,241
708,59
709,137
710,250
711,230
712,252
713,220
714,125
715,176
716,179
717,223
718,125
719,96
720,133
721,219
722,89
723,227
724,221
725,200
726,108
727,252
728,34
729,189
730,212
731,17
732,227
733,116
734,225
735,163
736,171
737,197
738,204
739,203
740,236
741,195
742,118
743,148
744,180
745,194
746,103
747,254
748,208
749,239
750,181
751,18
752,200
753,129
754,248
755,102
756,231
757,183
758,196
759,231
760,193
761,113
762,228
763,228
764,163
765,245
766,141
767,186
768,78
769,221
770,159
771,225
772,141
773,232
774,199
775,146
776,183
777,229
778,188
779,112
780,222
781,172
782,99
783,237
784,211
785,251
786,237
787,141
788,139
789,234
790,251
791,86
792,191
793,238
794,197
795,242
796,142
797,157
798,228
799,256
800,152
801,235
802,218
803,151
804,160
805,238
806,247
807,211
808,249
809,208
810,217
811,145
812,170
813,233
814,203
815,203
816,214
817,145
818,98
819,213
820,251
821,212
822,0
823,219
824,222
825,189
826,181
827,228
828,162
829,239
830,178
831,206
832,216
833,135
834,175
835,155
836,170
837,135
838,161
839,122
840,232
841,214
842,236
843,228
844,220
845,224
846,115
847,183
848,218
849,151
850,208
851,146
852,190
853,238
854,123
855,163
856,102
857,239
858,153
859,80
860,227
861,190
862,153
863,223
864,173
865,179
866,222
867,238
868,161
869,226
870,184
871,230
872,210
873,213
874,237
875,234
876,198
877,220
878,183
879,216
880,246
881,162
882,38
883,239
884,166
885,212
886,151
887,226
888,220
889,80
890,249
891,217
892,206
893,194
894,169
895,252
896,237
897,208
898,172
899,162
900,138
901,193
902,197
903,114
904,105
905,181
906,93
907,21
908,185
909,237
910,239
911,195
912,60
913,200
914,241
915,219
916,112
917,173
918,174
919,215
920,200
921,198
922,213
923,233
924,251
925,148
926,220
927,136
928,236
929,214
930,235
931,236
932,172
933,236
934,170
935,244
936,235
937,133
938,40
939,249
940,230
941,206
942,118
943,205
944,198
945,227
946,216
947,176
948,189
949,256
950,184
951,235
952,154
953,230
954,241
955,149
956,227
957,242
958,202
959,216
960,219
961,245
962,249
963,159
964,179
965,205
966,245
967,251
968,211
969,174
970,221
971,132
972,184
973,128
974,196
975,174
976,217
977,145
978,226
979,232
980,185
981,255
982,143
983,226
984,239
985,109
986,0
987,231
988,145
989,174
990,145
991,155
992,115
993,225
994,194
995,152
996,198
997,215
998,163
999,250
1000,238
1001,196
1002,242
1003,124
1004,181
1005,187
1006,201
1007,197
1008,152
1009,103
1010,121
1011,176
1012,246
1013,208
1014,230
1015,190
1016,214
1017,223
1018,192
1019,224
1020,194
1021,143
1022,236
1023,171
1024,132
1025,253
1026,208
1027,220
1028,243
1029,163
1030,162
1031,124
1032,90
1033,238
1034,198
1035,247
1036,82
1037,73
1038,177
1039,110
1040,184
1041,169
1042,163
1043,209
1044,130
1045,204
1046,182
1047,210
1048,165
1049,144
1050,215
1051,250
1052,212
1053,81
1054,149
1055,140
1056,169
1057,247
1058,112
1059,195
1060,225
1061,150
1062,205
1063,209
1064,182
1065,222
1066,101
1067,214
1068,197
1069,249
1070,246
1071,182
1072,140
1073,219
1074,99
1075,253
1076,210
1077,233
1078,212
1079,248
1080,178
1081,204
1082,114
1083,207
1084,224
1085,197
1086,168
1087,176
1088,172
1089,176
1090,88
1091,164
1092,102
1093,115
1094,117
1095,223
1096,141
1097,147
1098,142
1099,186
1100,235
1101,231
1102,125
1103,179
1104,242
1105,158
1106,171
1107,250
1108,228
1109,225
1110,254
1111,212
1112,242
1113,234
1114,135
1115,196
1116,209
1117,172
1118,188
1119,183
1120,228
1121,145
1122,167
1123,165
1124,127
1125,237
1126,56
1127,182
1128,101
1129,194
1130,236
1131,256
1132,206
1133,240
1134,88
1135,206
1136,150
1137,156
1138,175
1139,79
1140,242
1141,237
1142,234
1143,121
1144,126
1145,164
1146,168
1147,226
1148,171
1149,144
1150,92
1151,243
1152,119
1153,196
1154,241
1155,133
1156,246
1157,222
1158,214
1159,246
1160,186
1161,228
1162,183
1163,233
1164,121
1165,174
1166,235
1167,193
1168,174
1169,138
1170,228
1171,202
1172,187
1173,210
1174,185
1175,234
1176,129
1177,216
1178,169
1179,228
1180,92
1181,187
1182,180
1183,213
1184,182
1185,240
1186,256
1187,81
1188,150
1189,229
1190,230
1191,222
1192,182
1193,250
1194,239
1195,229
1196,135
1197,173
1198,142
1199,86
1200,93
1201,255
1202,211
1203,230
1204,80
1205,237
1206,211
1207,213
1208,127
1209,224
1210,195
1211,195
1212,199
1213,70
1214,244
1215,0
1216,216
1217,0
1218,186
1219,237
1220,244
1221,173
1222,121
1223,222
1224,144
1225,10
1226,181
1227,188
1228,44
1229,184
1230,160
1231,174
1232,128
1233,240
1234,100
1235,86
1236,146
1237,124
1238,192
1239,243
1240,194
1241,189
1242,197
1243,220
1244,184
1245,117
1246,254
1247,239
1248,193
1249,203
1250,166
1251,214
1252,191
1253,245
1254,225
1255,205
1256,213
1257,167
1258,204
1259,244
1260,223
1261,226
1262,53
1263,249
1264,198
1265,199
1266,189
1267,221
1268,173
1269,236
1270,118
1271,225
1272,226
1273,236
1274,115
1275,161
1276,129
1277,212
1278,211
1279,191
1280,149
1281,190
1282,128
1283,206
1284,236
1285,126
1286,168
1287,43
1288,144
1289,196
1290,103
1291,134
1292,150
1293,108
1294,228
1295,169
1296,224
1297,234
1298,149
1299,250
1300,49
1301,233
1302,199
1303,199
1304,179
1305,73
1306,111
1307,177
1308,144
1309,169
1310,198
1311,203
1312,211
1313,182
1314,213
1315,256
1316,229
1317,199
1318,194
1319,144
1320,180
1321,132
1322,204
1323,232
1324,56
1325,176
1326,159
1327,250
1328,182
1329,220
1330,192
1331,180
1332,255
1333,213
1334,240
1335,153
1336,205
1337,144
1338,180
1339,200
1340,244
1341,253
1342,198
1343,197
1344,219
1345,218
1346,216
1347,253
1348,160
1349,165
1350,222
1351,234
1352,156
1353,211
1354,231
1355,91
1356,174
1357,136
1358,187
1359,67
1360,234
1361,231
1362,223
1363,187
1364,154
1365,183
1366,88
1367,242
1368,152
1369,227
1370,239
1371,205
1372,250
1373,196
1374,199
1375,178
1376,208
1377,220
1378,22
1379,175
1380,180
1381,176
1382,165
1383,230
1384,50
1385,167
1386,132
1387,186
1388,81
1389,247
1390,207
1391,200
1392,127
1393,224
1394,212
1395,200
1396,179
1397,235
1398,132
1399,205
1400,81
1401,221
1402,204
1403,169
1404,205
1405,163
1406,255
1407,0
1408,92
1409,147
1410,190
1411,230
1412,229
1413,226
1414,167
1415,223
1416,79
1417,218
1418,143
1419,70
1420,225
1421,232
1422,217
1423,256
1424,170
1425,216
1426,238
1427,151
1428,170
1429,166
1430,235
1431,125
1432,146
1433,230
1434,199
1435,144
1436,241
1437,237
1438,157
1439,221
1440,205
1441,247
1442,145
1443,248
1444,168
1445,239
1446,218
1447,223
1448,225
1449,174
1450,200
1451,148
1452,233
1453,130
1454,226
1455,240
1456,235
1457,186
1458,215
1459,190
1460,108
1461,193
1462,222
1463,201
1464,57
1465,224
1466,250
1467,231
1468,149
1469,183
1470,132
1471,234
1472,225
1473,213
1474,0
1475,206
1476,106
1477,204
1478,149
1479,208
1480,199
1481,17
1482,233
1483,53
1484,201
1485,194
1486,170
1487,251
1488,162
1489,202
1490,200
1491,250
1492,165
1493,248
1494,169
1495,239
1496,220
1497,193
1498,148
1499,204
1500,100
1501,191
1502,134
1503,171
1504,148
1505,90
1506,111
1507,223
1508,234
1509,166
1510,128
1511,233
1512,131
1513,157
1514,200
1515,171
1516,177
1517,194
1518,232
1519,198
1520,171
1521,196
1522,241
1523,249
1524,128
1525,202
1526,227
1527,188
1528,164
1529,181
1530,152
1531,223
1532,94
1533,30
1534,165
1535,190
1536,215
1537,174
1538,161
1539,227
1540,183
1541,242
1542,246
1543,230
1544,198
1545,118
1546,236
1547,161
1548,129
1549,151
1550,121
1551,135
1552,203
1553,221
1554,97
1555,232
1556,75
1557,199
1558,206
1559,174
1560,170
1561,163
1562,254
1563,170
1564,242
1565,132
1566,233
1567,226
1568,224
1569,160
1570,242
1571,242
1572,187
1573,240
1574,202
1575,180
1576,180
1577,238
1578,186
1579,240
1580,219
1581,234
1582,162
1583,194
1584,106
1585,185
1586,236
1587,226
1588,224
1589,221
1590,232
1591,201
1592,179
1593,135
1594,155
1595,239
1596,212
1597,147
1598,180
1599,196
1600,170
1601,172
1602,193
1603,234
1604,172
1605,230
1606,66
1607,226
1608,138
1609,171
1610,122
1611,234
1612,254
1613,181
1614,210
1615,200
1616,149
1617,129
1618,191
1619,222
1620,208
1621,96
1622,182
1623,188
1624,148
1625,185
1626,170
1627,190
1628,209
1629,170
1630,243
1631,230
1632,206
1633,213
1634,140
1635,178
1636,179
1637,186
1638,88
1639,135
1640,182
1641,213
1642,238
1643,71
1644,152
1645,247
1646,128
1647,221
1648,231
1649,192
1650,242
1651,190
1652,137
1653,165
1654,154
1655,242
1656,93
1657,208
1658,72
1659,167
1660,159
1661,245
1662,183
1663,140
1664,183
1665,237
1666,104
1667,150
1668,193
1669,109
1670,194
1671,155
1672,218
1673,77
1674,201
1675,194
1676,215
1677,226
1678,178
1679,60
1680,145
1681,207
1682,218
1683,165
1684,180
1685,204
1686,223
1687,215
1688,239
1689,202
1690,231
1691,27
1692,138
1693,145
1694,177
1695,66
1696,232
1697,159
1698,221
1699,205
1700,210
1701,248
1702,249
1703,242
1704,256
1705,189
1706,234
1707,256
1708,222
1709,227
1710,197
1711,200
1712,188
1713,181
1714,140
1715,195
1716,88
1717,207
1718,210
1719,197
1720,220
1721,186
1722,214
1723,61
1724,256
1725,215
1726,174
1727,218
1728,202
1729,228
1730,160
1731,208
1732,218
1733,86
1734,138
1735,49
1736,199
1737,248
1738,172
1739,245
1740,218
1741,85
1742,252
1743,188
1744,172
1745,141
1746,168
1747,216
1748,216
1749,153
1750,205
1751,185
1752,147
1753,213
1754,247
1755,203
1756,197
1757,199
1758,221
1759,203
1760,129
1761,59
1762,249
1763,211
1764,191
1765,30
1766,251
1767,172
1768,162
1769,223
1770,0
1771,198
1772,39
1773,158
1774,109
1775,151
1776,115
1777,223
1778,96
1779,152
1780,253
1781,129
1782,202
1783,188
1784,126
1785,182
1786,184
1787,230
1788,194
1789,248
1790,196
1791,42
1792,78
1793,173
1794,68
1795,57
1796,229
1797,69
1798,150
1799,181
1800,173
1801,190
1802,183
1803,113
1804,157
1805,161
1806,61
1807,169
1808,195
1809,139
1810,145
1811,205
1812,223
1813,203
1814,173
1815,192
1816,126
1817,98
1818,110
1819,235
1820,202
1821,211
1822,166
1823,240
1824,210
1825,193
1826,226
1827,157
1828,168
1829,92
1830,102
1831,181
1832,198
1833,245
1834,119
1835,181
1836,207
1837,195
1838,214
1839,118
1840,217
1841,154
1842,243
1843,149
1844,251
1845,99
1846,121
1847,215
1848,122
1849,175
1850,233
1851,117
1852,198
1853,181
1854,131
1855,185
1856,173
1857,198
1858,231
1859,194
1860,157
1861,188
1862,130
1863,175
1864,191
1865,193
1866,179
1867,250
1868,212
1869,223
1870,191
1871,157
1872,6
1873,189
1874,217
1875,232
1876,121
1877,206
1878,236
1879,169
1880,166
1881,63
1882,194
1883,172
1884,245
1885,111
1886,80
1887,247
1888,164
1889,148
1890,210
1891,119
1892,128
1893,211
1894,252
1895,190
1896,190
1897,181
1898,181
1899,195
1900,178
1901,238
1902,212
1903,155
1904,197
1905,190
1906,212
1907,216
1908,167
1909,136
1910,197
1911,218
1912,217
1913,87
1914,124
1915,152
1916,219
1917,191
1918,113
1919,140
1920,233
1921,214
1922,226
1923,196
1924,82
1925,214
1926,233
1927,152
1928,167
1929,197
1930,124
1931,255
1932,227
1933,203
1934,172
1935,246
1936,199
1937,186
1938,85
1939,159
1940,165
1941,217
1942,209
1943,168
1944,246
1945,202
1946,136
1947,209
1948,243
1949,94
1950,146
1951,134
1952,191
1953,68
1954,242
1955,115
1956,175
1957,224
1958,206
1959,172
1960,172
1961,103
1962,148
1963,150
1964,35
1965,168
1966,206
1967,218
1968,246
1969,255
1970,237
1971,252
1972,181
1973,129
1974,219
1975,142
1976,203
1977,230
1978,182
1979,244
1980,181
1981,223
1982,230
1983,231
1984,218
1985,96
1986,242
1987,185
1988,235
1989,191
1990,242
1991,201
1992,237
1993,127
1994,41
1995,204
1996,96
1997,150
1998,180
1999,194
2000,177
2001,219
2002,212
2003,205
2004,153
2005,166
2006,200
2007,231
2008,200
2009,218
2010,222
2011,233
2012,236
2013,222
2014,150
2015,165
2016,212
2017,197
2018,194
2019,228
2020,169
2021,221
2022,124
2023,210
2024,187
2025,235
2026,221
2027,140
2028,201
2029,110
2030,254
2031,224
2032,224
2033,213
2034,177
2035,224
2036,122
2037,159
2038,175
2039,196
2040,145
2041,220
2042,44
2043,165
2044,245
2045,140
2046,256
2047,242
2048,179
2049,163
2050,110
2051,148
2052,152
2053,224
2054,223
2055,224
2056,209
2057,211
2058,213
2059,215
2060,93
2061,223
2062,80
2063,6
2064,98
2065,226
2066,231
2067,124
2068,74
2069,71
2070,186
2071,210
2072,212
2073,211
2074,253
2075,245
2076,156
2077,141
2078,230
2079,137
2080,199
2081,219
2082,227
2083,182
2084,213
2085,154
2086,124
2087,166
2088,221
2089,231
2090,145
2091,254
2092,129
2093,229
2094,202
2095,186
2096,235
2097,163
2098,184
2099,133
2100,203
2101,246
2102,164
2103,156
2104,195
2105,74
2106,241
2107,214
2108,176
2109,236
2110,207
2111,200
2112,140
2113,172
2114,216
2115,233
2116,198
2117,242
2118,222
2119,245
2120,185
2121,87
2122,199
2123,141
2124,232
2125,236
2126,161
2127,186
2128,138
2129,155
2130,230
2131,178
2132,149
2133,184
2134,139
2135,183
2136,214
2137,173
2138,256
2139,201
2140,209
2141,220
2142,201
2143,231
2144,226
2145,217
2146,151
2147,148
2148,214
2149,186
2150,193
2151,254
2152,159
2153,200
2154,238
2155,242
2156,242
2157,215
2158,131
2159,189
2160,91
2161,188
2162,21
2163,242
2164,233
2165,165
2166,231
2167,154
2168,182
2169,252
2170,221
2171,186
2172,110
2173,130
2174,169
2175,181
2176,231
2177,250
2178,204
2179,212
2180,256
2181,190
2182,182
2183,126
2184,146
2185,185
2186,143
2187,0
2188,211
2189,205
2190,180
2191,207
2192,153
2193,102
2194,249
2195,147
2196,127
2197,210
2198,130
2199,143
2200,139
2201,193
2202,237
2203,97
2204,185
2205,107
2206,237
2207,136
2208,163
2209,135
2210,144
2211,240
2212,152
2213,130
2214,205
2215,256
2216,229
2217,233
2218,212
2219,180
2220,183
2221,238
2222,212
2223,174
2224,43
2225,222
2226,212
2227,102
2228,156
2229,132
2230,237
2231,229
2232,178
2233,192
2234,159
2235,222
2236,88
2237,243
2238,224
2239,156
2240,179
2241,198
2242,180
2243,187
2244,151
2245,176
2246,182
2247,197
2248,221
2249,153
2250,230
2251,255
2252,142
2253,194
2254,251
2255,225
2256,115
2257,233
2258,171
2259,34
2260,205
2261,198
2262,231
2263,120
2264,245
2265,74
2266,228
2267,218
2268,0
2269,158
2270,155
2271,75
2272,249
2273,154
2274,225
2275,135
2276,256
2277,239
2278,172
2279,142
2280,230
2281,176
2282,172
2283,100
2284,253
2285,231
2286,113
2287,205
2288,238
2289,235
2290,218
2291,204
2292,243
2293,71
2294,179
2295,141
2296,161
2297,179
2298,250
2299,219
2300,201
2301,208
2302,250
2303,242
2304,239
2305,236
2306,183
2307,160
2308,206
2309,191
2310,182
2311,115
2312,243
2313,203
2314,251
2315,256
2316,161
2317,6
2318,110
2319,208
2320,181
2321,205
2322,224
2323,247
2324,244
2325,187
2326,151
2327,206
2328,164
2329,213
2330,208
2331,177
2332,188
2333,175
2334,214
2335,121
2336,169
2337,226
2338,224
2339,145
2340,241
2341,180
2342,256
2343,207
2344,191
2345,208
2346,213
2347,209
2348,232
2349,214
2350,169
2351,230
2352,87
2353,110
2354,168
2355,247
2356,216
2357,216
2358,206
2359,26
2360,214
2361,108
2362,67
2363,212
2364,220
2365,183
2366,130
2367,243
2368,154
2369,138
2370,244
2371,206
2372,122
2373,245
2374,223
2375,226
2376,213
2377,4
2378,245
2379,243
2380,211
2381,180
2382,84
2383,231
2384,243
2385,227
2386,167
2387,196
2388,221
2389,149
2390,232
2391,154
2392,157
2393,208
2394,132
2395,127
2396,153
2397,245
2398,145
2399,224
