0,14
1,238
2,227
3,185
4,205
5,140
6,195
7,71
8,206
9,123
10,162
11,201
12,235
13,235
14,238
15,179
16,143
17,228
18,109
19,118
20,135
21,175
22,172
23,208
24,14
25,108
26,189
27,163
28,142
29,226
30,222
31,166
32,174
33,184
34,124
35,29
36,233
37,179
38,228
39,243
40,160
41,229
42,178
43,51
44,149
45,241
46,225
47,216
48,160
49,86
50,197
51,159
52,239
53,243
54,211
55,169
56,196
57,156
58,156
59,161
60,71
61,199
62,145
63,211
64,210
65,94
66,222
67,136
68,142
69,128
70,132
71,205
72,209
73,216
74,145
75,129
76,135
77,157
78,161
79,202
80,216
81,152
82,193
83,181
84,186
85,121
86,202
87,248
88,218
89,198
90,180
91,152
92,96
93,235
94,182
95,195
96,133
97,138
98,210
99,227
100,198
101,239
102,202
103,226
104,96
105,154
106,194
107,199
108,159
109,110
110,225
111,206
112,218
113,34
114,212
115,189
116,124
117,179
118,222
119,211
120,192
121,0
122,201
123,223
124,202
125,188
126,171
127,200
128,167
129,117
130,188
131,198
132,214
133,54
134,188
135,163
136,127
137,222
138,192
139,208
140,150
141,226
142,87
143,199
144,205
145,193
146,205
147,205
148,123
149,213
150,144
151,122
152,167
153,168
154,151
155,231
156,245
157,113
158,224
159,206
160,194
161,180
162,132
163,159
164,223
165,220
166,196
167,212
168,164
169,221
170,215
171,162
172,159
173,238
174,175
175,158
176,171
177,97
178,184
179,183
180,177
181,182
182,107
183,18
184,184
185,195
186,176
187,219
188,104
189,183
190,115
191,237
192,172
193,130
194,149
195,210
196,176
197,224
198,238
199,180
200,171
201,221
202,227
203,182
204,195
205,199
206,205
207,191
208,231
209,223
210,163
211,207
212,208
213,217
214,212
215,208
216,221
217,93
218,176
219,210
220,202
221,180
222,245
223,206
224,203
225,226
226,176
227,241
228,221
229,207
230,133
231,207
232,135
233,147
234,148
235,81
236,191
237,147
238,170
239,236
240,132
241,144
242,232
243,205
244,190
245,228
246,208
247,71
248,221
249,183
250,174
251,174
252,200
253,127
254,194
255,166
256,220
257,159
258,208
259,236
260,237
261,122
262,187
263,199
264,165
265,195
266,142
267,189
268,169
269,202
270,232
271,105
272,117
273,165
274,121
275,220
276,183
277,171
278,186
279,170
280,105
281,230
282,96
283,172
284,182
285,111
286,137
287,155
288,208
289,186
290,211
291,228
292,230
293,205
294,184
295,236
296,179
297,185
298,189
299,222
300,190
301,173
302,214
303,182
304,203
305,227
306,231
307,158
308,209
309,186
310,217
311,156
312,190
313,112
314,157
315,127
316,186
317,226
318,178
319,95
320,159
321,127
322,210
323,233
324,229
325,186
326,215
327,238
328,232
329,137
330,158
331,199
332,246
333,208
334,230
335,190
336,172
337,219
338,148
339,198
340,242
341,141
342,50
343,174
344,127
345,150
346,185
347,156
348,247
349,120
350,249
351,197
352,146
353,138
354,216
355,205
356,207
357,151
358,201
359,195
360,139
361,175
362,198
363,148
364,149
365,208
366,116
367,205
368,236
369,193
370,212
371,187
372,226
373,153
374,131
375,143
376,167
377,166
378,167
379,211
380,170
381,150
382,76
383,174
384,220
385,160
386,141
387,222
388,126
389,240
390,180
391,192
392,228
393,130
394,137
395,242
396,227
397,220
398,237
399,132
400,184
401,126
402,245
403,243
404,199
405,134
406,103
407,171
408,205
409,230
410,241
411,234
412,221
413,174
414,126
415,216
416,238
417,249
418,173
419,189
420,184
421,83
422,176
423,145
424,218
425,228
426,102
427,229
428,206
429,161
430,242
431,232
432,115
433,208
434,187
435,144
436,189
437,216
438,226
439,204
440,139
441,223
442,154
443,91
444,201
445,108
446,194
447,190
448,230
449,214
450,227
451,187
452,245
453,157
454,232
455,177
456,215
457,229
458,225
459,195
460,240
461,154
462,181
463,234
464,245
465,152
466,124
467,184
468,218
469,246
470,88
471,232
472,156
473,120
474,190
475,163
476,243
477,195
478,179
479,244
480,198
481,165
482,206
483,222
484,82
485,229
486,122
487,231
488,249
489,115
490,228
491,241
492,151
493,225
494,109
495,252
496,232
497,229
498,175
499,186
500,218
501,236
502,239
503,236
504,182
505,181
506,209
507,205
508,214
509,206
510,130
511,219
512,224
513,147
514,178
515,245
516,227
517,179
518,233
519,226
520,222
521,159
522,148
523,235
524,192
525,236
526,194
527,164
528,219
529,208
530,210
531,225
532,142
533,229
534,223
535,220
536,225
537,87
538,240
539,200
540,166
541,198
542,132
543,216
544,230
545,182
546,161
547,233
548,213
549,194
550,130
551,202
552,190
553,160
554,249
555,202
556,141
557,218
558,151
559,227
560,225
561,246
562,173
563,225
564,160
565,217
566,144
567,222
568,227
569,201
570,229
571,229
572,217
573,217
574,239
575,164
576,222
577,230
578,202
579,243
580,209
581,243
582,211
583,179
584,206
585,159
586,189
587,195
588,197
589,237
590,214
591,167
592,206
593,175
594,141
595,176
596,211
597,232
598,147
599,144
600,135
601,243
602,99
603,108
604,158
605,234
606,155
607,178
608,199
609,137
610,161
611,201
612,180
613,75
614,232
615,156
616,76
617,195
618,233
619,197
620,57
621,198
622,231
623,175
624,166
625,206
626,188
627,219
628,232
629,152
630,222
631,227
632,122
633,154
634,210
635,220
636,239
637,186
638,147
639,122
640,201
641,178
642,239
643,197
644,205
645,174
646,240
647,203
648,229
649,93
650,127
651,220
652,198
653,229
654,203
655,218
656,169
657,215
658,195
659,227
660,146
661,220
662,208
663,189
664,202
665,201
666,234
667,228
668,142
669,211
670,137
671,154
672,205
673,191
674,241
675,210
676,203
677,177
678,156
679,156
680,228
681,160
682,167
683,212
684,223
685,207
686,158
687,233
688,216
689,199
690,132
691,216
692,96
693,247
694,237
695,192
696,129
697,196
698,134
699,160
700,152
701,235
702,235
703,244
704,161
705,225
706,99
707,201
708,161
709,244
710,154
711,231
712,139
713,223
714,174
715,151
716,167
717,249
718,182
719,88
720,213
721,197
722,162
723,97
724,201
725,107
726,206
727,76
728,131
729,210
730,218
731,143
732,183
733,172
734,238
735,184
736,216
737,185
738,191
739,54
740,198
741,228
742,124
743,242
744,224
745,104
746,206
747,157
748,162
749,199
750,117
751,205
752,205
753,188
754,201
755,212
756,204
757,215
758,243
759,139
760,192
761,252
762,246
763,233
764,226
765,221
766,235
767,165
768,215
769,201
770,239
771,85
772,244
773,205
774,143
775,244
776,195
777,230
778,211
779,242
780,162
781,210
782,133
783,206
784,148
785,206
786,98
787,190
788,140
789,224
790,193
791,121
792,112
793,205
794,234
795,106
796,90
797,243
798,108
799,124
800,233
801,163
802,204
803,234
804,244
805,159
806,143
807,207
808,215
809,207
810,220
811,219
812,168
813,159
814,196
815,210
816,148
817,142
818,228
819,205
820,199
821,173
822,233
823,207
824,210
825,190
826,224
827,171
828,244
829,214
830,209
831,209
832,152
833,226
834,167
835,191
836,188
837,170
838,248
839,230
840,135
841,142
842,184
843,211
844,171
845,136
846,168
847,240
848,205
849,218
850,207
851,0
852,104
853,161
854,193
855,153
856,208
857,243
858,175
859,216
860,217
861,152
862,206
863,161
864,182
865,230
866,224
867,239
868,241
869,246
870,186
871,224
872,214
873,198
874,195
875,222
876,188
877,193
878,204
879,200
880,90
881,200
882,211
883,182
884,186
885,164
886,225
887,244
888,179
889,242
890,217
891,116
892,87
893,212
894,188
895,166
896,194
897,80
898,204
899,216
900,176
901,155
902,204
903,199
904,227
905,155
906,208
907,177
908,171
909,175
910,144
911,226
912,134
913,211
914,138
915,240
916,206
917,167
918,188
919,37
920,208
921,188
922,173
923,150
924,221
925,201
926,151
927,214
928,153
929,217
930,150
931,140
932,195
933,219
934,193
935,211
936,171
937,227
938,199
939,155
940,183
941,209
942,179
943,191
944,206
945,142
946,159
947,144
948,212
949,177
950,201
951,156
952,229
953,230
954,195
955,246
956,217
957,208
958,186
959,142
960,213
961,237
962,107
963,220
964,187
965,159
966,126
967,197
968,140
969,219
970,220
971,183
972,200
973,88
974,199
975,167
976,205
977,118
978,220
979,241
980,206
981,212
982,176
983,191
984,170
985,239
986,202
987,230
988,241
989,152
990,243
991,151
992,187
993,230
994,215
995,216
996,186
997,239
998,174
999,225
1000,221
1001,143
1002,170
1003,243
1004,218
1005,232
1006,160
1007,208
1008,204
1009,167
1010,229
1011,201
1012,193
1013,206
1014,205
1015,224
1016,179
1017,209
1018,219
1019,244
1020,226
1021,246
1022,84
1023,168
1024,197
1025,233
1026,211
1027,106
1028,199
1029,201
1030,232
1031,146
1032,97
1033,176
1034,191
1035,209
1036,237
1037,191
1038,233
1039,193
1040,196
1041,147
1042,203
1043,163
1044,168
1045,218
1046,193
1047,156
1048,234
1049,138
1050,183
1051,213
1052,224
1053,202
1054,155
1055,189
1056,241
1057,209
1058,166
1059,223
1060,229
1061,174
1062,200
1063,191
1064,231
1065,204
1066,166
1067,230
1068,245
1069,206
1070,236
1071,201
1072,150
1073,225
1074,241
1075,191
1076,217
1077,202
1078,190
1079,190
1080,220
1081,175
1082,162
1083,131
1084,209
1085,215
1086,208
1087,155
1088,197
1089,170
1090,223
1091,187
1092,223
1093,181
1094,221
1095,233
1096,138
1097,200
1098,213
1099,221
1100,204
1101,223
1102,237
1103,223
1104,172
1105,217
1106,223
1107,162
1108,224
1109,221
1110,210
1111,169
1112,114
1113,214
1114,229
1115,181
1116,228
1117,160
1118,190
1119,178
1120,229
1121,188
1122,161
1123,142
1124,175
1125,187
1126,245
1127,225
1128,207
1129,206
1130,181
1131,239
1132,180
1133,238
1134,181
1135,202
1136,223
1137,209
1138,249
1139,193
1140,245
1141,201
1142,217
1143,138
1144,116
1145,170
1146,57
1147,250
1148,159
1149,213
1150,174
1151,229
1152,192
1153,189
1154,181
1155,192
1156,190
1157,213
1158,212
1159,223
1160,187
1161,227
1162,108
1163,247
1164,172
1165,243
1166,180
1167,225
1168,238
1169,230
1170,185
1171,181
1172,221
1173,187
1174,238
1175,248
1176,216
1177,197
1178,247
1179,153
1180,191
1181,144
1182,153
1183,139
1184,222
1185,233
1186,214
1187,185
1188,114
1189,215
1190,227
1191,143
1192,246
1193,219
1194,236
1195,247
1196,197
1197,196
1198,163
1199,236
1200,163
1201,247
1202,117
1203,216
1204,174
1205,146
1206,135
1207,178
1208,62
1209,213
1210,169
1211,212
1212,214
1213,173
1214,59
1215,62
1216,108
1217,176
1218,143
1219,250
1220,202
1221,191
1222,9
1223,103
1224,167
1225,33
1226,232
1227,94
1228,168
1229,239
1230,133
1231,65
1232,145
1233,172
1234,124
1235,172
1236,195
1237,141
1238,157
1239,211
1240,187
1241,160
1242,137
1243,206
1244,229
1245,247
1246,183
1247,152
1248,239
1249,168
1250,228
1251,151
1252,179
1253,188
1254,74
1255,101
1256,195
1257,239
1258,154
1259,158
1260,163
1261,218
1262,14
1263,245
1264,175
1265,156
1266,89
1267,123
1268,240
1269,187
1270,230
1271,202
1272,202
1273,220
1274,244
1275,233
1276,171
1277,56
1278,194
1279,248
1280,137
1281,91
1282,227
1283,140
1284,155
1285,64
1286,148
1287,0
1288,163
1289,123
1290,229
1291,222
1292,117
1293,173
1294,130
1295,159
1296,241
1297,93
1298,145
1299,51
1300,237
1301,171
1302,232
1303,142
1304,171
1305,227
1306,224
1307,230
1308,24
1309,180
1310,118
1311,163
1312,68
1313,220
1314,219
1315,224
1316,103
1317,187
1318,121
1319,204
1320,91
1321,58
1322,171
1323,234
1324,90
1325,155
1326,111
1327,65
1328,136
1329,214
1330,174
1331,103
1332,116
1333,144
1334,173
1335,144
1336,78
1337,160
1338,0
1339,212
1340,76
1341,186
1342,218
1343,189
1344,76
1345,82
1346,247
1347,83
1348,218
1349,182
1350,228
1351,0
1352,183
1353,0
1354,218
1355,92
1356,220
1357,206
1358,150
1359,139
1360,211
1361,93
1362,175
1363,59
1364,242
1365,236
1366,165
1367,190
1368,80
1369,125
1370,202
1371,199
1372,91
1373,154
1374,241
1375,243
1376,174
1377,200
1378,157
1379,226
1380,211
1381,102
1382,213
1383,231
1384,232
1385,0
1386,235
1387,222
1388,66
1389,18
1390,31
1391,215
1392,169
1393,180
1394,191
1395,58
1396,135
1397,80
1398,186
1399,172
1400,168
1401,211
1402,130
1403,196
1404,230
1405,139
1406,212
1407,80
1408,148
1409,219
1410,191
1411,195
1412,221
1413,209
1414,232
1415,103
1416,171
1417,152
1418,230
1419,192
1420,155
1421,223
1422,244
1423,143
1424,113
1425,234
1426,132
1427,117
1428,228
1429,200
1430,39
1431,153
1432,205
1433,134
1434,151
1435,238
1436,116
1437,156
1438,231
1439,243
1440,225
1441,104
1442,135
1443,237
1444,183
1445,219
1446,149
1447,147
1448,181
1449,120
1450,33
1451,178
1452,201
1453,114
1454,234
1455,245
1456,202
1457,55
1458,164
1459,161
1460,199
1461,216
1462,36
1463,158
1464,87
1465,186
1466,206
1467,225
1468,225
1469,188
1470,121
1471,205
1472,156
1473,156
1474,197
1475,197
1476,199
1477,107
1478,222
1479,132
1480,146
1481,152
1482,234
1483,220
1484,213
1485,138
1486,246
1487,115
1488,241
1489,227
1490,190
1491,53
1492,228
1493,196
1494,250
1495,228
1496,248
1497,224
1498,223
1499,145
1500,150
1501,198
1502,203
1503,175
1504,102
1505,175
1506,128
1507,74
1508,197
1509,190
1510,132
1511,191
1512,167
1513,51
1514,128
1515,229
1516,206
1517,210
1518,217
1519,128
1520,185
1521,235
1522,174
1523,68
1524,173
1525,220
1526,172
1527,210
1528,194
1529,230
1530,138
1531,122
1532,174
1533,231
1534,147
1535,94
1536,134
1537,170
1538,157
1539,223
1540,180
1541,233
1542,60
1543,220
1544,161
1545,124
1546,201
1547,153
1548,71
1549,161
1550,17
1551,88
1552,180
1553,177
1554,102
1555,167
1556,123
1557,196
1558,175
1559,157
1560,228
1561,111
1562,240
1563,163
1564,133
1565,148
1566,103
1567,180
1568,239
1569,66
1570,181
1571,186
1572,244
1573,239
1574,226
1575,232
1576,147
1577,73
1578,30
1579,237
1580,212
1581,152
1582,112
1583,226
1584,192
1585,194
1586,220
1587,123
1588,203
1589,136
1590,232
1591,218
1592,205
1593,206
1594,192
1595,0
1596,155
1597,135
1598,96
1599,113
1600,216
1601,176
1602,155
1603,177
1604,236
1605,229
1606,201
1607,170
1608,225
1609,193
1610,251
1611,154
1612,180
1613,219
1614,184
1615,121
1616,230
1617,178
1618,182
1619,173
1620,124
1621,211
1622,237
1623,159
1624,194
1625,197
1626,105
1627,106
1628,232
1629,153
1630,175
1631,220
1632,205
1633,195
1634,204
1635,238
1636,200
1637,235
1638,60
1639,210
1640,211
1641,183
1642,161
1643,199
1644,219
1645,213
1646,222
1647,252
1648,253
1649,247
1650,226
1651,244
1652,179
1653,159
1654,141
1655,247
1656,187
1657,175
1658,248
1659,217
1660,226
1661,173
1662,188
1663,215
1664,158
1665,249
1666,184
1667,189
1668,171
1669,174
1670,198
1671,197
1672,250
1673,255
1674,197
1675,245
1676,220
1677,233
1678,179
1679,135
1680,229
1681,196
1682,224
1683,167
1684,183
1685,232
1686,169
1687,221
1688,238
1689,164
1690,109
1691,139
1692,212
1693,186
1694,138
1695,163
1696,205
1697,0
1698,203
1699,249
1700,160
1701,219
1702,144
1703,220
1704,222
1705,186
1706,213
1707,124
1708,156
1709,231
1710,202
1711,213
1712,156
1713,134
1714,2
1715,217
1716,233
1717,186
1718,110
1719,227
1720,143
1721,117
1722,178
1723,24
1724,64
1725,175
1726,237
1727,198
1728,174
1729,127
1730,134
1731,226
1732,168
1733,209
1734,166
1735,202
1736,137
1737,107
1738,200
1739,210
1740,119
1741,144
1742,162
1743,233
1744,250
1745,161
1746,160
1747,101
1748,190
1749,174
1750,81
1751,136
1752,132
1753,89
1754,192
1755,209
1756,225
1757,137
1758,222
1759,189
1760,90
1761,73
1762,221
1763,159
1764,215
1765,143
1766,146
1767,172
1768,229
1769,163
1770,194
1771,143
1772,128
1773,156
1774,89
1775,245
1776,243
1777,161
1778,114
1779,179
1780,215
1781,195
1782,93
1783,41
1784,196
1785,164
1786,97
1787,216
1788,209
1789,100
1790,239
1791,248
1792,197
1793,99
1794,195
1795,224
1796,175
1797,190
1798,224
1799,219
1800,191
1801,226
1802,230
1803,102
1804,222
1805,214
1806,188
1807,203
1808,214
1809,226
1810,186
1811,212
1812,154
1813,249
1814,151
1815,173
1816,189
1817,166
1818,175
1819,50
1820,133
1821,194
1822,204
1823,173
1824,209
1825,166
1826,151
1827,206
1828,200
1829,226
1830,228
1831,238
1832,215
1833,148
1834,131
1835,187
1836,163
1837,136
1838,235
1839,210
1840,224
1841,229
1842,213
1843,156
1844,143
1845,80
1846,92
1847,166
1848,223
1849,140
1850,164
1851,197
1852,210
1853,166
1854,172
1855,136
1856,183
1857,243
1858,204
1859,205
1860,228
1861,106
1862,172
1863,234
1864,244
1865,131
1866,212
1867,244
1868,85
1869,249
1870,230
1871,218
1872,179
1873,199
1874,220
1875,226
1876,134
1877,190
1878,195
1879,158
1880,228
1881,149
1882,247
1883,219
1884,167
1885,217
1886,187
1887,122
1888,168
1889,164
1890,231
1891,132
1892,252
1893,239
1894,198
1895,244
1896,86
1897,170
1898,184
1899,176
1900,127
1901,239
1902,141
1903,201
1904,156
1905,205
1906,37
1907,168
1908,231
1909,140
1910,177
1911,247
1912,187
1913,100
1914,90
1915,245
1916,230
1917,238
1918,236
1919,100
1920,199
1921,192
1922,247
1923,199
1924,92
1925,170
1926,185
1927,137
1928,80
1929,171
1930,97
1931,91
1932,248
1933,190
1934,61
1935,254
1936,204
1937,174
1938,194
1939,120
1940,111
1941,236
1942,247
1943,185
1944,120
1945,138
1946,218
1947,216
1948,227
1949,224
1950,193
1951,195
1952,223
1953,210
1954,157
1955,127
1956,219
1957,181
1958,214
1959,194
1960,220
1961,165
1962,93
1963,143
1964,86
1965,225
1966,231
1967,172
1968,205
1969,244
1970,109
1971,187
1972,232
1973,133
1974,205
1975,224
1976,162
1977,172
1978,207
1979,155
1980,173
1981,227
1982,234
1983,218
1984,183
1985,203
1986,203
1987,253
1988,230
1989,232
1990,109
1991,101
1992,236
1993,227
1994,144
1995,230
1996,38
1997,148
1998,227
1999,204
2000,150
2001,14
2002,126
2003,72
2004,203
2005,172
2006,206
2007,245
2008,37
2009,12
2010,247
2011,80
2012,229
2013,218
2014,174
2015,122
2016,196
2017,249
2018,191
2019,225
2020,242
2021,147
2022,203
2023,244
2024,193
2025,84
2026,216
2027,197
2028,163
2029,78
2030,227
2031,212
2032,0
2033,225
2034,83
2035,196
2036,223
2037,145
2038,244
2039,189
2040,218
2041,121
2042,167
2043,241
2044,147
2045,74
2046,234
2047,80
2048,18
2049,154
2050,205
2051,85
2052,92
2053,137
2054,229
2055,228
2056,0
2057,101
2058,182
2059,231
2060,173
2061,162
2062,144
2063,150
2064,194
2065,178
2066,218
2067,102
2068,150
2069,114
2070,200
2071,243
2072,117
2073,222
2074,214
2075,225
2076,223
2077,201
2078,171
2079,99
2080,211
2081,172
2082,136
2083,194
2084,218
2085,151
2086,175
2087,198
2088,227
2089,226
2090,181
2091,49
2092,241
2093,136
2094,172
2095,238
2096,138
2097,158
2098,167
2099,146
2100,0
2101,178
2102,174
2103,158
2104,203
2105,192
2106,204
2107,124
2108,189
2109,158
2110,236
2111,0
2112,171
2113,0
2114,64
2115,193
2116,0
2117,148
2118,174
2119,238
2120,204
2121,217
2122,92
2123,134
2124,244
2125,63
2126,193
2127,230
2128,214
2129,17
2130,156
2131,236
2132,0
2133,217
2134,143
2135,0
2136,216
2137,95
2138,188
2139,0
2140,104
2141,135
2142,184
2143,216
2144,136
2145,197
2146,26
2147,238
2148,50
2149,88
2150,8
2151,190
2152,103
2153,176
2154,201
2155,186
2156,187
2157,185
2158,224
2159,206
2160,87
2161,84
2162,152
2163,149
2164,174
2165,236
2166,172
2167,0
2168,21
2169,234
2170,238
2171,69
2172,219
2173,178
2174,213
2175,208
2176,177
2177,221
2178,155
2179,233
2180,125
2181,237
2182,0
2183,176
2184,12
2185,202
2186,48
2187,232
2188,233
2189,84
2190,187
2191,38
2192,204
2193,111
2194,205
2195,89
2196,177
2197,83
2198,226
2199,175
2200,190
2201,34
2202,215
2203,169
2204,106
2205,237
2206,131
2207,151
2208,160
2209,94
2210,94
2211,171
2212,128
2213,12
2214,174
2215,214
2216,213
2217,152
2218,45
2219,130
2220,196
2221,131
2222,214
2223,219
2224,142
2225,183
2226,213
2227,107
2228,169
2229,210
2230,249
2231,68
2232,131
2233,228
2234,217
2235,172
2236,144
2237,167
2238,162
2239,214
2240,144
2241,240
2242,200
2243,210
2244,243
2245,205
2246,197
2247,140
2248,0
2249,124
2250,166
2251,186
2252,221
2253,119
2254,121
2255,170
2256,196
2257,107
2258,187
2259,82
2260,181
2261,197
2262,201
2263,197
2264,240
2265,190
2266,151
2267,209
2268,230
2269,114
2270,31
2271,235
2272,174
2273,211
2274,189
2275,219
2276,162
2277,115
2278,0
2279,122
2280,172
2281,178
2282,165
2283,153
2284,61
2285,246
2286,108
2287,199
2288,240
2289,199
2290,188
2291,209
2292,16
2293,170
2294,112
2295,243
2296,179
2297,208
2298,225
2299,117
2300,188
2301,145
2302,209
2303,240
2304,171
2305,137
2306,0
2307,11
2308,224
2309,192
2310,216
2311,144
2312,225
2313,227
2314,0
2315,136
2316,89
2317,72
2318,244
2319,134
2320,229
2321,185
2322,150
2323,199
2324,199
2325,210
2326,130
2327,234
2328,141
2329,240
2330,79
2331,197
2332,210
2333,209
2334,177
2335,224
2336,94
2337,107
2338,151
2339,96
2340,207
2341,190
2342,158
2343,159
2344,244
2345,217
2346,109
2347,192
2348,211
2349,216
2350,184
2351,93
2352,202
2353,186
2354,173
2355,208
2356,176
2357,164
2358,217
2359,176
2360,184
2361,103
2362,210
2363,108
2364,237
2365,146
2366,244
2367,117
2368,218
2369,226
2370,196
2371,71
2372,238
2373,189
2374,36
2375,142
2376,210
2377,92
2378,81
2379,239
2380,160
2381,161
2382,158
2383,217
2384,0
2385,143
2386,208
2387,211
2388,142
2389,113
2390,208
2391,205
2392,129
2393,91
2394,75
2395,142
2396,215
2397,143
2398,190
2399,209
