0,183
1,186
2,184
3,227
4,187
5,114
6,176
7,241
8,227
9,146
10,136
11,223
12,183
13,188
14,235
15,197
16,207
17,198
18,243
19,240
20,232
21,138
22,166
23,207
24,243
25,222
26,115
27,136
28,231
29,161
30,50
31,199
32,180
33,234
34,227
35,221
36,235
37,220
38,214
39,236
40,203
41,251
42,181
43,133
44,225
45,203
46,160
47,237
48,142
49,178
50,205
51,225
52,115
53,216
54,204
55,186
56,198
57,199
58,197
59,253
60,231
61,182
62,182
63,202
64,200
65,228
66,250
67,243
68,165
69,187
70,182
71,206
72,163
73,229
74,240
75,164
76,233
77,82
78,212
79,204
80,236
81,232
82,146
83,184
84,224
85,221
86,168
87,196
88,119
89,197
90,174
91,244
92,205
93,176
94,142
95,224
96,231
97,204
98,247
99,189
100,256
101,249
102,183
103,93
104,244
105,214
106,216
107,222
108,184
109,81
110,144
111,181
112,199
113,227
114,246
115,214
116,228
117,237
118,225
119,238
120,188
121,219
122,96
123,72
124,194
125,214
126,221
127,91
128,211
129,161
130,186
131,224
132,227
133,230
134,178
135,183
136,189
137,196
138,71
139,157
140,254
141,232
142,220
143,150
144,196
145,175
146,195
147,194
148,194
149,211
150,143
151,222
152,232
153,202
154,190
155,237
156,250
157,175
158,50
159,139
160,222
161,191
162,229
163,159
164,238
165,26
166,124
167,178
168,163
169,252
170,213
171,164
172,185
173,150
174,243
175,176
176,223
177,215
178,243
179,10
180,180
181,90
182,152
183,229
184,203
185,202
186,229
187,175
188,128
189,229
190,249
191,213
192,111
193,253
194,190
195,240
196,179
197,211
198,200
199,215
200,195
201,210
202,187
203,217
204,251
205,164
206,150
207,216
208,201
209,141
210,165
211,223
212,244
213,224
214,101
215,178
216,203
217,198
218,240
219,190
220,126
221,237
222,185
223,181
224,218
225,252
226,243
227,185
228,222
229,229
230,184
231,161
232,238
233,214
234,191
235,215
236,137
237,207
238,130
239,233
240,219
241,161
242,250
243,172
244,238
245,232
246,226
247,252
248,204
249,214
250,169
251,140
252,194
253,202
254,231
255,248
256,254
257,216
258,175
259,178
260,143
261,188
262,232
263,123
264,223
265,222
266,155
267,148
268,216
269,192
270,192
271,198
272,192
273,252
274,187
275,198
276,230
277,156
278,246
279,179
280,157
281,216
282,224
283,211
284,135
285,223
286,181
287,220
288,214
289,194
290,170
291,231
292,192
293,112
294,211
295,190
296,141
297,107
298,182
299,226
300,176
301,197
302,240
303,196
304,231
305,227
306,167
307,216
308,218
309,249
310,214
311,164
312,170
313,249
314,251
315,156
316,108
317,202
318,232
319,209
320,218
321,82
322,165
323,208
324,194
325,238
326,170
327,237
328,198
329,167
330,233
331,251
332,164
333,215
334,231
335,218
336,187
337,211
338,214
339,126
340,87
341,251
342,237
343,193
344,171
345,162
346,129
347,128
348,29
349,149
350,120
351,187
352,139
353,160
354,205
355,224
356,211
357,240
358,210
359,159
360,197
361,192
362,208
363,169
364,230
365,202
366,202
367,240
368,240
369,165
370,178
371,202
372,121
373,175
374,247
375,112
376,220
377,234
378,136
379,196
380,198
381,118
382,156
383,200
384,193
385,252
386,201
387,132
388,203
389,220
390,243
391,187
392,240
393,174
394,194
395,51
396,223
397,216
398,161
399,230
400,145
401,166
402,220
403,166
404,172
405,218
406,215
407,98
408,207
409,227
410,183
411,127
412,231
413,250
414,199
415,154
416,181
417,115
418,216
419,133
420,225
421,206
422,227
423,246
424,210
425,237
426,231
427,130
428,154
429,164
430,232
431,230
432,221
433,247
434,192
435,188
436,181
437,228
438,204
439,222
440,180
441,146
442,197
443,192
444,175
445,189
446,68
447,212
448,124
449,225
450,61
451,221
452,212
453,220
454,223
455,218
456,195
457,246
458,223
459,248
460,228
461,244
462,249
463,181
464,221
465,182
466,179
467,184
468,171
469,141
470,118
471,177
472,189
473,165
474,182
475,245
476,225
477,170
478,217
479,159
480,185
481,239
482,244
483,250
484,171
485,164
486,228
487,162
488,159
489,235
490,178
491,188
492,205
493,120
494,183
495,176
496,227
497,235
498,233
499,230
500,197
501,198
502,244
503,248
504,144
505,239
506,162
507,194
508,186
509,98
510,229
511,228
512,218
513,251
514,186
515,229
516,180
517,183
518,121
519,231
520,120
521,231
522,180
523,86
524,203
525,215
526,211
527,232
528,228
529,222
530,176
531,203
532,90
533,184
534,251
535,109
536,228
537,218
538,107
539,142
540,189
541,247
542,212
543,209
544,222
545,143
546,166
547,136
548,130
549,256
550,186
551,116
552,226
553,164
554,77
555,190
556,68
557,232
558,146
559,196
560,167
561,216
562,194
563,119
564,223
565,181
566,253
567,254
568,225
569,244
570,197
571,128
572,234
573,230
574,198
575,208
576,233
577,140
578,232
579,254
580,202
581,81
582,204
583,254
584,250
585,129
586,177
587,212
588,206
589,110
590,225
591,231
592,252
593,135
594,186
595,229
596,240
597,248
598,166
599,238
600,171
601,207
602,145
603,213
604,156
605,156
606,166
607,217
608,195
609,125
610,227
611,249
612,186
613,247
614,95
615,253
616,138
617,179
618,135
619,174
620,201
621,216
622,136
623,233
624,179
625,199
626,219
627,203
628,204
629,166
630,187
631,207
632,233
633,216
634,208
635,197
636,169
637,105
638,152
639,219
640,66
641,198
642,190
643,194
644,228
645,226
646,236
647,234
648,196
649,209
650,173
651,250
652,186
653,155
654,38
655,199
656,146
657,243
658,238
659,175
660,225
661,203
662,199
663,200
664,224
665,149
666,223
667,144
668,231
669,134
670,170
671,214
672,70
673,240
674,198
675,213
676,169
677,143
678,187
679,226
680,244
681,142
682,248
683,182
684,205
685,230
686,158
687,180
688,198
689,143
690,247
691,227
692,198
693,193
694,172
695,232
696,182
697,232
698,85
699,175
700,215
701,232
702,161
703,254
704,193
705,231
706,118
707,245
708,93
709,152
710,250
711,247
712,252
713,221
714,119
715,167
716,174
717,217
718,153
719,104
720,152
721,223
722,98
723,225
724,227
725,195
726,115
727,254
728,92
729,187
730,224
731,180
732,233
733,135
734,229
735,135
736,156
737,175
738,213
739,198
740,230
741,208
742,156
743,163
744,189
745,199
746,102
747,254
748,212
749,244
750,203
751,6
752,205
753,142
754,248
755,140
756,231
757,185
758,204
759,229
760,196
761,120
762,212
763,234
764,172
765,246
766,150
767,200
768,123
769,224
770,153
771,220
772,137
773,233
774,199
775,152
776,186
777,233
778,198
779,125
780,232
781,176
782,152
783,239
784,214
785,251
786,236
787,92
788,116
789,230
790,251
791,90
792,195
793,240
794,193
795,250
796,142
797,167
798,232
799,256
800,165
801,242
802,214
803,153
804,167
805,236
806,248
807,195
808,250
809,208
810,229
811,150
812,179
813,236
814,197
815,209
816,207
817,156
818,166
819,200
820,251
821,212
822,66
823,228
824,224
825,178
826,188
827,231
828,180
829,235
830,182
831,211
832,212
833,162
834,196
835,158
836,186
837,130
838,159
839,141
840,236
841,223
842,236
843,232
844,204
845,238
846,124
847,184
848,227
849,149
850,208
851,163
852,185
853,249
854,137
855,192
856,113
857,247
858,168
859,107
860,237
861,194
862,157
863,219
864,170
865,164
866,229
867,239
868,162
869,231
870,185
871,230
872,217
873,215
874,242
875,239
876,213
877,214
878,201
879,217
880,246
881,149
882,33
883,235
884,174
885,199
886,179
887,227
888,215
889,120
890,250
891,207
892,201
893,201
894,183
895,253
896,237
897,215
898,155
899,173
900,134
901,173
902,203
903,121
904,150
905,184
906,87
907,92
908,183
909,233
910,237
911,206
912,85
913,213
914,242
915,220
916,123
917,186
918,161
919,209
920,202
921,194
922,192
923,236
924,251
925,153
926,222
927,140
928,238
929,223
930,232
931,235
932,183
933,238
934,174
935,242
936,230
937,145
938,100
939,249
940,229
941,210
942,134
943,191
944,205
945,230
946,218
947,182
948,188
949,256
950,199
951,242
952,168
953,231
954,243
955,155
956,229
957,241
958,202
959,213
960,226
961,251
962,250
963,164
964,175
965,209
966,248
967,253
968,225
969,175
970,222
971,160
972,197
973,143
974,184
975,179
976,221
977,154
978,226
979,232
980,227
981,255
982,160
983,226
984,243
985,121
986,41
987,227
988,170
989,180
990,154
991,135
992,120
993,227
994,202
995,166
996,190
997,215
998,183
999,251
1000,240
1001,203
1002,250
1003,108
1004,185
1005,188
1006,209
1007,197
1008,165
1009,91
1010,141
1011,170
1012,247
1013,216
1014,234
1015,203
1016,204
1017,226
1018,197
1019,228
1020,217
1021,121
1022,232
1023,173
1024,149
1025,254
1026,210
1027,216
1028,248
1029,192
1030,203
1031,158
1032,103
1033,245
1034,207
1035,247
1036,92
1037,79
1038,183
1039,158
1040,193
1041,163
1042,189
1043,211
1044,139
1045,215
1046,192
1047,184
1048,194
1049,146
1050,224
1051,245
1052,215
1053,155
1054,157
1055,139
1056,181
1057,250
1058,135
1059,195
1060,221
1061,157
1062,207
1063,216
1064,188
1065,226
1066,82
1067,221
1068,212
1069,242
1070,251
1071,211
1072,187
1073,213
1074,168
1075,254
1076,225
1077,247
1078,210
1079,247
1080,174
1081,211
1082,136
1083,202
1084,217
1085,188
1086,171
1087,176
1088,208
1089,197
1090,108
1091,189
1092,123
1093,141
1094,93
1095,221
1096,133
1097,159
1098,141
1099,190
1100,220
1101,229
1102,131
1103,190
1104,240
1105,172
1106,176
1107,250
1108,234
1109,227
1110,254
1111,232
1112,242
1113,242
1114,170
1115,211
1116,235
1117,167
1118,178
1119,193
1120,226
1121,171
1122,178
1123,177
1124,136
1125,243
1126,155
1127,182
1128,122
1129,199
1130,248
1131,256
1132,220
1133,240
1134,126
1135,214
1136,164
1137,158
1138,187
1139,109
1140,242
1141,239
1142,233
1143,142
1144,148
1145,164
1146,189
1147,217
1148,183
1149,155
1150,128
1151,245
1152,139
1153,204
1154,242
1155,136
1156,251
1157,234
1158,225
1159,244
1160,183
1161,226
1162,192
1163,230
1164,127
1165,188
1166,241
1167,192
1168,162
1169,140
1170,238
1171,199
1172,185
1173,207
1174,192
1175,234
1176,128
1177,220
1178,182
1179,244
1180,170
1181,181
1182,183
1183,219
1184,179
1185,235
1186,256
1187,126
1188,190
1189,217
1190,232
1191,233
1192,194
1193,250
1194,238
1195,230
1196,138
1197,183
1198,140
1199,128
1200,111
1201,255
1202,224
1203,239
1204,99
1205,237
1206,211
1207,218
1208,158
1209,235
1210,211
1211,190
1212,214
1213,154
1214,247
1215,0
1216,225
1217,0
1218,186
1219,244
1220,246
1221,168
1222,160
1223,220
1224,142
1225,63
1226,186
1227,192
1228,110
1229,183
1230,169
1231,191
1232,153
1233,239
1234,87
1235,92
1236,181
1237,141
1238,198
1239,247
1240,178
1241,201
1242,206
1243,212
1244,195
1245,97
1246,255
1247,241
1248,155
1249,202
1250,176
1251,214
1252,182
1253,246
1254,216
1255,202
1256,218
1257,163
1258,207
1259,244
1260,228
1261,239
1262,94
1263,253
1264,215
1265,203
1266,182
1267,225
1268,191
1269,239
1270,145
1271,222
1272,223
1273,237
1274,137
1275,155
1276,168
1277,228
1278,215
1279,185
1280,142
1281,185
1282,142
1283,217
1284,244
1285,183
1286,179
1287,66
1288,146
1289,195
1290,123
1291,133
1292,170
1293,126
1294,227
1295,191
1296,234
1297,235
1298,171
1299,250
1300,135
1301,234
1302,207
1303,209
1304,186
1305,183
1306,146
1307,192
1308,158
1309,183
1310,201
1311,209
1312,228
1313,187
1314,212
1315,256
1316,225
1317,208
1318,182
1319,110
1320,190
1321,108
1322,208
1323,234
1324,106
1325,172
1326,174
1327,252
1328,186
1329,221
1330,204
1331,192
1332,255
1333,216
1334,243
1335,155
1336,221
1337,140
1338,181
1339,202
1340,246
1341,254
1342,196
1343,208
1344,229
1345,220
1346,210
1347,254
1348,171
1349,172
1350,228
1351,243
1352,171
1353,208
1354,235
1355,84
1356,174
1357,120
1358,191
1359,93
1360,235
1361,231
1362,221
1363,185
1364,144
1365,181
1366,80
1367,219
1368,161
1369,231
1370,246
1371,213
1372,252
1373,204
1374,193
1375,216
1376,205
1377,215
1378,44
1379,176
1380,194
1381,179
1382,180
1383,231
1384,74
1385,144
1386,157
1387,190
1388,110
1389,247
1390,217
1391,198
1392,135
1393,234
1394,210
1395,202
1396,174
1397,236
1398,144
1399,218
1400,97
1401,210
1402,214
1403,159
1404,157
1405,174
1406,254
1407,138
1408,128
1409,144
1410,212
1411,219
1412,228
1413,230
1414,173
1415,228
1416,88
1417,214
1418,153
1419,62
1420,228
1421,231
1422,222
1423,256
1424,187
1425,204
1426,239
1427,146
1428,193
1429,171
1430,234
1431,178
1432,158
1433,229
1434,206
1435,153
1436,243
1437,229
1438,144
1439,214
1440,210
1441,246
1442,187
1443,251
1444,157
1445,244
1446,228
1447,219
1448,225
1449,178
1450,189
1451,161
1452,239
1453,158
1454,226
1455,237
1456,234
1457,197
1458,217
1459,192
1460,146
1461,205
1462,233
1463,204
1464,71
1465,220
1466,248
1467,221
1468,167
1469,191
1470,126
1471,243
1472,225
1473,218
1474,0
1475,210
1476,122
1477,197
1478,157
1479,213
1480,207
1481,80
1482,229
1483,89
1484,199
1485,204
1486,199
1487,251
1488,187
1489,218
1490,207
1491,250
1492,152
1493,251
1494,173
1495,239
1496,214
1497,202
1498,141
1499,198
1500,118
1501,194
1502,138
1503,174
1504,158
1505,116
1506,154
1507,222
1508,238
1509,170
1510,136
1511,237
1512,151
1513,171
1514,212
1515,171
1516,181
1517,208
1518,232
1519,197
1520,175
1521,208
1522,242
1523,249
1524,142
1525,216
1526,227
1527,190
1528,175
1529,178
1530,174
1531,221
1532,91
1533,24
1534,196
1535,193
1536,233
1537,174
1538,184
1539,227
1540,191
1541,247
1542,248
1543,228
1544,218
1545,139
1546,241
1547,167
1548,153
1549,148
1550,117
1551,177
1552,225
1553,220
1554,111
1555,235
1556,62
1557,212
1558,210
1559,170
1560,176
1561,184
1562,255
1563,175
1564,242
1565,166
1566,237
1567,234
1568,225
1569,171
1570,243
1571,242
1572,206
1573,240
1574,212
1575,191
1576,193
1577,233
1578,193
1579,239
1580,225
1581,233
1582,165
1583,199
1584,141
1585,183
1586,239
1587,241
1588,223
1589,212
1590,229
1591,200
1592,177
1593,141
1594,163
1595,236
1596,223
1597,150
1598,206
1599,187
1600,170
1601,179
1602,200
1603,228
1604,181
1605,233
1606,102
1607,227
1608,148
1609,172
1610,164
1611,217
1612,254
1613,170
1614,215
1615,206
1616,165
1617,149
1618,184
1619,224
1620,222
1621,92
1622,188
1623,191
1624,133
1625,186
1626,172
1627,201
1628,229
1629,158
1630,231
1631,238
1632,210
1633,213
1634,147
1635,187
1636,188
1637,203
1638,106
1639,166
1640,170
1641,211
1642,240
1643,120
1644,140
1645,249
1646,141
1647,230
1648,230
1649,195
1650,241
1651,203
1652,158
1653,199
1654,126
1655,239
1656,123
1657,236
1658,82
1659,194
1660,172
1661,250
1662,187
1663,124
1664,185
1665,241
1666,106
1667,155
1668,181
1669,130
1670,205
1671,164
1672,214
1673,99
1674,206
1675,195
1676,218
1677,227
1678,189
1679,111
1680,145
1681,207
1682,218
1683,165
1684,177
1685,189
1686,224
1687,223
1688,239
1689,198
1690,236
1691,136
1692,132
1693,162
1694,185
1695,70
1696,231
1697,162
1698,223
1699,193
1700,221
1701,252
1702,250
1703,243
1704,256
1705,192
1706,235
1707,256
1708,224
1709,233
1710,201
1711,207
1712,175
1713,196
1714,136
1715,177
1716,116
1717,198
1718,213
1719,186
1720,209
1721,187
1722,214
1723,140
1724,256
1725,212
1726,171
1727,215
1728,206
1729,231
1730,165
1731,223
1732,215
1733,98
1734,155
1735,48
1736,200
1737,248
1738,162
1739,244
1740,218
1741,122
1742,255
1743,188
1744,167
1745,160
1746,167
1747,204
1748,213
1749,170
1750,215
1751,190
1752,164
1753,214
1754,248
1755,195
1756,204
1757,211
1758,244
1759,206
1760,184
1761,96
1762,250
1763,201
1764,195
1765,54
1766,251
1767,182
1768,154
1769,223
1770,0
1771,200
1772,74
1773,170
1774,129
1775,174
1776,139
1777,228
1778,111
1779,151
1780,254
1781,192
1782,206
1783,201
1784,126
1785,190
1786,198
1787,237
1788,197
1789,248
1790,194
1791,95
1792,71
1793,188
1794,148
1795,114
1796,230
1797,87
1798,174
1799,178
1800,225
1801,185
1802,172
1803,111
1804,167
1805,169
1806,73
1807,175
1808,200
1809,154
1810,164
1811,217
1812,213
1813,214
1814,176
1815,195
1816,137
1817,126
1818,118
1819,236
1820,214
1821,205
1822,191
1823,244
1824,208
1825,210
1826,226
1827,180
1828,169
1829,86
1830,112
1831,200
1832,194
1833,242
1834,149
1835,222
1836,213
1837,198
1838,214
1839,174
1840,225
1841,147
1842,245
1843,155
1844,251
1845,68
1846,144
1847,217
1848,159
1849,179
1850,235
1851,151
1852,203
1853,194
1854,172
1855,201
1856,175
1857,202
1858,238
1859,188
1860,156
1861,184
1862,146
1863,184
1864,185
1865,190
1866,184
1867,253
1868,206
1869,235
1870,199
1871,161
1872,62
1873,188
1874,226
1875,228
1876,187
1877,205
1878,248
1879,177
1880,139
1881,72
1882,212
1883,174
1884,247
1885,117
1886,108
1887,246
1888,162
1889,182
1890,226
1891,138
1892,129
1893,212
1894,252
1895,199
1896,198
1897,213
1898,192
1899,216
1900,184
1901,238
1902,204
1903,162
1904,193
1905,193
1906,210
1907,204
1908,183
1909,162
1910,204
1911,217
1912,208
1913,166
1914,133
1915,160
1916,220
1917,206
1918,138
1919,170
1920,233
1921,220
1922,211
1923,198
1924,160
1925,207
1926,221
1927,157
1928,180
1929,202
1930,141
1931,255
1932,235
1933,203
1934,187
1935,238
1936,198
1937,184
1938,115
1939,180
1940,173
1941,215
1942,216
1943,165
1944,245
1945,180
1946,143
1947,204
1948,244
1949,116
1950,145
1951,150
1952,215
1953,127
1954,236
1955,119
1956,186
1957,234
1958,190
1959,142
1960,147
1961,131
1962,152
1963,151
1964,123
1965,165
1966,216
1967,208
1968,245
1969,255
1970,238
1971,253
1972,193
1973,150
1974,219
1975,201
1976,221
1977,230
1978,187
1979,243
1980,188
1981,232
1982,235
1983,230
1984,220
1985,128
1986,242
1987,199
1988,242
1989,204
1990,241
1991,195
1992,244
1993,152
1994,78
1995,203
1996,84
1997,163
1998,188
1999,200
2000,193
2001,219
2002,206
2003,217
2004,169
2005,177
2006,212
2007,227
2008,221
2009,221
2010,215
2011,232
2012,234
2013,219
2014,166
2015,166
2016,228
2017,201
2018,197
2019,229
2020,197
2021,228
2022,64
2023,218
2024,182
2025,238
2026,222
2027,148
2028,203
2029,125
2030,254
2031,218
2032,230
2033,232
2034,181
2035,226
2036,133
2037,132
2038,168
2039,196
2040,155
2041,220
2042,40
2043,172
2044,248
2045,135
2046,256
2047,246
2048,191
2049,174
2050,60
2051,172
2052,157
2053,217
2054,226
2055,228
2056,211
2057,217
2058,217
2059,214
2060,92
2061,222
2062,85
2063,81
2064,98
2065,232
2066,232
2067,149
2068,104
2069,94
2070,175
2071,208
2072,186
2073,211
2074,253
2075,245
2076,175
2077,141
2078,236
2079,137
2080,203
2081,223
2082,220
2083,197
2084,219
2085,160
2086,145
2087,175
2088,213
2089,234
2090,150
2091,254
2092,145
2093,227
2094,210
2095,187
2096,241
2097,165
2098,221
2099,139
2100,196
2101,244
2102,171
2103,158
2104,200
2105,140
2106,244
2107,218
2108,174
2109,235
2110,191
2111,204
2112,153
2113,172
2114,212
2115,233
2116,196
2117,240
2118,224
2119,247
2120,187
2121,163
2122,212
2123,156
2124,234
2125,231
2126,170
2127,195
2128,150
2129,157
2130,234
2131,185
2132,155
2133,191
2134,142
2135,190
2136,226
2137,181
2138,256
2139,204
2140,215
2141,227
2142,220
2143,229
2144,226
2145,230
2146,197
2147,153
2148,212
2149,205
2150,194
2151,254
2152,170
2153,236
2154,238
2155,236
2156,242
2157,213
2158,160
2159,206
2160,83
2161,202
2162,37
2163,241
2164,248
2165,157
2166,229
2167,178
2168,180
2169,252
2170,222
2171,180
2172,121
2173,144
2174,158
2175,203
2176,233
2177,250
2178,210
2179,210
2180,256
2181,210
2182,169
2183,137
2184,156
2185,188
2186,149
2187,27
2188,204
2189,210
2190,168
2191,206
2192,162
2193,131
2194,248
2195,133
2196,166
2197,227
2198,156
2199,139
2200,146
2201,194
2202,239
2203,56
2204,173
2205,144
2206,244
2207,137
2208,189
2209,133
2210,145
2211,245
2212,156
2213,150
2214,218
2215,256
2216,226
2217,234
2218,211
2219,190
2220,188
2221,239
2222,208
2223,175
2224,88
2225,216
2226,211
2227,110
2228,157
2229,190
2230,239
2231,228
2232,162
2233,226
2234,160
2235,224
2236,116
2237,246
2238,220
2239,159
2240,182
2241,203
2242,182
2243,215
2244,160
2245,178
2246,155
2247,221
2248,222
2249,182
2250,233
2251,255
2252,141
2253,194
2254,250
2255,218
2256,118
2257,224
2258,187
2259,117
2260,212
2261,198
2262,232
2263,124
2264,245
2265,111
2266,235
2267,225
2268,0
2269,170
2270,161
2271,100
2272,249
2273,160
2274,237
2275,134
2276,256
2277,238
2278,181
2279,152
2280,237
2281,165
2282,183
2283,86
2284,253
2285,237
2286,111
2287,210
2288,235
2289,232
2290,213
2291,213
2292,243
2293,100
2294,158
2295,145
2296,153
2297,172
2298,251
2299,215
2300,208
2301,207
2302,250
2303,242
2304,245
2305,232
2306,182
2307,166
2308,210
2309,205
2310,177
2311,133
2312,245
2313,206
2314,252
2315,256
2316,164
2317,59
2318,125
2319,211
2320,185
2321,223
2322,230
2323,250
2324,242
2325,204
2326,149
2327,220
2328,176
2329,200
2330,198
2331,174
2332,192
2333,180
2334,229
2335,159
2336,174
2337,223
2338,227
2339,159
2340,230
2341,191
2342,256
2343,210
2344,195
2345,209
2346,214
2347,214
2348,234
2349,219
2350,184
2351,240
2352,116
2353,133
2354,157
2355,247
2356,212
2357,209
2358,216
2359,21
2360,216
2361,113
2362,115
2363,215
2364,224
2365,181
2366,151
2367,246
2368,133
2369,146
2370,246
2371,209
2372,128
2373,246
2374,220
2375,232
2376,216
2377,65
2378,255
2379,246
2380,212
2381,176
2382,135
2383,233
2384,241
2385,220
2386,193
2387,214
2388,223
2389,160
2390,232
2391,157
2392,129
2393,204
2394,128
2395,128
2396,154
2397,248
2398,171
2399,231
