0,176
1,183
2,178
3,217
4,184
5,50
6,193
7,242
8,231
9,138
10,154
11,228
12,199
13,192
14,228
15,200
16,216
17,210
18,242
19,240
20,233
21,128
22,171
23,213
24,243
25,221
26,96
27,108
28,221
29,167
30,41
31,185
32,185
33,238
34,226
35,229
36,236
37,222
38,206
39,238
40,199
41,246
42,192
43,68
44,224
45,215
46,152
47,235
48,125
49,178
50,188
51,228
52,54
53,217
54,209
55,202
56,183
57,204
58,203
59,253
60,235
61,145
62,191
63,227
64,202
65,221
66,251
67,245
68,161
69,161
70,198
71,201
72,166
73,230
74,238
75,163
76,224
77,0
78,206
79,215
80,241
81,234
82,111
83,156
84,217
85,216
86,179
87,196
88,136
89,202
90,173
91,246
92,198
93,178
94,117
95,224
96,234
97,187
98,247
99,184
100,256
101,250
102,172
103,87
104,245
105,217
106,214
107,222
108,183
109,8
110,133
111,186
112,205
113,236
114,248
115,224
116,221
117,230
118,230
119,234
120,179
121,213
122,114
123,74
124,196
125,207
126,231
127,81
128,202
129,157
130,164
131,216
132,225
133,237
134,176
135,188
136,181
137,190
138,70
139,151
140,253
141,233
142,224
143,144
144,191
145,201
146,208
147,196
148,203
149,208
150,145
151,220
152,234
153,201
154,197
155,236
156,249
157,156
158,51
159,122
160,232
161,188
162,224
163,152
164,244
165,36
166,117
167,180
168,161
169,252
170,217
171,155
172,199
173,142
174,239
175,186
176,220
177,211
178,239
179,0
180,151
181,13
182,169
183,224
184,200
185,202
186,225
187,170
188,156
189,227
190,244
191,217
192,97
193,253
194,199
195,242
196,173
197,202
198,215
199,202
200,163
201,214
202,193
203,201
204,253
205,154
206,164
207,225
208,215
209,103
210,156
211,204
212,244
213,229
214,93
215,181
216,207
217,188
218,238
219,167
220,118
221,233
222,191
223,170
224,222
225,252
226,244
227,173
228,222
229,225
230,168
231,164
232,235
233,219
234,203
235,207
236,134
237,213
238,116
239,226
240,222
241,148
242,247
243,167
244,236
245,236
246,222
247,251
248,205
249,211
250,187
251,165
252,212
253,192
254,233
255,247
256,254
257,218
258,183
259,180
260,144
261,188
262,230
263,98
264,229
265,232
266,176
267,143
268,230
269,183
270,189
271,204
272,204
273,252
274,198
275,192
276,225
277,94
278,250
279,161
280,157
281,204
282,235
283,218
284,123
285,229
286,171
287,221
288,221
289,203
290,179
291,229
292,185
293,110
294,204
295,159
296,125
297,90
298,145
299,206
300,160
301,200
302,242
303,173
304,231
305,223
306,144
307,213
308,220
309,249
310,221
311,163
312,173
313,246
314,252
315,171
316,148
317,201
318,237
319,202
320,204
321,69
322,161
323,221
324,207
325,233
326,144
327,246
328,212
329,134
330,236
331,252
332,130
333,213
334,230
335,229
336,193
337,216
338,221
339,118
340,92
341,250
342,235
343,208
344,168
345,150
346,129
347,103
348,5
349,98
350,122
351,192
352,102
353,151
354,212
355,198
356,206
357,224
358,229
359,109
360,212
361,190
362,208
363,159
364,233
365,193
366,215
367,241
368,241
369,32
370,199
371,204
372,97
373,181
374,251
375,135
376,223
377,232
378,117
379,199
380,208
381,101
382,140
383,207
384,182
385,252
386,207
387,141
388,192
389,226
390,243
391,191
392,236
393,176
394,176
395,0
396,223
397,213
398,157
399,234
400,86
401,177
402,217
403,152
404,190
405,218
406,225
407,60
408,210
409,228
410,207
411,112
412,232
413,251
414,196
415,143
416,182
417,72
418,206
419,96
420,222
421,203
422,228
423,247
424,207
425,239
426,230
427,92
428,145
429,175
430,233
431,236
432,215
433,245
434,197
435,179
436,193
437,226
438,204
439,232
440,190
441,136
442,187
443,192
444,182
445,197
446,34
447,202
448,128
449,232
450,67
451,211
452,204
453,191
454,238
455,220
456,199
457,248
458,212
459,252
460,236
461,243
462,250
463,178
464,219
465,180
466,168
467,172
468,155
469,156
470,103
471,180
472,197
473,156
474,195
475,244
476,229
477,178
478,222
479,118
480,161
481,238
482,243
483,250
484,156
485,160
486,230
487,156
488,164
489,232
490,159
491,169
492,202
493,88
494,177
495,170
496,226
497,210
498,236
499,235
500,182
501,196
502,240
503,248
504,144
505,241
506,146
507,206
508,155
509,44
510,239
511,231
512,228
513,251
514,163
515,231
516,183
517,185
518,127
519,227
520,63
521,226
522,183
523,91
524,191
525,219
526,221
527,225
528,226
529,228
530,186
531,211
532,79
533,188
534,250
535,49
536,229
537,225
538,91
539,111
540,210
541,247
542,210
543,206
544,226
545,132
546,165
547,152
548,102
549,256
550,185
551,140
552,226
553,179
554,65
555,188
556,56
557,235
558,166
559,202
560,165
561,205
562,187
563,126
564,224
565,176
566,253
567,254
568,229
569,246
570,199
571,98
572,236
573,232
574,198
575,199
576,236
577,49
578,223
579,255
580,200
581,70
582,220
583,251
584,246
585,94
586,199
587,210
588,180
589,97
590,231
591,228
592,252
593,122
594,181
595,233
596,241
597,248
598,156
599,237
600,154
601,202
602,121
603,221
604,180
605,164
606,179
607,204
608,190
609,114
610,225
611,250
612,173
613,248
614,36
615,253
616,155
617,102
618,121
619,137
620,195
621,230
622,143
623,234
624,175
625,188
626,220
627,201
628,217
629,171
630,201
631,205
632,232
633,204
634,206
635,195
636,173
637,86
638,88
639,223
640,61
641,182
642,190
643,142
644,236
645,230
646,243
647,227
648,186
649,214
650,179
651,251
652,135
653,148
654,22
655,204
656,152
657,247
658,237
659,84
660,215
661,204
662,179
663,190
664,232
665,116
666,236
667,102
668,225
669,68
670,184
671,218
672,0
673,241
674,200
675,212
676,146
677,132
678,183
679,225
680,244
681,154
682,248
683,164
684,214
685,236
686,157
687,186
688,202
689,80
690,247
691,228
692,204
693,200
694,147
695,229
696,167
697,239
698,0
699,171
700,216
701,230
702,142
703,254
704,188
705,233
706,139
707,246
708,85
709,141
710,248
711,242
712,249
713,221
714,130
715,179
716,166
717,218
718,118
719,105
720,156
721,228
722,118
723,228
724,224
725,170
726,133
727,254
728,71
729,197
730,217
731,66
732,231
733,111
734,237
735,135
736,164
737,189
738,220
739,202
740,253
741,216
742,76
743,113
744,183
745,192
746,142
747,254
748,196
749,241
750,209
751,0
752,213
753,140
754,249
755,74
756,234
757,195
758,192
759,235
760,185
761,121
762,230
763,226
764,187
765,238
766,154
767,212
768,116
769,218
770,177
771,221
772,147
773,231
774,201
775,116
776,192
777,235
778,198
779,120
780,228
781,179
782,122
783,242
784,220
785,250
786,239
787,64
788,66
789,230
790,251
791,82
792,191
793,238
794,203
795,237
796,136
797,174
798,233
799,256
800,156
801,256
802,216
803,154
804,168
805,234
806,234
807,205
808,251
809,218
810,227
811,145
812,190
813,239
814,199
815,209
816,208
817,141
818,125
819,210
820,251
821,217
822,0
823,225
824,234
825,178
826,177
827,232
828,188
829,237
830,167
831,206
832,224
833,122
834,172
835,105
836,174
837,121
838,187
839,130
840,236
841,232
842,238
843,227
844,213
845,233
846,132
847,198
848,237
849,152
850,214
851,178
852,190
853,247
854,147
855,156
856,69
857,241
858,190
859,131
860,236
861,194
862,180
863,224
864,172
865,154
866,210
867,242
868,172
869,223
870,175
871,229
872,217
873,214
874,241
875,241
876,203
877,225
878,205
879,221
880,246
881,162
882,45
883,228
884,169
885,201
886,130
887,224
888,221
889,71
890,250
891,217
892,212
893,195
894,195
895,253
896,237
897,222
898,138
899,180
900,119
901,196
902,206
903,135
904,93
905,185
906,85
907,21
908,186
909,231
910,243
911,215
912,57
913,200
914,242
915,224
916,116
917,164
918,153
919,214
920,205
921,184
922,197
923,242
924,247
925,169
926,226
927,132
928,241
929,225
930,235
931,233
932,175
933,239
934,186
935,244
936,231
937,136
938,0
939,249
940,236
941,214
942,111
943,189
944,206
945,240
946,221
947,186
948,194
949,256
950,195
951,239
952,167
953,234
954,244
955,163
956,237
957,242
958,205
959,225
960,218
961,251
962,250
963,158
964,189
965,198
966,249
967,252
968,224
969,174
970,220
971,112
972,192
973,118
974,172
975,181
976,228
977,153
978,226
979,233
980,142
981,255
982,153
983,231
984,237
985,100
986,14
987,239
988,155
989,178
990,150
991,162
992,123
993,218
994,196
995,169
996,193
997,221
998,185
999,252
1000,239
1001,210
1002,250
1003,92
1004,190
1005,190
1006,203
1007,201
1008,146
1009,104
1010,166
1011,187
1012,248
1013,215
1014,231
1015,191
1016,223
1017,228
1018,188
1019,223
1020,219
1021,78
1022,243
1023,182
1024,166
1025,254
1026,180
1027,220
1028,250
1029,173
1030,205
1031,133
1032,95
1033,242
1034,179
1035,247
1036,75
1037,50
1038,177
1039,161
1040,185
1041,162
1042,149
1043,211
1044,132
1045,219
1046,198
1047,190
1048,174
1049,153
1050,229
1051,251
1052,222
1053,155
1054,140
1055,148
1056,180
1057,248
1058,107
1059,204
1060,220
1061,149
1062,208
1063,225
1064,199
1065,228
1066,118
1067,215
1068,221
1069,249
1070,252
1071,186
1072,165
1073,209
1074,76
1075,253
1076,223
1077,247
1078,213
1079,248
1080,175
1081,215
1082,145
1083,177
1084,221
1085,187
1086,177
1087,164
1088,169
1089,189
1090,99
1091,202
1092,57
1093,125
1094,81
1095,224
1096,123
1097,124
1098,162
1099,214
1100,220
1101,235
1102,117
1103,180
1104,244
1105,173
1106,184
1107,250
1108,227
1109,228
1110,253
1111,228
1112,249
1113,236
1114,135
1115,211
1116,202
1117,164
1118,182
1119,195
1120,232
1121,161
1122,173
1123,175
1124,105
1125,243
1126,86
1127,181
1128,111
1129,204
1130,239
1131,256
1132,222
1133,242
1134,50
1135,227
1136,169
1137,159
1138,200
1139,129
1140,242
1141,239
1142,238
1143,133
1144,102
1145,177
1146,193
1147,212
1148,173
1149,172
1150,191
1151,244
1152,90
1153,210
1154,241
1155,131
1156,253
1157,235
1158,254
1159,244
1160,182
1161,228
1162,212
1163,234
1164,111
1165,187
1166,243
1167,193
1168,184
1169,150
1170,233
1171,202
1172,193
1173,212
1174,201
1175,231
1176,129
1177,223
1178,186
1179,242
1180,110
1181,177
1182,183
1183,222
1184,185
1185,237
1186,256
1187,95
1188,186
1189,228
1190,233
1191,231
1192,201
1193,250
1194,245
1195,240
1196,157
1197,174
1198,128
1199,90
1200,115
1201,255
1202,231
1203,236
1204,94
1205,238
1206,219
1207,227
1208,147
1209,230
1210,197
1211,197
1212,212
1213,75
1214,246
1215,0
1216,227
1217,0
1218,195
1219,242
1220,246
1221,176
1222,120
1223,222
1224,132
1225,19
1226,199
1227,180
1228,35
1229,166
1230,160
1231,196
1232,128
1233,240
1234,75
1235,74
1236,129
1237,145
1238,205
1239,247
1240,176
1241,222
1242,201
1243,216
1244,197
1245,103
1246,254
1247,241
1248,191
1249,217
1250,184
1251,207
1252,173
1253,244
1254,212
1255,219
1256,218
1257,179
1258,204
1259,244
1260,226
1261,242
1262,78
1263,251
1264,209
1265,187
1266,175
1267,213
1268,188
1269,241
1270,160
1271,221
1272,222
1273,229
1274,117
1275,169
1276,116
1277,220
1278,214
1279,184
1280,168
1281,189
1282,113
1283,204
1284,243
1285,85
1286,168
1287,71
1288,146
1289,205
1290,120
1291,75
1292,183
1293,116
1294,225
1295,169
1296,235
1297,235
1298,170
1299,252
1300,122
1301,238
1302,208
1303,205
1304,206
1305,65
1306,138
1307,185
1308,148
1309,180
1310,210
1311,204
1312,203
1313,184
1314,215
1315,256
1316,223
1317,194
1318,178
1319,103
1320,186
1321,110
1322,212
1323,240
1324,46
1325,186
1326,167
1327,251
1328,187
1329,220
1330,209
1331,184
1332,255
1333,215
1334,241
1335,173
1336,198
1337,129
1338,195
1339,206
1340,250
1341,254
1342,206
1343,210
1344,233
1345,222
1346,205
1347,253
1348,169
1349,176
1350,230
1351,236
1352,168
1353,221
1354,238
1355,60
1356,142
1357,128
1358,189
1359,31
1360,233
1361,237
1362,223
1363,176
1364,156
1365,182
1366,47
1367,231
1368,166
1369,234
1370,246
1371,215
1372,253
1373,202
1374,201
1375,202
1376,219
1377,222
1378,31
1379,178
1380,198
1381,186
1382,182
1383,234
1384,70
1385,159
1386,129
1387,196
1388,66
1389,246
1390,212
1391,203
1392,122
1393,241
1394,219
1395,217
1396,190
1397,239
1398,139
1399,220
1400,98
1401,221
1402,204
1403,159
1404,201
1405,153
1406,255
1407,0
1408,90
1409,125
1410,197
1411,227
1412,230
1413,236
1414,197
1415,228
1416,50
1417,224
1418,150
1419,45
1420,227
1421,228
1422,213
1423,256
1424,189
1425,202
1426,242
1427,145
1428,155
1429,176
1430,234
1431,180
1432,180
1433,234
1434,197
1435,144
1436,241
1437,237
1438,141
1439,229
1440,217
1441,246
1442,118
1443,249
1444,155
1445,248
1446,230
1447,217
1448,224
1449,180
1450,182
1451,160
1452,239
1453,125
1454,227
1455,233
1456,240
1457,184
1458,211
1459,186
1460,74
1461,189
1462,239
1463,219
1464,48
1465,222
1466,248
1467,235
1468,140
1469,177
1470,121
1471,246
1472,225
1473,220
1474,0
1475,199
1476,118
1477,219
1478,158
1479,211
1480,207
1481,0
1482,230
1483,52
1484,196
1485,205
1486,172
1487,251
1488,173
1489,223
1490,164
1491,251
1492,176
1493,250
1494,160
1495,239
1496,219
1497,197
1498,155
1499,200
1500,73
1501,198
1502,127
1503,151
1504,163
1505,89
1506,103
1507,224
1508,247
1509,170
1510,99
1511,241
1512,88
1513,179
1514,216
1515,179
1516,177
1517,213
1518,234
1519,204
1520,186
1521,207
1522,242
1523,249
1524,134
1525,216
1526,228
1527,185
1528,164
1529,190
1530,159
1531,227
1532,95
1533,0
1534,168
1535,199
1536,235
1537,163
1538,157
1539,235
1540,189
1541,247
1542,251
1543,218
1544,188
1545,158
1546,235
1547,151
1548,130
1549,145
1550,120
1551,177
1552,217
1553,218
1554,82
1555,229
1556,99
1557,204
1558,216
1559,182
1560,176
1561,169
1562,254
1563,163
1564,240
1565,130
1566,240
1567,235
1568,224
1569,169
1570,243
1571,235
1572,201
1573,233
1574,201
1575,186
1576,184
1577,236
1578,191
1579,240
1580,230
1581,235
1582,167
1583,202
1584,116
1585,172
1586,237
1587,238
1588,225
1589,206
1590,235
1591,195
1592,175
1593,110
1594,164
1595,240
1596,207
1597,139
1598,187
1599,177
1600,182
1601,195
1602,195
1603,218
1604,185
1605,241
1606,85
1607,226
1608,133
1609,198
1610,117
1611,227
1612,254
1613,183
1614,206
1615,224
1616,153
1617,120
1618,192
1619,229
1620,220
1621,85
1622,194
1623,198
1624,147
1625,190
1626,138
1627,195
1628,228
1629,145
1630,232
1631,238
1632,199
1633,213
1634,35
1635,195
1636,174
1637,213
1638,48
1639,119
1640,181
1641,211
1642,245
1643,136
1644,159
1645,250
1646,116
1647,233
1648,231
1649,198
1650,240
1651,198
1652,146
1653,165
1654,130
1655,239
1656,115
1657,236
1658,81
1659,163
1660,151
1661,249
1662,175
1663,146
1664,183
1665,241
1666,67
1667,167
1668,202
1669,80
1670,205
1671,139
1672,231
1673,83
1674,212
1675,191
1676,221
1677,229
1678,200
1679,66
1680,156
1681,220
1682,222
1683,157
1684,163
1685,252
1686,232
1687,226
1688,246
1689,211
1690,231
1691,66
1692,155
1693,154
1694,166
1695,66
1696,228
1697,167
1698,224
1699,205
1700,226
1701,249
1702,248
1703,242
1704,256
1705,180
1706,241
1707,256
1708,232
1709,236
1710,207
1711,205
1712,193
1713,189
1714,120
1715,169
1716,81
1717,201
1718,215
1719,187
1720,226
1721,191
1722,210
1723,50
1724,256
1725,228
1726,185
1727,220
1728,226
1729,230
1730,140
1731,208
1732,219
1733,49
1734,146
1735,34
1736,204
1737,250
1738,176
1739,243
1740,212
1741,60
1742,254
1743,191
1744,177
1745,155
1746,175
1747,219
1748,216
1749,164
1750,227
1751,177
1752,133
1753,216
1754,246
1755,208
1756,204
1757,201
1758,235
1759,208
1760,63
1761,76
1762,250
1763,212
1764,190
1765,61
1766,251
1767,195
1768,153
1769,223
1770,0
1771,218
1772,1
1773,158
1774,54
1775,151
1776,100
1777,232
1778,102
1779,160
1780,254
1781,152
1782,210
1783,207
1784,154
1785,185
1786,204
1787,235
1788,194
1789,249
1790,191
1791,29
1792,66
1793,197
1794,1
1795,46
1796,228
1797,75
1798,174
1799,179
1800,227
1801,198
1802,175
1803,117
1804,116
1805,172
1806,46
1807,140
1808,198
1809,144
1810,166
1811,203
1812,227
1813,213
1814,175
1815,181
1816,135
1817,135
1818,123
1819,237
1820,205
1821,131
1822,192
1823,240
1824,212
1825,205
1826,227
1827,177
1828,180
1829,100
1830,108
1831,185
1832,201
1833,244
1834,92
1835,180
1836,219
1837,192
1838,225
1839,102
1840,221
1841,145
1842,246
1843,145
1844,247
1845,52
1846,135
1847,216
1848,80
1849,187
1850,233
1851,113
1852,211
1853,205
1854,137
1855,188
1856,159
1857,214
1858,235
1859,188
1860,152
1861,179
1862,134
1863,190
1864,192
1865,199
1866,186
1867,253
1868,212
1869,234
1870,200
1871,165
1872,0
1873,190
1874,222
1875,230
1876,105
1877,213
1878,242
1879,162
1880,162
1881,79
1882,207
1883,186
1884,245
1885,91
1886,47
1887,246
1888,151
1889,146
1890,222
1891,133
1892,117
1893,213
1894,253
1895,215
1896,191
1897,220
1898,181
1899,201
1900,184
1901,246
1902,214
1903,161
1904,215
1905,189
1906,216
1907,211
1908,182
1909,136
1910,206
1911,221
1912,208
1913,143
1914,109
1915,140
1916,220
1917,196
1918,91
1919,148
1920,235
1921,218
1922,224
1923,186
1924,150
1925,210
1926,223
1927,148
1928,165
1929,198
1930,139
1931,255
1932,229
1933,233
1934,181
1935,242
1936,196
1937,194
1938,93
1939,180
1940,154
1941,222
1942,207
1943,166
1944,247
1945,194
1946,155
1947,205
1948,245
1949,96
1950,151
1951,141
1952,162
1953,33
1954,237
1955,90
1956,185
1957,230
1958,182
1959,144
1960,171
1961,109
1962,142
1963,128
1964,6
1965,153
1966,216
1967,203
1968,246
1969,255
1970,245
1971,252
1972,195
1973,135
1974,228
1975,80
1976,210
1977,232
1978,190
1979,245
1980,189
1981,223
1982,229
1983,233
1984,225
1985,144
1986,241
1987,199
1988,241
1989,209
1990,239
1991,178
1992,240
1993,132
1994,57
1995,206
1996,75
1997,160
1998,160
1999,202
2000,201
2001,226
2002,206
2003,227
2004,164
2005,170
2006,204
2007,230
2008,205
2009,226
2010,217
2011,231
2012,231
2013,228
2014,157
2015,156
2016,219
2017,205
2018,204
2019,231
2020,189
2021,232
2022,57
2023,218
2024,190
2025,234
2026,224
2027,152
2028,213
2029,112
2030,254
2031,235
2032,223
2033,236
2034,163
2035,225
2036,119
2037,150
2038,156
2039,195
2040,122
2041,221
2042,56
2043,181
2044,247
2045,153
2046,256
2047,249
2048,192
2049,162
2050,49
2051,163
2052,165
2053,220
2054,211
2055,227
2056,235
2057,218
2058,213
2059,218
2060,85
2061,224
2062,61
2063,0
2064,92
2065,240
2066,230
2067,139
2068,44
2069,46
2070,194
2071,212
2072,197
2073,221
2074,253
2075,244
2076,168
2077,117
2078,238
2079,126
2080,212
2081,227
2082,225
2083,188
2084,218
2085,147
2086,104
2087,153
2088,209
2089,239
2090,129
2091,254
2092,149
2093,237
2094,212
2095,190
2096,239
2097,171
2098,218
2099,116
2100,178
2101,242
2102,172
2103,147
2104,198
2105,167
2106,241
2107,217
2108,168
2109,244
2110,209
2111,212
2112,156
2113,174
2114,216
2115,234
2116,207
2117,244
2118,228
2119,248
2120,173
2121,129
2122,217
2123,136
2124,230
2125,240
2126,175
2127,199
2128,139
2129,160
2130,232
2131,120
2132,158
2133,178
2134,147
2135,192
2136,230
2137,167
2138,256
2139,205
2140,204
2141,232
2142,199
2143,226
2144,229
2145,227
2146,141
2147,165
2148,217
2149,201
2150,191
2151,254
2152,156
2153,223
2154,239
2155,246
2156,246
2157,204
2158,132
2159,203
2160,90
2161,199
2162,0
2163,241
2164,242
2165,165
2166,239
2167,166
2168,182
2169,252
2170,226
2171,183
2172,100
2173,143
2174,161
2175,171
2176,241
2177,251
2178,209
2179,212
2180,256
2181,185
2182,181
2183,146
2184,165
2185,194
2186,125
2187,0
2188,215
2189,206
2190,167
2191,214
2192,145
2193,91
2194,252
2195,89
2196,151
2197,223
2198,146
2199,144
2200,133
2201,206
2202,240
2203,0
2204,193
2205,134
2206,239
2207,145
2208,153
2209,141
2210,134
2211,241
2212,110
2213,123
2214,214
2215,256
2216,226
2217,240
2218,214
2219,170
2220,184
2221,241
2222,214
2223,176
2224,16
2225,219
2226,216
2227,100
2228,142
2229,130
2230,241
2231,228
2232,158
2233,194
2234,142
2235,236
2236,84
2237,244
2238,218
2239,158
2240,179
2241,183
2242,186
2243,205
2244,136
2245,182
2246,178
2247,211
2248,221
2249,183
2250,229
2251,255
2252,129
2253,205
2254,251
2255,228
2256,111
2257,222
2258,193
2259,129
2260,201
2261,202
2262,232
2263,88
2264,244
2265,12
2266,233
2267,227
2268,0
2269,139
2270,162
2271,49
2272,250
2273,169
2274,230
2275,55
2276,256
2277,238
2278,170
2279,152
2280,231
2281,165
2282,180
2283,68
2284,252
2285,230
2286,132
2287,222
2288,236
2289,232
2290,213
2291,204
2292,243
2293,115
2294,177
2295,137
2296,177
2297,189
2298,252
2299,239
2300,202
2301,207
2302,250
2303,241
2304,243
2305,236
2306,186
2307,144
2308,209
2309,210
2310,177
2311,140
2312,243
2313,226
2314,251
2315,256
2316,170
2317,16
2318,102
2319,221
2320,193
2321,211
2322,237
2323,250
2324,244
2325,211
2326,155
2327,218
2328,122
2329,198
2330,218
2331,154
2332,205
2333,178
2334,223
2335,183
2336,191
2337,228
2338,226
2339,158
2340,236
2341,178
2342,256
2343,206
2344,204
2345,203
2346,227
2347,216
2348,241
2349,209
2350,163
2351,240
2352,95
2353,113
2354,154
2355,247
2356,217
2357,209
2358,201
2359,1
2360,221
2361,61
2362,95
2363,227
2364,232
2365,184
2366,119
2367,246
2368,141
2369,128
2370,245
2371,218
2372,112
2373,245
2374,230
2375,227
2376,224
2377,39
2378,253
2379,245
2380,214
2381,187
2382,66
2383,237
2384,242
2385,221
2386,172
2387,201
2388,232
2389,151
2390,226
2391,149
2392,169
2393,216
2394,138
2395,107
2396,162
2397,249
2398,158
2399,227
