0,12
1,232
2,231
3,175
4,207
5,147
6,193
7,104
8,192
9,122
10,129
11,202
12,227
13,226
14,250
15,158
16,151
17,214
18,170
19,109
20,118
21,165
22,166
23,197
24,4
25,121
26,182
27,132
28,142
29,230
30,215
31,159
32,167
33,165
34,133
35,73
36,223
37,171
38,230
39,243
40,125
41,220
42,157
43,114
44,184
45,238
46,217
47,191
48,174
49,81
50,182
51,161
52,242
53,242
54,198
55,170
56,193
57,162
58,169
59,159
60,65
61,178
62,152
63,199
64,210
65,110
66,220
67,150
68,131
69,139
70,139
71,187
72,211
73,211
74,143
75,109
76,167
77,159
78,206
79,196
80,221
81,176
82,200
83,195
84,191
85,121
86,195
87,248
88,215
89,204
90,168
91,141
92,95
93,225
94,189
95,191
96,133
97,137
98,198
99,219
100,170
101,237
102,210
103,222
104,96
105,148
106,190
107,183
108,152
109,108
110,213
111,206
112,220
113,80
114,200
115,186
116,116
117,153
118,214
119,197
120,203
121,0
122,197
123,218
124,197
125,162
126,163
127,190
128,166
129,87
130,174
131,200
132,204
133,57
134,191
135,171
136,91
137,221
138,190
139,196
140,129
141,207
142,78
143,187
144,201
145,195
146,176
147,208
148,92
149,215
150,124
151,149
152,172
153,154
154,166
155,216
156,238
157,138
158,201
159,182
160,194
161,178
162,94
163,147
164,229
165,231
166,207
167,216
168,165
169,228
170,201
171,178
172,144
173,238
174,142
175,144
176,166
177,97
178,160
179,182
180,184
181,151
182,162
183,84
184,184
185,185
186,153
187,220
188,86
189,176
190,98
191,239
192,176
193,112
194,148
195,216
196,166
197,224
198,243
199,168
200,142
201,215
202,210
203,200
204,182
205,183
206,210
207,181
208,200
209,207
210,151
211,196
212,213
213,208
214,190
215,198
216,213
217,71
218,173
219,202
220,209
221,168
222,243
223,184
224,181
225,211
226,200
227,240
228,214
229,220
230,133
231,193
232,140
233,137
234,149
235,96
236,189
237,125
238,156
239,225
240,161
241,142
242,239
243,209
244,133
245,214
246,192
247,68
248,211
249,165
250,186
251,156
252,190
253,133
254,199
255,171
256,215
257,147
258,187
259,236
260,219
261,143
262,168
263,197
264,138
265,199
266,120
267,185
268,175
269,210
270,237
271,98
272,126
273,159
274,111
275,212
276,167
277,170
278,163
279,178
280,96
281,226
282,124
283,150
284,188
285,151
286,152
287,144
288,191
289,171
290,202
291,232
292,228
293,194
294,149
295,235
296,152
297,187
298,192
299,210
300,186
301,164
302,214
303,172
304,203
305,231
306,241
307,140
308,204
309,173
310,227
311,163
312,184
313,112
314,136
315,149
316,171
317,220
318,174
319,142
320,140
321,139
322,205
323,217
324,222
325,172
326,206
327,237
328,229
329,139
330,151
331,186
332,246
333,208
334,223
335,185
336,203
337,205
338,161
339,214
340,243
341,160
342,86
343,135
344,141
345,157
346,170
347,152
348,246
349,39
350,248
351,191
352,112
353,145
354,199
355,206
356,178
357,149
358,207
359,184
360,132
361,162
362,192
363,162
364,139
365,198
366,89
367,204
368,224
369,181
370,223
371,196
372,231
373,122
374,133
375,170
376,160
377,173
378,157
379,194
380,164
381,156
382,98
383,143
384,232
385,126
386,133
387,232
388,166
389,242
390,171
391,189
392,228
393,150
394,130
395,240
396,230
397,218
398,242
399,114
400,165
401,103
402,229
403,243
404,177
405,125
406,103
407,168
408,200
409,224
410,237
411,232
412,206
413,141
414,96
415,208
416,235
417,249
418,155
419,186
420,159
421,90
422,165
423,133
424,200
425,228
426,98
427,225
428,184
429,141
430,233
431,225
432,60
433,227
434,167
435,100
436,173
437,201
438,208
439,192
440,134
441,224
442,160
443,126
444,178
445,106
446,184
447,178
448,211
449,210
450,200
451,162
452,241
453,139
454,218
455,183
456,205
457,221
458,211
459,197
460,230
461,114
462,161
463,230
464,243
465,141
466,143
467,181
468,202
469,245
470,135
471,229
472,160
473,113
474,169
475,157
476,238
477,178
478,143
479,244
480,187
481,164
482,191
483,199
484,91
485,226
486,137
487,220
488,248
489,108
490,214
491,232
492,132
493,211
494,106
495,250
496,219
497,229
498,157
499,168
500,222
501,237
502,228
503,241
504,181
505,210
506,193
507,194
508,199
509,200
510,113
511,215
512,213
513,122
514,158
515,243
516,222
517,166
518,225
519,229
520,219
521,157
522,142
523,230
524,178
525,237
526,204
527,180
528,203
529,207
530,246
531,226
532,151
533,213
534,218
535,212
536,230
537,116
538,237
539,199
540,189
541,211
542,121
543,188
544,231
545,180
546,149
547,232
548,207
549,179
550,117
551,198
552,212
553,179
554,246
555,214
556,140
557,212
558,144
559,230
560,225
561,247
562,189
563,224
564,140
565,200
566,177
567,221
568,222
569,211
570,218
571,230
572,193
573,197
574,232
575,151
576,218
577,240
578,173
579,241
580,203
581,244
582,192
583,150
584,191
585,160
586,179
587,193
588,184
589,231
590,223
591,152
592,199
593,146
594,127
595,138
596,205
597,236
598,135
599,152
600,151
601,239
602,132
603,107
604,149
605,229
606,154
607,164
608,189
609,117
610,131
611,183
612,201
613,82
614,225
615,133
616,34
617,168
618,237
619,181
620,87
621,190
622,224
623,164
624,136
625,192
626,168
627,215
628,228
629,150
630,217
631,223
632,122
633,155
634,197
635,211
636,233
637,167
638,135
639,106
640,209
641,172
642,230
643,176
644,190
645,145
646,240
647,170
648,201
649,65
650,137
651,216
652,208
653,223
654,199
655,205
656,138
657,212
658,192
659,223
660,144
661,205
662,177
663,171
664,194
665,194
666,232
667,213
668,130
669,214
670,137
671,164
672,195
673,198
674,241
675,199
676,205
677,170
678,137
679,123
680,217
681,140
682,150
683,202
684,216
685,216
686,158
687,224
688,208
689,192
690,99
691,220
692,76
693,246
694,238
695,171
696,134
697,182
698,128
699,148
700,115
701,240
702,232
703,244
704,134
705,202
706,87
707,183
708,138
709,237
710,140
711,233
712,129
713,230
714,158
715,177
716,154
717,245
718,191
719,85
720,207
721,187
722,163
723,75
724,202
725,111
726,188
727,78
728,105
729,218
730,212
731,127
732,174
733,190
734,236
735,180
736,220
737,147
738,186
739,109
740,190
741,217
742,144
743,242
744,224
745,122
746,199
747,113
748,158
749,201
750,97
751,191
752,197
753,191
754,196
755,218
756,202
757,216
758,235
759,123
760,164
761,252
762,244
763,220
764,229
765,216
766,234
767,173
768,229
769,187
770,232
771,86
772,154
773,185
774,133
775,241
776,194
777,234
778,207
779,244
780,159
781,222
782,129
783,193
784,133
785,199
786,70
787,175
788,119
789,218
790,177
791,125
792,116
793,220
794,233
795,94
796,111
797,238
798,101
799,158
800,226
801,154
802,183
803,232
804,244
805,149
806,151
807,201
808,212
809,183
810,217
811,214
812,168
813,140
814,205
815,208
816,120
817,158
818,234
819,199
820,169
821,164
822,223
823,203
824,195
825,179
826,224
827,144
828,246
829,215
830,217
831,208
832,154
833,214
834,156
835,169
836,191
837,180
838,248
839,229
840,121
841,108
842,178
843,215
844,149
845,134
846,160
847,238
848,191
849,219
850,205
851,74
852,109
853,154
854,197
855,168
856,195
857,243
858,165
859,225
860,213
861,146
862,201
863,162
864,190
865,230
866,222
867,238
868,244
869,242
870,172
871,216
872,220
873,170
874,167
875,217
876,177
877,189
878,179
879,178
880,49
881,193
882,204
883,170
884,184
885,153
886,223
887,244
888,174
889,240
890,205
891,117
892,117
893,198
894,190
895,171
896,172
897,93
898,192
899,210
900,159
901,143
902,213
903,186
904,228
905,131
906,204
907,150
908,167
909,155
910,166
911,213
912,112
913,207
914,145
915,241
916,196
917,175
918,182
919,48
920,181
921,161
922,174
923,220
924,197
925,171
926,188
927,198
928,159
929,213
930,128
931,111
932,176
933,218
934,183
935,184
936,168
937,224
938,206
939,146
940,168
941,217
942,167
943,175
944,210
945,146
946,170
947,138
948,202
949,158
950,164
951,150
952,222
953,234
954,217
955,240
956,194
957,210
958,184
959,87
960,187
961,236
962,179
963,219
964,184
965,185
966,142
967,192
968,160
969,220
970,230
971,175
972,176
973,67
974,185
975,181
976,201
977,121
978,212
979,238
980,198
981,216
982,216
983,173
984,169
985,236
986,192
987,222
988,238
989,149
990,243
991,149
992,167
993,214
994,221
995,205
996,194
997,241
998,162
999,211
1000,211
1001,157
1002,183
1003,243
1004,222
1005,233
1006,187
1007,193
1008,186
1009,198
1010,226
1011,187
1012,187
1013,191
1014,211
1015,224
1016,117
1017,205
1018,219
1019,245
1020,165
1021,247
1022,128
1023,173
1024,179
1025,213
1026,208
1027,81
1028,190
1029,174
1030,232
1031,136
1032,125
1033,163
1034,200
1035,198
1036,221
1037,181
1038,224
1039,177
1040,185
1041,136
1042,210
1043,152
1044,131
1045,228
1046,187
1047,171
1048,229
1049,130
1050,186
1051,187
1052,221
1053,178
1054,174
1055,183
1056,239
1057,215
1058,162
1059,205
1060,227
1061,164
1062,199
1063,176
1064,225
1065,216
1066,151
1067,237
1068,245
1069,208
1070,226
1071,183
1072,118
1073,223
1074,241
1075,204
1076,213
1077,193
1078,154
1079,174
1080,221
1081,155
1082,172
1083,119
1084,209
1085,217
1086,220
1087,145
1088,204
1089,143
1090,223
1091,172
1092,215
1093,189
1094,210
1095,228
1096,134
1097,190
1098,207
1099,212
1100,205
1101,222
1102,234
1103,225
1104,169
1105,218
1106,207
1107,153
1108,225
1109,206
1110,193
1111,176
1112,187
1113,220
1114,234
1115,151
1116,219
1117,172
1118,197
1119,173
1120,217
1121,200
1122,158
1123,140
1124,167
1125,162
1126,245
1127,218
1128,176
1129,211
1130,198
1131,237
1132,167
1133,234
1134,166
1135,189
1136,236
1137,187
1138,249
1139,195
1140,245
1141,176
1142,194
1143,114
1144,142
1145,149
1146,7
1147,249
1148,134
1149,218
1150,84
1151,228
1152,182
1153,164
1154,160
1155,193
1156,193
1157,219
1158,212
1159,233
1160,185
1161,237
1162,98
1163,248
1164,176
1165,239
1166,148
1167,216
1168,232
1169,209
1170,184
1171,181
1172,213
1173,200
1174,242
1175,249
1176,218
1177,202
1178,246
1179,120
1180,171
1181,158
1182,145
1183,124
1184,217
1185,234
1186,224
1187,206
1188,95
1189,208
1190,221
1191,134
1192,244
1193,204
1194,229
1195,246
1196,186
1197,178
1198,161
1199,236
1200,164
1201,247
1202,119
1203,200
1204,219
1205,178
1206,144
1207,172
1208,117
1209,230
1210,172
1211,220
1212,209
1213,206
1214,78
1215,188
1216,118
1217,187
1218,114
1219,249
1220,198
1221,203
1222,89
1223,135
1224,174
1225,82
1226,238
1227,125
1228,159
1229,238
1230,132
1231,78
1232,158
1233,174
1234,117
1235,174
1236,187
1237,170
1238,159
1239,208
1240,192
1241,155
1242,128
1243,230
1244,231
1245,248
1246,225
1247,136
1248,237
1249,165
1250,235
1251,180
1252,177
1253,178
1254,125
1255,107
1256,176
1257,237
1258,162
1259,148
1260,165
1261,218
1262,93
1263,246
1264,183
1265,186
1266,72
1267,100
1268,235
1269,194
1270,227
1271,190
1272,201
1273,225
1274,243
1275,218
1276,157
1277,91
1278,207
1279,250
1280,162
1281,118
1282,235
1283,144
1284,166
1285,79
1286,182
1287,0
1288,152
1289,185
1290,237
1291,224
1292,97
1293,181
1294,143
1295,160
1296,232
1297,88
1298,130
1299,95
1300,238
1301,174
1302,235
1303,206
1304,192
1305,231
1306,221
1307,232
1308,73
1309,182
1310,136
1311,184
1312,84
1313,232
1314,225
1315,217
1316,122
1317,191
1318,129
1319,211
1320,135
1321,112
1322,158
1323,241
1324,78
1325,160
1326,152
1327,100
1328,127
1329,214
1330,195
1331,101
1332,130
1333,162
1334,159
1335,171
1336,94
1337,168
1338,80
1339,215
1340,101
1341,212
1342,216
1343,202
1344,105
1345,106
1346,247
1347,106
1348,206
1349,161
1350,220
1351,47
1352,177
1353,0
1354,220
1355,100
1356,228
1357,203
1358,192
1359,151
1360,231
1361,121
1362,186
1363,76
1364,242
1365,242
1366,170
1367,168
1368,142
1369,120
1370,223
1371,211
1372,106
1373,144
1374,236
1375,241
1376,143
1377,194
1378,160
1379,214
1380,208
1381,106
1382,211
1383,235
1384,217
1385,103
1386,238
1387,212
1388,76
1389,65
1390,91
1391,219
1392,182
1393,135
1394,201
1395,108
1396,142
1397,95
1398,182
1399,179
1400,203
1401,197
1402,161
1403,217
1404,227
1405,155
1406,206
1407,110
1408,140
1409,220
1410,174
1411,204
1412,218
1413,202
1414,230
1415,128
1416,157
1417,138
1418,253
1419,198
1420,164
1421,223
1422,244
1423,139
1424,126
1425,236
1426,26
1427,135
1428,220
1429,195
1430,55
1431,180
1432,202
1433,127
1434,160
1435,238
1436,164
1437,150
1438,232
1439,243
1440,230
1441,107
1442,156
1443,238
1444,183
1445,223
1446,156
1447,148
1448,194
1449,105
1450,81
1451,193
1452,204
1453,108
1454,233
1455,245
1456,197
1457,85
1458,144
1459,156
1460,199
1461,216
1462,72
1463,149
1464,92
1465,196
1466,213
1467,215
1468,229
1469,168
1470,110
1471,201
1472,135
1473,172
1474,199
1475,195
1476,209
1477,108
1478,218
1479,154
1480,193
1481,153
1482,240
1483,229
1484,224
1485,87
1486,247
1487,160
1488,239
1489,226
1490,192
1491,72
1492,224
1493,199
1494,251
1495,226
1496,248
1497,216
1498,220
1499,174
1500,140
1501,204
1502,203
1503,157
1504,119
1505,169
1506,164
1507,87
1508,186
1509,186
1510,140
1511,180
1512,175
1513,126
1514,143
1515,234
1516,190
1517,212
1518,224
1519,127
1520,191
1521,241
1522,174
1523,72
1524,145
1525,222
1526,189
1527,202
1528,192
1529,218
1530,141
1531,126
1532,172
1533,236
1534,149
1535,123
1536,127
1537,164
1538,140
1539,218
1540,174
1541,228
1542,79
1543,220
1544,154
1545,118
1546,200
1547,165
1548,121
1549,175
1550,60
1551,100
1552,148
1553,187
1554,159
1555,165
1556,141
1557,217
1558,192
1559,144
1560,232
1561,139
1562,241
1563,151
1564,143
1565,182
1566,113
1567,186
1568,240
1569,85
1570,183
1571,179
1572,242
1573,236
1574,171
1575,233
1576,134
1577,122
1578,114
1579,228
1580,212
1581,172
1582,91
1583,232
1584,176
1585,193
1586,213
1587,157
1588,198
1589,136
1590,233
1591,227
1592,206
1593,205
1594,183
1595,79
1596,181
1597,152
1598,160
1599,156
1600,218
1601,198
1602,146
1603,173
1604,238
1605,225
1606,201
1607,173
1608,234
1609,213
1610,252
1611,179
1612,209
1613,223
1614,174
1615,128
1616,237
1617,140
1618,185
1619,191
1620,156
1621,209
1622,242
1623,172
1624,216
1625,173
1626,112
1627,120
1628,229
1629,163
1630,180
1631,230
1632,206
1633,201
1634,187
1635,232
1636,193
1637,232
1638,127
1639,210
1640,219
1641,158
1642,190
1643,206
1644,208
1645,208
1646,214
1647,254
1648,254
1649,250
1650,220
1651,241
1652,192
1653,156
1654,140
1655,248
1656,199
1657,179
1658,249
1659,215
1660,236
1661,169
1662,194
1663,220
1664,160
1665,248
1666,162
1667,187
1668,149
1669,182
1670,207
1671,179
1672,251
1673,255
1674,200
1675,244
1676,222
1677,236
1678,161
1679,166
1680,219
1681,160
1682,220
1683,197
1684,171
1685,239
1686,165
1687,235
1688,239
1689,174
1690,121
1691,140
1692,224
1693,177
1694,134
1695,164
1696,203
1697,10
1698,223
1699,249
1700,137
1701,228
1702,155
1703,226
1704,240
1705,207
1706,240
1707,129
1708,186
1709,234
1710,199
1711,225
1712,135
1713,175
1714,63
1715,222
1716,232
1717,186
1718,151
1719,217
1720,164
1721,141
1722,214
1723,56
1724,93
1725,187
1726,239
1727,186
1728,170
1729,136
1730,145
1731,228
1732,162
1733,220
1734,128
1735,201
1736,142
1737,170
1738,204
1739,220
1740,122
1741,137
1742,152
1743,233
1744,250
1745,168
1746,144
1747,116
1748,176
1749,189
1750,102
1751,140
1752,134
1753,113
1754,186
1755,213
1756,226
1757,154
1758,233
1759,205
1760,100
1761,37
1762,228
1763,168
1764,218
1765,150
1766,142
1767,170
1768,236
1769,158
1770,203
1771,123
1772,139
1773,166
1774,126
1775,245
1776,236
1777,157
1778,110
1779,187
1780,207
1781,197
1782,94
1783,35
1784,196
1785,109
1786,107
1787,207
1788,204
1789,122
1790,240
1791,246
1792,205
1793,111
1794,203
1795,222
1796,168
1797,175
1798,213
1799,205
1800,173
1801,231
1802,229
1803,136
1804,218
1805,210
1806,185
1807,197
1808,216
1809,224
1810,216
1811,206
1812,169
1813,246
1814,164
1815,172
1816,184
1817,187
1818,158
1819,96
1820,151
1821,216
1822,176
1823,152
1824,195
1825,160
1826,132
1827,181
1828,186
1829,227
1830,218
1831,234
1832,212
1833,136
1834,120
1835,201
1836,166
1837,149
1838,236
1839,218
1840,242
1841,207
1842,205
1843,139
1844,182
1845,103
1846,87
1847,164
1848,224
1849,128
1850,179
1851,199
1852,211
1853,162
1854,170
1855,157
1856,166
1857,240
1858,200
1859,209
1860,227
1861,130
1862,138
1863,233
1864,246
1865,130
1866,182
1867,244
1868,105
1869,248
1870,237
1871,202
1872,198
1873,203
1874,220
1875,219
1876,158
1877,161
1878,195
1879,177
1880,236
1881,186
1882,249
1883,222
1884,157
1885,220
1886,195
1887,116
1888,172
1889,168
1890,235
1891,107
1892,252
1893,238
1894,200
1895,245
1896,142
1897,193
1898,186
1899,148
1900,142
1901,230
1902,145
1903,202
1904,170
1905,200
1906,83
1907,189
1908,227
1909,136
1910,184
1911,249
1912,184
1913,106
1914,137
1915,241
1916,228
1917,238
1918,232
1919,144
1920,201
1921,185
1922,249
1923,204
1924,112
1925,169
1926,199
1927,159
1928,103
1929,162
1930,152
1931,117
1932,247
1933,160
1934,72
1935,254
1936,212
1937,164
1938,200
1939,144
1940,119
1941,237
1942,244
1943,185
1944,125
1945,163
1946,219
1947,218
1948,226
1949,233
1950,197
1951,205
1952,211
1953,182
1954,138
1955,137
1956,210
1957,192
1958,202
1959,202
1960,218
1961,143
1962,72
1963,163
1964,89
1965,219
1966,224
1967,194
1968,195
1969,241
1970,137
1971,195
1972,228
1973,134
1974,194
1975,194
1976,181
1977,192
1978,176
1979,191
1980,171
1981,225
1982,233
1983,225
1984,174
1985,202
1986,196
1987,253
1988,222
1989,238
1990,157
1991,122
1992,239
1993,223
1994,155
1995,230
1996,74
1997,145
1998,225
1999,191
2000,141
2001,111
2002,136
2003,133
2004,188
2005,176
2006,200
2007,238
2008,56
2009,28
2010,246
2011,114
2012,230
2013,217
2014,150
2015,127
2016,185
2017,249
2018,187
2019,225
2020,239
2021,131
2022,193
2023,246
2024,192
2025,101
2026,205
2027,199
2028,138
2029,85
2030,223
2031,191
2032,46
2033,220
2034,140
2035,196
2036,228
2037,151
2038,240
2039,181
2040,209
2041,127
2042,148
2043,235
2044,127
2045,79
2046,232
2047,93
2048,73
2049,183
2050,216
2051,139
2052,118
2053,156
2054,236
2055,236
2056,36
2057,114
2058,203
2059,234
2060,181
2061,156
2062,168
2063,146
2064,197
2065,180
2066,234
2067,112
2068,137
2069,117
2070,193
2071,243
2072,117
2073,208
2074,206
2075,230
2076,224
2077,208
2078,164
2079,159
2080,206
2081,139
2082,155
2083,207
2084,215
2085,151
2086,175
2087,194
2088,224
2089,231
2090,177
2091,79
2092,233
2093,127
2094,153
2095,232
2096,178
2097,187
2098,157
2099,131
2100,125
2101,166
2102,158
2103,161
2104,217
2105,190
2106,199
2107,131
2108,185
2109,146
2110,229
2111,66
2112,211
2113,30
2114,80
2115,226
2116,78
2117,167
2118,159
2119,245
2120,204
2121,211
2122,166
2123,175
2124,244
2125,48
2126,157
2127,221
2128,219
2129,106
2130,195
2131,236
2132,71
2133,244
2134,153
2135,93
2136,213
2137,142
2138,169
2139,79
2140,128
2141,133
2142,178
2143,216
2144,152
2145,198
2146,103
2147,238
2148,65
2149,131
2150,164
2151,198
2152,109
2153,162
2154,202
2155,180
2156,172
2157,184
2158,212
2159,194
2160,150
2161,152
2162,167
2163,151
2164,185
2165,229
2166,169
2167,53
2168,63
2169,241
2170,235
2171,113
2172,216
2173,185
2174,212
2175,175
2176,176
2177,218
2178,144
2179,239
2180,109
2181,236
2182,0
2183,170
2184,109
2185,212
2186,108
2187,226
2188,232
2189,132
2190,201
2191,34
2192,199
2193,96
2194,201
2195,86
2196,221
2197,108
2198,212
2199,166
2200,193
2201,95
2202,210
2203,170
2204,110
2205,234
2206,112
2207,139
2208,162
2209,65
2210,118
2211,177
2212,166
2213,140
2214,155
2215,214
2216,210
2217,149
2218,35
2219,136
2220,193
2221,142
2222,200
2223,219
2224,130
2225,197
2226,220
2227,105
2228,180
2229,203
2230,249
2231,102
2232,162
2233,225
2234,224
2235,188
2236,128
2237,159
2238,166
2239,203
2240,155
2241,243
2242,211
2243,198
2244,242
2245,197
2246,195
2247,182
2248,34
2249,124
2250,185
2251,203
2252,222
2253,151
2254,143
2255,189
2256,163
2257,71
2258,188
2259,146
2260,193
2261,183
2262,205
2263,212
2264,237
2265,172
2266,121
2267,215
2268,232
2269,96
2270,108
2271,236
2272,163
2273,215
2274,172
2275,210
2276,180
2277,98
2278,14
2279,145
2280,187
2281,142
2282,163
2283,144
2284,74
2285,245
2286,93
2287,201
2288,242
2289,201
2290,156
2291,217
2292,55
2293,170
2294,127
2295,243
2296,168
2297,190
2298,227
2299,110
2300,210
2301,166
2302,196
2303,241
2304,158
2305,144
2306,0
2307,62
2308,219
2309,179
2310,207
2311,147
2312,223
2313,226
2314,161
2315,128
2316,70
2317,147
2318,250
2319,146
2320,229
2321,209
2322,160
2323,206
2324,200
2325,216
2326,114
2327,237
2328,160
2329,240
2330,122
2331,168
2332,204
2333,183
2334,184
2335,229
2336,99
2337,129
2338,200
2339,161
2340,211
2341,183
2342,184
2343,167
2344,234
2345,227
2346,162
2347,175
2348,207
2349,216
2350,166
2351,144
2352,192
2353,171
2354,198
2355,158
2356,170
2357,164
2358,203
2359,206
2360,149
2361,77
2362,191
2363,65
2364,227
2365,159
2366,243
2367,105
2368,204
2369,235
2370,202
2371,105
2372,237
2373,189
2374,115
2375,130
2376,211
2377,103
2378,85
2379,237
2380,146
2381,179
2382,159
2383,218
2384,31
2385,145
2386,210
2387,213
2388,139
2389,127
2390,217
2391,201
2392,147
2393,156
2394,61
2395,151
2396,219
2397,136
2398,208
2399,209
