0,184
1,181
2,182
3,218
4,188
5,154
6,186
7,238
8,230
9,121
10,134
11,223
12,192
13,182
14,234
15,186
16,197
17,218
18,243
19,242
20,242
21,109
22,179
23,207
24,243
25,224
26,68
27,150
28,220
29,165
30,29
31,193
32,184
33,231
34,230
35,222
36,237
37,220
38,213
39,244
40,188
41,249
42,169
43,120
44,225
45,205
46,165
47,235
48,113
49,184
50,201
51,214
52,114
53,221
54,213
55,193
56,194
57,210
58,206
59,253
60,234
61,168
62,186
63,206
64,210
65,220
66,251
67,240
68,162
69,128
70,192
71,210
72,163
73,228
74,238
75,161
76,232
77,97
78,204
79,206
80,236
81,234
82,142
83,170
84,223
85,229
86,171
87,198
88,127
89,205
90,160
91,246
92,194
93,160
94,135
95,220
96,227
97,188
98,252
99,185
100,256
101,251
102,168
103,103
104,247
105,215
106,212
107,209
108,170
109,64
110,135
111,192
112,203
113,238
114,247
115,221
116,235
117,232
118,228
119,236
120,174
121,203
122,97
123,46
124,190
125,207
126,223
127,93
128,209
129,152
130,169
131,221
132,229
133,236
134,181
135,191
136,205
137,206
138,123
139,151
140,253
141,234
142,230
143,153
144,182
145,189
146,204
147,205
148,209
149,213
150,135
151,223
152,232
153,202
154,172
155,236
156,251
157,174
158,58
159,142
160,234
161,187
162,222
163,170
164,243
165,63
166,148
167,182
168,163
169,252
170,215
171,154
172,195
173,146
174,247
175,176
176,213
177,218
178,238
179,0
180,157
181,76
182,168
183,214
184,201
185,205
186,223
187,202
188,137
189,239
190,248
191,209
192,115
193,251
194,194
195,239
196,175
197,199
198,209
199,205
200,191
201,212
202,190
203,212
204,253
205,163
206,155
207,225
208,198
209,157
210,168
211,201
212,242
213,227
214,117
215,178
216,207
217,194
218,242
219,189
220,120
221,236
222,190
223,174
224,219
225,253
226,245
227,188
228,224
229,221
230,175
231,155
232,239
233,208
234,183
235,215
236,155
237,212
238,147
239,226
240,219
241,163
242,242
243,178
244,238
245,236
246,227
247,251
248,200
249,214
250,185
251,137
252,211
253,202
254,234
255,249
256,253
257,217
258,178
259,171
260,144
261,179
262,229
263,109
264,220
265,226
266,148
267,152
268,225
269,213
270,169
271,198
272,173
273,252
274,181
275,179
276,231
277,150
278,251
279,170
280,162
281,200
282,232
283,199
284,97
285,227
286,178
287,214
288,213
289,211
290,163
291,233
292,190
293,150
294,214
295,156
296,123
297,124
298,174
299,217
300,177
301,194
302,239
303,182
304,224
305,222
306,155
307,209
308,217
309,249
310,220
311,160
312,167
313,248
314,251
315,170
316,123
317,165
318,234
319,197
320,198
321,98
322,153
323,207
324,204
325,232
326,164
327,239
328,202
329,152
330,235
331,250
332,190
333,215
334,229
335,219
336,186
337,209
338,220
339,136
340,109
341,249
342,237
343,188
344,180
345,155
346,129
347,131
348,27
349,161
350,124
351,193
352,122
353,148
354,199
355,211
356,214
357,228
358,211
359,154
360,200
361,172
362,203
363,150
364,236
365,199
366,202
367,241
368,242
369,168
370,195
371,200
372,79
373,174
374,251
375,124
376,209
377,234
378,121
379,213
380,198
381,103
382,126
383,195
384,189
385,252
386,204
387,115
388,191
389,228
390,239
391,200
392,244
393,182
394,173
395,38
396,216
397,213
398,157
399,238
400,110
401,166
402,222
403,150
404,169
405,210
406,220
407,89
408,219
409,232
410,183
411,121
412,229
413,251
414,192
415,156
416,176
417,89
418,204
419,109
420,224
421,206
422,226
423,247
424,209
425,237
426,227
427,139
428,159
429,166
430,233
431,231
432,220
433,247
434,188
435,188
436,195
437,227
438,202
439,222
440,188
441,138
442,195
443,201
444,177
445,193
446,65
447,203
448,110
449,234
450,72
451,207
452,208
453,221
454,230
455,221
456,202
457,247
458,223
459,248
460,235
461,243
462,251
463,182
464,225
465,187
466,172
467,201
468,178
469,163
470,109
471,182
472,194
473,165
474,204
475,246
476,233
477,172
478,214
479,139
480,162
481,242
482,247
483,248
484,156
485,162
486,232
487,182
488,170
489,236
490,178
491,170
492,200
493,97
494,164
495,159
496,228
497,235
498,230
499,227
500,199
501,203
502,247
503,249
504,143
505,246
506,130
507,197
508,131
509,82
510,225
511,229
512,218
513,252
514,179
515,231
516,184
517,199
518,100
519,231
520,118
521,228
522,169
523,99
524,194
525,238
526,217
527,229
528,220
529,220
530,175
531,205
532,99
533,184
534,251
535,105
536,234
537,218
538,113
539,142
540,205
541,250
542,213
543,208
544,220
545,132
546,148
547,119
548,106
549,256
550,173
551,116
552,216
553,179
554,76
555,194
556,52
557,236
558,160
559,201
560,197
561,207
562,194
563,125
564,225
565,192
566,253
567,254
568,223
569,246
570,195
571,128
572,234
573,237
574,197
575,194
576,233
577,154
578,232
579,255
580,208
581,75
582,219
583,254
584,248
585,117
586,187
587,198
588,208
589,89
590,225
591,230
592,251
593,135
594,175
595,240
596,235
597,248
598,153
599,238
600,152
601,202
602,125
603,222
604,172
605,156
606,186
607,219
608,188
609,137
610,226
611,250
612,176
613,249
614,83
615,251
616,158
617,149
618,155
619,145
620,191
621,208
622,140
623,229
624,162
625,196
626,204
627,203
628,214
629,153
630,199
631,206
632,233
633,220
634,208
635,187
636,171
637,80
638,109
639,222
640,83
641,191
642,193
643,108
644,234
645,231
646,238
647,222
648,192
649,198
650,191
651,250
652,130
653,146
654,55
655,195
656,144
657,248
658,239
659,201
660,222
661,202
662,193
663,204
664,230
665,144
666,228
667,140
668,224
669,152
670,182
671,212
672,84
673,239
674,190
675,212
676,172
677,131
678,183
679,223
680,245
681,151
682,249
683,152
684,208
685,229
686,128
687,192
688,198
689,147
690,247
691,228
692,191
693,188
694,168
695,228
696,158
697,233
698,63
699,129
700,221
701,227
702,155
703,255
704,199
705,227
706,106
707,248
708,114
709,144
710,252
711,250
712,252
713,220
714,119
715,186
716,183
717,213
718,133
719,96
720,141
721,224
722,113
723,227
724,222
725,185
726,100
727,254
728,40
729,186
730,212
731,182
732,234
733,124
734,235
735,157
736,163
737,185
738,205
739,182
740,241
741,203
742,178
743,162
744,202
745,196
746,125
747,254
748,203
749,241
750,222
751,11
752,210
753,135
754,249
755,131
756,229
757,187
758,195
759,230
760,192
761,119
762,205
763,231
764,177
765,243
766,166
767,181
768,99
769,225
770,177
771,222
772,141
773,235
774,207
775,154
776,184
777,234
778,209
779,189
780,218
781,197
782,144
783,240
784,218
785,250
786,237
787,98
788,100
789,234
790,252
791,90
792,205
793,239
794,201
795,233
796,145
797,170
798,228
799,256
800,160
801,237
802,223
803,154
804,167
805,230
806,247
807,196
808,250
809,211
810,229
811,157
812,181
813,235
814,210
815,204
816,213
817,157
818,139
819,210
820,251
821,208
822,0
823,219
824,220
825,199
826,191
827,236
828,172
829,242
830,181
831,203
832,213
833,172
834,169
835,165
836,191
837,117
838,154
839,128
840,235
841,224
842,240
843,231
844,211
845,236
846,133
847,173
848,224
849,167
850,210
851,171
852,196
853,249
854,162
855,186
856,104
857,246
858,160
859,143
860,238
861,192
862,152
863,221
864,171
865,185
866,225
867,241
868,156
869,229
870,196
871,230
872,218
873,222
874,243
875,239
876,204
877,219
878,191
879,229
880,246
881,178
882,36
883,235
884,188
885,219
886,139
887,228
888,207
889,94
890,250
891,220
892,198
893,197
894,179
895,254
896,238
897,218
898,160
899,178
900,160
901,189
902,200
903,128
904,123
905,201
906,100
907,72
908,180
909,233
910,241
911,197
912,87
913,213
914,242
915,228
916,118
917,180
918,168
919,209
920,196
921,189
922,188
923,239
924,251
925,156
926,223
927,134
928,240
929,219
930,234
931,234
932,188
933,236
934,179
935,243
936,230
937,150
938,67
939,249
940,232
941,216
942,139
943,213
944,205
945,229
946,222
947,176
948,203
949,256
950,197
951,242
952,162
953,228
954,243
955,135
956,232
957,242
958,204
959,220
960,227
961,250
962,250
963,164
964,172
965,202
966,250
967,253
968,222
969,164
970,222
971,154
972,202
973,136
974,183
975,165
976,219
977,151
978,228
979,238
980,223
981,255
982,149
983,230
984,238
985,86
986,40
987,232
988,148
989,184
990,154
991,164
992,94
993,222
994,203
995,168
996,185
997,217
998,188
999,251
1000,241
1001,194
1002,250
1003,122
1004,187
1005,172
1006,200
1007,204
1008,163
1009,139
1010,141
1011,174
1012,248
1013,221
1014,236
1015,189
1016,210
1017,222
1018,186
1019,228
1020,205
1021,80
1022,230
1023,172
1024,147
1025,254
1026,209
1027,216
1028,244
1029,159
1030,207
1031,152
1032,92
1033,238
1034,176
1035,247
1036,81
1037,68
1038,184
1039,153
1040,186
1041,173
1042,188
1043,211
1044,153
1045,222
1046,188
1047,214
1048,198
1049,114
1050,218
1051,245
1052,210
1053,170
1054,150
1055,153
1056,174
1057,248
1058,107
1059,197
1060,229
1061,135
1062,210
1063,215
1064,189
1065,226
1066,108
1067,230
1068,199
1069,243
1070,252
1071,185
1072,168
1073,223
1074,181
1075,254
1076,213
1077,247
1078,215
1079,248
1080,168
1081,219
1082,145
1083,206
1084,228
1085,193
1086,161
1087,169
1088,211
1089,187
1090,108
1091,205
1092,122
1093,147
1094,115
1095,224
1096,129
1097,163
1098,133
1099,197
1100,211
1101,232
1102,127
1103,199
1104,242
1105,177
1106,171
1107,250
1108,227
1109,230
1110,254
1111,230
1112,242
1113,238
1114,166
1115,217
1116,219
1117,156
1118,186
1119,193
1120,230
1121,169
1122,171
1123,162
1124,139
1125,243
1126,180
1127,181
1128,113
1129,202
1130,250
1131,256
1132,204
1133,240
1134,112
1135,225
1136,159
1137,158
1138,210
1139,128
1140,242
1141,237
1142,235
1143,157
1144,167
1145,154
1146,195
1147,224
1148,177
1149,182
1150,108
1151,245
1152,154
1153,203
1154,241
1155,132
1156,253
1157,235
1158,217
1159,245
1160,189
1161,227
1162,176
1163,232
1164,114
1165,171
1166,239
1167,191
1168,161
1169,162
1170,238
1171,188
1172,181
1173,216
1174,189
1175,234
1176,125
1177,218
1178,177
1179,242
1180,103
1181,198
1182,173
1183,225
1184,181
1185,236
1186,256
1187,114
1188,146
1189,214
1190,232
1191,233
1192,193
1193,250
1194,238
1195,228
1196,146
1197,171
1198,131
1199,112
1200,98
1201,255
1202,225
1203,232
1204,96
1205,236
1206,213
1207,215
1208,145
1209,232
1210,216
1211,193
1212,202
1213,122
1214,249
1215,0
1216,218
1217,0
1218,190
1219,242
1220,247
1221,195
1222,150
1223,214
1224,138
1225,32
1226,177
1227,210
1228,115
1229,177
1230,158
1231,168
1232,120
1233,240
1234,104
1235,101
1236,213
1237,132
1238,207
1239,247
1240,172
1241,206
1242,198
1243,220
1244,168
1245,113
1246,254
1247,238
1248,169
1249,205
1250,175
1251,204
1252,179
1253,243
1254,212
1255,205
1256,217
1257,182
1258,216
1259,244
1260,228
1261,239
1262,89
1263,251
1264,214
1265,201
1266,185
1267,217
1268,169
1269,243
1270,153
1271,228
1272,217
1273,231
1274,130
1275,162
1276,134
1277,225
1278,210
1279,187
1280,150
1281,200
1282,134
1283,202
1284,244
1285,175
1286,177
1287,13
1288,138
1289,189
1290,106
1291,121
1292,174
1293,117
1294,225
1295,182
1296,237
1297,235
1298,149
1299,252
1300,110
1301,238
1302,217
1303,207
1304,196
1305,125
1306,150
1307,187
1308,171
1309,174
1310,202
1311,204
1312,215
1313,192
1314,213
1315,256
1316,223
1317,199
1318,191
1319,113
1320,178
1321,107
1322,215
1323,235
1324,95
1325,168
1326,173
1327,250
1328,189
1329,218
1330,195
1331,184
1332,255
1333,217
1334,240
1335,170
1336,210
1337,140
1338,191
1339,199
1340,245
1341,254
1342,194
1343,212
1344,235
1345,229
1346,217
1347,252
1348,179
1349,191
1350,226
1351,235
1352,166
1353,202
1354,228
1355,95
1356,168
1357,120
1358,191
1359,100
1360,237
1361,231
1362,217
1363,171
1364,170
1365,186
1366,70
1367,238
1368,171
1369,231
1370,243
1371,202
1372,252
1373,204
1374,185
1375,212
1376,213
1377,215
1378,37
1379,174
1380,183
1381,181
1382,184
1383,230
1384,63
1385,133
1386,149
1387,190
1388,110
1389,247
1390,216
1391,202
1392,134
1393,242
1394,207
1395,210
1396,174
1397,244
1398,137
1399,212
1400,97
1401,219
1402,218
1403,158
1404,170
1405,158
1406,255
1407,44
1408,103
1409,129
1410,206
1411,228
1412,231
1413,234
1414,163
1415,231
1416,74
1417,212
1418,153
1419,55
1420,228
1421,231
1422,203
1423,256
1424,186
1425,208
1426,243
1427,150
1428,191
1429,168
1430,232
1431,181
1432,161
1433,235
1434,199
1435,158
1436,243
1437,230
1438,121
1439,221
1440,211
1441,246
1442,154
1443,251
1444,144
1445,248
1446,226
1447,213
1448,223
1449,177
1450,182
1451,158
1452,234
1453,134
1454,231
1455,232
1456,236
1457,209
1458,221
1459,196
1460,121
1461,195
1462,225
1463,213
1464,72
1465,225
1466,249
1467,229
1468,176
1469,177
1470,102
1471,244
1472,226
1473,227
1474,0
1475,200
1476,99
1477,211
1478,154
1479,209
1480,202
1481,31
1482,229
1483,94
1484,207
1485,193
1486,191
1487,251
1488,170
1489,212
1490,205
1491,250
1492,167
1493,251
1494,181
1495,236
1496,214
1497,206
1498,149
1499,194
1500,115
1501,200
1502,125
1503,161
1504,127
1505,107
1506,145
1507,221
1508,244
1509,165
1510,78
1511,233
1512,135
1513,157
1514,207
1515,167
1516,181
1517,199
1518,233
1519,195
1520,165
1521,210
1522,246
1523,249
1524,138
1525,210
1526,223
1527,180
1528,147
1529,174
1530,163
1531,221
1532,98
1533,52
1534,161
1535,194
1536,232
1537,166
1538,171
1539,235
1540,187
1541,250
1542,248
1543,224
1544,210
1545,151
1546,240
1547,157
1548,131
1549,156
1550,145
1551,165
1552,227
1553,221
1554,53
1555,232
1556,110
1557,214
1558,225
1559,169
1560,178
1561,171
1562,255
1563,178
1564,242
1565,163
1566,235
1567,230
1568,219
1569,169
1570,242
1571,242
1572,196
1573,234
1574,195
1575,192
1576,200
1577,236
1578,187
1579,242
1580,221
1581,235
1582,168
1583,198
1584,132
1585,183
1586,237
1587,230
1588,223
1589,209
1590,228
1591,191
1592,173
1593,153
1594,156
1595,240
1596,208
1597,140
1598,188
1599,189
1600,174
1601,182
1602,196
1603,220
1604,178
1605,244
1606,87
1607,227
1608,151
1609,174
1610,123
1611,226
1612,254
1613,188
1614,212
1615,200
1616,157
1617,151
1618,189
1619,224
1620,217
1621,101
1622,186
1623,193
1624,137
1625,178
1626,185
1627,201
1628,221
1629,160
1630,228
1631,233
1632,193
1633,213
1634,151
1635,189
1636,181
1637,225
1638,122
1639,157
1640,172
1641,212
1642,240
1643,85
1644,152
1645,249
1646,122
1647,233
1648,231
1649,188
1650,240
1651,192
1652,117
1653,157
1654,138
1655,242
1656,136
1657,228
1658,77
1659,185
1660,147
1661,248
1662,182
1663,138
1664,181
1665,241
1666,102
1667,162
1668,185
1669,118
1670,204
1671,161
1672,208
1673,80
1674,206
1675,199
1676,223
1677,226
1678,185
1679,103
1680,144
1681,212
1682,215
1683,171
1684,175
1685,192
1686,232
1687,220
1688,239
1689,194
1690,234
1691,62
1692,142
1693,160
1694,182
1695,82
1696,226
1697,137
1698,220
1699,197
1700,217
1701,250
1702,252
1703,243
1704,256
1705,185
1706,234
1707,256
1708,233
1709,231
1710,202
1711,206
1712,200
1713,182
1714,142
1715,171
1716,114
1717,206
1718,216
1719,191
1720,228
1721,173
1722,219
1723,152
1724,256
1725,220
1726,176
1727,216
1728,206
1729,230
1730,167
1731,204
1732,218
1733,77
1734,157
1735,68
1736,196
1737,250
1738,187
1739,244
1740,216
1741,87
1742,255
1743,196
1744,176
1745,159
1746,158
1747,204
1748,221
1749,152
1750,219
1751,191
1752,143
1753,215
1754,252
1755,199
1756,202
1757,208
1758,234
1759,211
1760,189
1761,114
1762,250
1763,204
1764,199
1765,63
1766,251
1767,181
1768,150
1769,224
1770,19
1771,216
1772,28
1773,166
1774,100
1775,135
1776,123
1777,236
1778,99
1779,149
1780,254
1781,185
1782,209
1783,189
1784,149
1785,200
1786,207
1787,236
1788,194
1789,249
1790,202
1791,114
1792,93
1793,179
1794,157
1795,57
1796,229
1797,99
1798,175
1799,187
1800,207
1801,193
1802,177
1803,153
1804,144
1805,164
1806,57
1807,156
1808,200
1809,156
1810,151
1811,219
1812,224
1813,205
1814,156
1815,213
1816,136
1817,148
1818,88
1819,236
1820,226
1821,210
1822,174
1823,241
1824,219
1825,210
1826,230
1827,168
1828,166
1829,113
1830,125
1831,200
1832,202
1833,249
1834,134
1835,210
1836,211
1837,213
1838,208
1839,175
1840,224
1841,151
1842,245
1843,153
1844,252
1845,0
1846,143
1847,212
1848,141
1849,181
1850,235
1851,139
1852,205
1853,181
1854,164
1855,180
1856,164
1857,210
1858,239
1859,190
1860,157
1861,176
1862,138
1863,181
1864,183
1865,190
1866,175
1867,253
1868,208
1869,233
1870,196
1871,155
1872,20
1873,196
1874,221
1875,237
1876,171
1877,208
1878,245
1879,173
1880,158
1881,84
1882,217
1883,180
1884,248
1885,128
1886,102
1887,248
1888,154
1889,192
1890,214
1891,120
1892,128
1893,217
1894,252
1895,201
1896,204
1897,209
1898,183
1899,211
1900,186
1901,237
1902,218
1903,159
1904,208
1905,188
1906,225
1907,209
1908,181
1909,144
1910,203
1911,217
1912,188
1913,100
1914,132
1915,161
1916,218
1917,208
1918,110
1919,166
1920,235
1921,220
1922,233
1923,195
1924,139
1925,229
1926,226
1927,150
1928,177
1929,190
1930,131
1931,255
1932,234
1933,207
1934,189
1935,242
1936,197
1937,188
1938,117
1939,182
1940,172
1941,219
1942,228
1943,155
1944,246
1945,188
1946,145
1947,206
1948,244
1949,115
1950,133
1951,152
1952,210
1953,126
1954,240
1955,136
1956,178
1957,230
1958,187
1959,137
1960,161
1961,118
1962,130
1963,150
1964,74
1965,176
1966,218
1967,203
1968,247
1969,255
1970,240
1971,253
1972,182
1973,161
1974,225
1975,205
1976,214
1977,231
1978,205
1979,244
1980,184
1981,230
1982,235
1983,237
1984,225
1985,138
1986,242
1987,200
1988,245
1989,192
1990,244
1991,186
1992,242
1993,166
1994,47
1995,207
1996,67
1997,168
1998,182
1999,203
2000,186
2001,216
2002,208
2003,227
2004,156
2005,166
2006,198
2007,223
2008,208
2009,226
2010,218
2011,233
2012,237
2013,230
2014,170
2015,205
2016,221
2017,203
2018,194
2019,231
2020,198
2021,229
2022,65
2023,217
2024,190
2025,240
2026,229
2027,139
2028,208
2029,132
2030,254
2031,222
2032,222
2033,243
2034,178
2035,227
2036,130
2037,137
2038,170
2039,195
2040,156
2041,221
2042,57
2043,173
2044,245
2045,130
2046,256
2047,247
2048,195
2049,170
2050,70
2051,164
2052,176
2053,232
2054,224
2055,227
2056,212
2057,211
2058,216
2059,220
2060,93
2061,223
2062,113
2063,4
2064,97
2065,226
2066,227
2067,132
2068,78
2069,57
2070,183
2071,211
2072,194
2073,211
2074,253
2075,245
2076,159
2077,117
2078,236
2079,141
2080,195
2081,220
2082,226
2083,196
2084,224
2085,178
2086,140
2087,177
2088,216
2089,234
2090,158
2091,254
2092,152
2093,234
2094,214
2095,182
2096,241
2097,168
2098,220
2099,151
2100,201
2101,242
2102,165
2103,154
2104,202
2105,134
2106,242
2107,215
2108,174
2109,236
2110,182
2111,224
2112,169
2113,180
2114,212
2115,233
2116,197
2117,245
2118,223
2119,247
2120,186
2121,127
2122,206
2123,149
2124,229
2125,236
2126,181
2127,190
2128,148
2129,165
2130,231
2131,202
2132,148
2133,171
2134,169
2135,197
2136,218
2137,177
2138,256
2139,195
2140,205
2141,223
2142,189
2143,224
2144,232
2145,217
2146,168
2147,159
2148,220
2149,195
2150,184
2151,254
2152,166
2153,216
2154,237
2155,234
2156,246
2157,206
2158,136
2159,209
2160,129
2161,191
2162,57
2163,244
2164,239
2165,161
2166,237
2167,181
2168,177
2169,252
2170,235
2171,178
2172,138
2173,134
2174,162
2175,198
2176,241
2177,251
2178,207
2179,212
2180,256
2181,194
2182,174
2183,162
2184,167
2185,177
2186,138
2187,70
2188,207
2189,207
2190,174
2191,212
2192,149
2193,71
2194,249
2195,113
2196,150
2197,213
2198,151
2199,144
2200,146
2201,200
2202,239
2203,52
2204,191
2205,128
2206,245
2207,129
2208,176
2209,149
2210,142
2211,239
2212,141
2213,117
2214,209
2215,256
2216,229
2217,236
2218,214
2219,175
2220,192
2221,239
2222,210
2223,178
2224,85
2225,221
2226,215
2227,101
2228,144
2229,134
2230,237
2231,230
2232,152
2233,205
2234,169
2235,239
2236,104
2237,244
2238,224
2239,153
2240,175
2241,194
2242,195
2243,200
2244,166
2245,184
2246,164
2247,211
2248,227
2249,190
2250,225
2251,255
2252,124
2253,200
2254,250
2255,229
2256,123
2257,226
2258,175
2259,120
2260,210
2261,208
2262,235
2263,81
2264,245
2265,94
2266,229
2267,211
2268,0
2269,142
2270,174
2271,100
2272,250
2273,175
2274,234
2275,140
2276,256
2277,238
2278,171
2279,156
2280,237
2281,156
2282,176
2283,72
2284,252
2285,239
2286,122
2287,222
2288,236
2289,233
2290,229
2291,199
2292,244
2293,87
2294,166
2295,170
2296,163
2297,184
2298,251
2299,239
2300,220
2301,206
2302,250
2303,246
2304,245
2305,238
2306,162
2307,143
2308,206
2309,197
2310,192
2311,127
2312,249
2313,210
2314,251
2315,256
2316,177
2317,49
2318,118
2319,206
2320,211
2321,216
2322,232
2323,247
2324,243
2325,201
2326,164
2327,223
2328,160
2329,204
2330,210
2331,175
2332,207
2333,187
2334,230
2335,139
2336,181
2337,231
2338,224
2339,152
2340,238
2341,186
2342,256
2343,208
2344,196
2345,202
2346,220
2347,218
2348,234
2349,225
2350,169
2351,237
2352,154
2353,137
2354,154
2355,247
2356,213
2357,206
2358,210
2359,31
2360,215
2361,99
2362,106
2363,218
2364,221
2365,181
2366,143
2367,246
2368,152
2369,134
2370,242
2371,212
2372,141
2373,245
2374,230
2375,232
2376,224
2377,94
2378,255
2379,244
2380,212
2381,185
2382,93
2383,237
2384,244
2385,225
2386,164
2387,201
2388,213
2389,138
2390,235
2391,149
2392,141
2393,193
2394,132
2395,153
2396,129
2397,245
2398,157
2399,228
