0,46
1,243
2,236
3,188
4,211
5,146
6,191
7,107
8,202
9,131
10,153
11,206
12,234
13,238
14,246
15,133
16,153
17,222
18,140
19,136
20,124
21,177
22,173
23,206
24,8
25,142
26,183
27,153
28,144
29,222
30,228
31,162
32,182
33,176
34,122
35,99
36,235
37,187
38,228
39,244
40,168
41,233
42,172
43,104
44,174
45,239
46,221
47,209
48,158
49,59
50,182
51,157
52,241
53,243
54,212
55,164
56,190
57,169
58,176
59,157
60,98
61,187
62,157
63,214
64,204
65,144
66,220
67,140
68,151
69,169
70,134
71,187
72,215
73,215
74,168
75,118
76,117
77,150
78,166
79,205
80,217
81,166
82,195
83,191
84,194
85,161
86,197
87,248
88,217
89,198
90,187
91,143
92,112
93,239
94,189
95,182
96,138
97,152
98,210
99,228
100,191
101,239
102,211
103,226
104,115
105,147
106,192
107,192
108,162
109,104
110,226
111,204
112,211
113,77
114,207
115,195
116,108
117,169
118,222
119,212
120,200
121,69
122,204
123,230
124,205
125,180
126,173
127,202
128,175
129,133
130,176
131,191
132,216
133,88
134,178
135,170
136,98
137,212
138,191
139,209
140,143
141,213
142,97
143,208
144,213
145,182
146,184
147,204
148,130
149,231
150,130
151,130
152,172
153,164
154,152
155,232
156,246
157,64
158,214
159,199
160,212
161,179
162,131
163,156
164,229
165,236
166,167
167,213
168,159
169,232
170,218
171,161
172,151
173,239
174,150
175,148
176,159
177,117
178,165
179,190
180,176
181,179
182,129
183,89
184,215
185,184
186,168
187,222
188,131
189,182
190,112
191,240
192,182
193,115
194,161
195,217
196,176
197,225
198,243
199,176
200,150
201,224
202,227
203,174
204,181
205,198
206,210
207,195
208,213
209,215
210,124
211,199
212,213
213,217
214,207
215,204
216,209
217,81
218,189
219,215
220,203
221,176
222,245
223,178
224,200
225,227
226,187
227,242
228,216
229,217
230,149
231,200
232,147
233,136
234,160
235,105
236,188
237,127
238,172
239,233
240,176
241,157
242,235
243,214
244,175
245,222
246,204
247,91
248,228
249,154
250,167
251,166
252,202
253,141
254,190
255,171
256,225
257,160
258,202
259,237
260,233
261,151
262,194
263,208
264,166
265,187
266,125
267,187
268,169
269,210
270,238
271,108
272,127
273,158
274,100
275,222
276,192
277,170
278,168
279,178
280,119
281,234
282,135
283,161
284,186
285,45
286,138
287,164
288,212
289,195
290,217
291,230
292,231
293,198
294,179
295,238
296,180
297,183
298,213
299,228
300,198
301,163
302,216
303,188
304,208
305,233
306,237
307,146
308,208
309,181
310,213
311,159
312,180
313,118
314,155
315,157
316,198
317,229
318,178
319,97
320,148
321,130
322,202
323,233
324,234
325,192
326,221
327,238
328,232
329,128
330,157
331,199
332,247
333,217
334,228
335,203
336,202
337,212
338,185
339,189
340,244
341,129
342,100
343,166
344,148
345,153
346,180
347,154
348,248
349,162
350,248
351,198
352,141
353,136
354,204
355,203
356,203
357,163
358,216
359,185
360,154
361,174
362,202
363,137
364,148
365,193
366,74
367,210
368,226
369,191
370,212
371,202
372,237
373,140
374,129
375,154
376,172
377,172
378,157
379,189
380,165
381,157
382,116
383,158
384,221
385,145
386,130
387,219
388,150
389,238
390,166
391,179
392,224
393,146
394,176
395,242
396,229
397,215
398,241
399,114
400,180
401,128
402,245
403,243
404,206
405,125
406,85
407,174
408,202
409,232
410,241
411,232
412,218
413,160
414,102
415,212
416,238
417,251
418,171
419,191
420,174
421,86
422,178
423,145
424,222
425,230
426,125
427,230
428,198
429,154
430,244
431,233
432,119
433,218
434,186
435,152
436,169
437,208
438,220
439,194
440,144
441,235
442,138
443,109
444,207
445,127
446,187
447,195
448,226
449,213
450,219
451,177
452,252
453,139
454,232
455,172
456,222
457,232
458,213
459,201
460,238
461,122
462,174
463,229
464,244
465,149
466,116
467,196
468,210
469,246
470,157
471,234
472,157
473,125
474,186
475,173
476,239
477,182
478,187
479,246
480,192
481,163
482,199
483,224
484,102
485,232
486,119
487,231
488,249
489,119
490,225
491,242
492,148
493,225
494,129
495,251
496,225
497,233
498,173
499,172
500,220
501,239
502,234
503,247
504,169
505,195
506,221
507,189
508,216
509,207
510,152
511,210
512,216
513,135
514,176
515,244
516,236
517,174
518,233
519,232
520,228
521,167
522,162
523,247
524,188
525,242
526,183
527,158
528,214
529,207
530,217
531,230
532,151
533,233
534,219
535,209
536,230
537,163
538,244
539,195
540,206
541,185
542,147
543,211
544,232
545,194
546,169
547,234
548,214
549,200
550,128
551,207
552,186
553,170
554,247
555,209
556,136
557,199
558,148
559,232
560,229
561,246
562,146
563,227
564,149
565,216
566,168
567,228
568,225
569,201
570,219
571,225
572,206
573,201
574,241
575,160
576,224
577,235
578,198
579,242
580,220
581,246
582,205
583,174
584,203
585,154
586,192
587,179
588,192
589,233
590,216
591,164
592,210
593,157
594,152
595,154
596,210
597,235
598,145
599,149
600,157
601,242
602,111
603,111
604,175
605,234
606,160
607,165
608,200
609,118
610,159
611,198
612,193
613,95
614,232
615,140
616,84
617,187
618,235
619,188
620,66
621,205
622,234
623,176
624,149
625,208
626,186
627,223
628,232
629,139
630,221
631,230
632,143
633,155
634,220
635,216
636,241
637,176
638,173
639,119
640,208
641,179
642,240
643,189
644,205
645,174
646,241
647,193
648,216
649,94
650,145
651,221
652,206
653,230
654,206
655,212
656,171
657,216
658,187
659,227
660,143
661,219
662,193
663,190
664,196
665,201
666,228
667,214
668,132
669,211
670,163
671,154
672,191
673,185
674,242
675,211
676,200
677,162
678,146
679,166
680,222
681,153
682,164
683,216
684,227
685,210
686,158
687,233
688,219
689,192
690,97
691,218
692,123
693,249
694,239
695,188
696,141
697,198
698,153
699,152
700,145
701,241
702,236
703,244
704,154
705,202
706,109
707,180
708,153
709,244
710,152
711,227
712,144
713,228
714,175
715,138
716,167
717,249
718,203
719,94
720,216
721,193
722,166
723,109
724,186
725,121
726,200
727,105
728,132
729,210
730,216
731,120
732,182
733,170
734,242
735,188
736,218
737,171
738,183
739,100
740,193
741,223
742,154
743,242
744,231
745,138
746,203
747,163
748,162
749,198
750,98
751,206
752,211
753,192
754,198
755,221
756,205
757,220
758,242
759,135
760,174
761,252
762,246
763,232
764,227
765,220
766,237
767,162
768,205
769,202
770,243
771,104
772,225
773,200
774,132
775,241
776,207
777,238
778,217
779,243
780,178
781,220
782,157
783,213
784,131
785,215
786,80
787,165
788,139
789,220
790,182
791,145
792,117
793,200
794,235
795,119
796,106
797,243
798,102
799,124
800,232
801,171
802,196
803,237
804,244
805,181
806,157
807,208
808,224
809,195
810,199
811,211
812,181
813,165
814,207
815,213
816,138
817,205
818,234
819,201
820,176
821,173
822,233
823,207
824,196
825,192
826,229
827,166
828,243
829,210
830,198
831,209
832,174
833,227
834,182
835,197
836,192
837,176
838,248
839,231
840,151
841,134
842,185
843,219
844,157
845,119
846,177
847,241
848,204
849,222
850,209
851,72
852,153
853,161
854,188
855,172
856,206
857,244
858,207
859,224
860,214
861,169
862,204
863,168
864,189
865,234
866,225
867,242
868,242
869,242
870,183
871,221
872,219
873,196
874,183
875,224
876,176
877,195
878,207
879,180
880,108
881,206
882,205
883,174
884,192
885,147
886,224
887,245
888,186
889,244
890,214
891,112
892,172
893,208
894,186
895,170
896,191
897,113
898,201
899,218
900,177
901,151
902,196
903,184
904,228
905,151
906,219
907,165
908,179
909,175
910,154
911,224
912,131
913,214
914,159
915,241
916,210
917,178
918,182
919,79
920,196
921,176
922,163
923,190
924,212
925,191
926,165
927,207
928,157
929,212
930,137
931,132
932,187
933,223
934,204
935,186
936,167
937,236
938,190
939,149
940,176
941,219
942,179
943,172
944,215
945,134
946,171
947,136
948,212
949,169
950,179
951,171
952,224
953,237
954,190
955,244
956,210
957,211
958,176
959,94
960,207
961,240
962,120
963,222
964,185
965,136
966,127
967,178
968,167
969,223
970,222
971,192
972,200
973,50
974,193
975,157
976,204
977,132
978,219
979,241
980,210
981,190
982,198
983,180
984,168
985,238
986,201
987,236
988,238
989,167
990,240
991,139
992,187
993,230
994,213
995,212
996,189
997,244
998,161
999,224
1000,225
1001,152
1002,184
1003,245
1004,220
1005,235
1006,174
1007,214
1008,194
1009,202
1010,227
1011,196
1012,184
1013,205
1014,204
1015,231
1016,157
1017,214
1018,221
1019,246
1020,183
1021,248
1022,82
1023,169
1024,168
1025,227
1026,212
1027,130
1028,198
1029,190
1030,238
1031,151
1032,137
1033,166
1034,197
1035,206
1036,232
1037,194
1038,230
1039,183
1040,201
1041,173
1042,206
1043,174
1044,153
1045,224
1046,192
1047,167
1048,235
1049,120
1050,190
1051,201
1052,217
1053,191
1054,179
1055,198
1056,241
1057,206
1058,161
1059,217
1060,233
1061,177
1062,196
1063,179
1064,225
1065,209
1066,176
1067,233
1068,245
1069,210
1070,230
1071,211
1072,131
1073,233
1074,243
1075,187
1076,221
1077,197
1078,166
1079,189
1080,228
1081,153
1082,173
1083,132
1084,205
1085,221
1086,194
1087,151
1088,202
1089,180
1090,228
1091,182
1092,221
1093,173
1094,222
1095,238
1096,149
1097,235
1098,211
1099,225
1100,197
1101,226
1102,236
1103,226
1104,168
1105,215
1106,219
1107,160
1108,228
1109,221
1110,193
1111,168
1112,170
1113,230
1114,230
1115,177
1116,227
1117,147
1118,190
1119,178
1120,228
1121,203
1122,168
1123,143
1124,176
1125,189
1126,246
1127,228
1128,181
1129,211
1130,183
1131,242
1132,182
1133,238
1134,181
1135,188
1136,217
1137,216
1138,249
1139,199
1140,248
1141,198
1142,201
1143,118
1144,111
1145,161
1146,106
1147,251
1148,163
1149,197
1150,79
1151,228
1152,202
1153,179
1154,166
1155,186
1156,202
1157,218
1158,216
1159,221
1160,174
1161,233
1162,97
1163,248
1164,164
1165,243
1166,196
1167,225
1168,241
1169,220
1170,195
1171,189
1172,225
1173,208
1174,242
1175,248
1176,230
1177,179
1178,248
1179,137
1180,196
1181,165
1182,163
1183,155
1184,224
1185,242
1186,215
1187,198
1188,100
1189,200
1190,222
1191,119
1192,246
1193,216
1194,237
1195,248
1196,208
1197,186
1198,176
1199,234
1200,158
1201,246
1202,105
1203,220
1204,172
1205,156
1206,153
1207,170
1208,92
1209,208
1210,175
1211,209
1212,215
1213,201
1214,55
1215,94
1216,129
1217,188
1218,114
1219,250
1220,202
1221,198
1222,45
1223,135
1224,176
1225,75
1226,236
1227,98
1228,185
1229,236
1230,116
1231,58
1232,159
1233,168
1234,125
1235,179
1236,194
1237,149
1238,150
1239,223
1240,178
1241,158
1242,148
1243,224
1244,234
1245,250
1246,223
1247,154
1248,239
1249,171
1250,230
1251,178
1252,181
1253,179
1254,83
1255,104
1256,176
1257,238
1258,173
1259,148
1260,153
1261,214
1262,27
1263,247
1264,184
1265,192
1266,77
1267,121
1268,236
1269,202
1270,237
1271,199
1272,176
1273,219
1274,243
1275,230
1276,166
1277,88
1278,213
1279,251
1280,190
1281,120
1282,233
1283,133
1284,126
1285,130
1286,171
1287,2
1288,160
1289,144
1290,238
1291,223
1292,129
1293,194
1294,152
1295,144
1296,241
1297,107
1298,152
1299,57
1300,247
1301,168
1302,236
1303,181
1304,198
1305,228
1306,217
1307,231
1308,82
1309,172
1310,126
1311,177
1312,96
1313,210
1314,226
1315,223
1316,89
1317,177
1318,136
1319,215
1320,121
1321,56
1322,168
1323,239
1324,58
1325,162
1326,102
1327,89
1328,124
1329,217
1330,188
1331,117
1332,95
1333,135
1334,135
1335,112
1336,80
1337,163
1338,0
1339,209
1340,50
1341,196
1342,208
1343,193
1344,77
1345,106
1346,247
1347,95
1348,224
1349,184
1350,233
1351,0
1352,185
1353,0
1354,218
1355,115
1356,223
1357,214
1358,186
1359,148
1360,218
1361,101
1362,168
1363,59
1364,242
1365,242
1366,154
1367,201
1368,89
1369,129
1370,213
1371,207
1372,75
1373,143
1374,239
1375,248
1376,162
1377,194
1378,181
1379,234
1380,210
1381,92
1382,217
1383,232
1384,223
1385,17
1386,239
1387,214
1388,85
1389,32
1390,50
1391,225
1392,173
1393,127
1394,211
1395,73
1396,134
1397,77
1398,172
1399,174
1400,186
1401,211
1402,169
1403,204
1404,233
1405,153
1406,216
1407,135
1408,140
1409,221
1410,190
1411,208
1412,220
1413,217
1414,231
1415,131
1416,174
1417,130
1418,238
1419,196
1420,183
1421,227
1422,245
1423,141
1424,133
1425,239
1426,63
1427,111
1428,224
1429,213
1430,55
1431,167
1432,204
1433,97
1434,178
1435,241
1436,146
1437,148
1438,231
1439,241
1440,235
1441,118
1442,158
1443,247
1444,198
1445,219
1446,138
1447,142
1448,177
1449,107
1450,49
1451,179
1452,198
1453,124
1454,234
1455,245
1456,206
1457,84
1458,186
1459,159
1460,205
1461,226
1462,78
1463,156
1464,108
1465,193
1466,220
1467,222
1468,219
1469,171
1470,108
1471,191
1472,149
1473,152
1474,214
1475,204
1476,204
1477,104
1478,218
1479,165
1480,123
1481,158
1482,238
1483,229
1484,217
1485,142
1486,246
1487,162
1488,245
1489,235
1490,194
1491,82
1492,233
1493,215
1494,251
1495,229
1496,248
1497,223
1498,213
1499,145
1500,141
1501,191
1502,196
1503,161
1504,150
1505,178
1506,116
1507,92
1508,190
1509,198
1510,135
1511,188
1512,166
1513,80
1514,175
1515,233
1516,198
1517,223
1518,220
1519,126
1520,190
1521,236
1522,182
1523,85
1524,145
1525,219
1526,199
1527,207
1528,192
1529,228
1530,144
1531,121
1532,175
1533,235
1534,153
1535,109
1536,124
1537,175
1538,168
1539,219
1540,184
1541,236
1542,64
1543,223
1544,156
1545,115
1546,199
1547,161
1548,79
1549,177
1550,70
1551,89
1552,150
1553,183
1554,130
1555,155
1556,124
1557,213
1558,157
1559,152
1560,228
1561,143
1562,242
1563,144
1564,153
1565,153
1566,130
1567,176
1568,241
1569,70
1570,178
1571,175
1572,246
1573,237
1574,195
1575,242
1576,127
1577,86
1578,116
1579,235
1580,205
1581,166
1582,84
1583,233
1584,182
1585,197
1586,221
1587,135
1588,210
1589,158
1590,229
1591,214
1592,212
1593,206
1594,192
1595,26
1596,171
1597,157
1598,75
1599,128
1600,218
1601,179
1602,158
1603,184
1604,239
1605,220
1606,213
1607,170
1608,240
1609,194
1610,252
1611,145
1612,209
1613,226
1614,179
1615,180
1616,235
1617,181
1618,193
1619,184
1620,155
1621,216
1622,239
1623,168
1624,202
1625,194
1626,124
1627,107
1628,233
1629,133
1630,185
1631,217
1632,205
1633,196
1634,199
1635,234
1636,200
1637,239
1638,122
1639,216
1640,217
1641,182
1642,158
1643,194
1644,226
1645,214
1646,223
1647,253
1648,254
1649,251
1650,240
1651,245
1652,188
1653,154
1654,141
1655,248
1656,209
1657,191
1658,249
1659,216
1660,229
1661,181
1662,192
1663,213
1664,162
1665,249
1666,155
1667,183
1668,86
1669,162
1670,197
1671,201
1672,250
1673,255
1674,194
1675,245
1676,218
1677,232
1678,157
1679,108
1680,227
1681,166
1682,225
1683,194
1684,181
1685,236
1686,175
1687,221
1688,240
1689,153
1690,120
1691,155
1692,221
1693,202
1694,128
1695,170
1696,194
1697,0
1698,214
1699,248
1700,151
1701,217
1702,148
1703,228
1704,221
1705,198
1706,234
1707,109
1708,198
1709,227
1710,203
1711,224
1712,144
1713,131
1714,25
1715,217
1716,230
1717,207
1718,106
1719,227
1720,142
1721,104
1722,192
1723,54
1724,47
1725,206
1726,241
1727,198
1728,178
1729,132
1730,146
1731,222
1732,160
1733,203
1734,176
1735,199
1736,133
1737,106
1738,179
1739,231
1740,86
1741,127
1742,160
1743,234
1744,251
1745,178
1746,154
1747,93
1748,184
1749,176
1750,105
1751,151
1752,140
1753,101
1754,194
1755,208
1756,229
1757,146
1758,228
1759,192
1760,125
1761,48
1762,224
1763,158
1764,219
1765,154
1766,150
1767,177
1768,231
1769,161
1770,205
1771,117
1772,124
1773,167
1774,118
1775,245
1776,244
1777,156
1778,124
1779,176
1780,213
1781,200
1782,64
1783,43
1784,200
1785,166
1786,106
1787,228
1788,208
1789,132
1790,243
1791,249
1792,202
1793,65
1794,200
1795,234
1796,151
1797,188
1798,229
1799,183
1800,185
1801,227
1802,236
1803,125
1804,222
1805,220
1806,177
1807,201
1808,211
1809,225
1810,194
1811,207
1812,155
1813,246
1814,172
1815,180
1816,205
1817,182
1818,158
1819,43
1820,137
1821,196
1822,174
1823,146
1824,212
1825,162
1826,149
1827,204
1828,202
1829,231
1830,226
1831,235
1832,215
1833,158
1834,105
1835,209
1836,174
1837,142
1838,238
1839,210
1840,219
1841,241
1842,195
1843,153
1844,164
1845,133
1846,82
1847,155
1848,228
1849,106
1850,182
1851,194
1852,208
1853,179
1854,175
1855,120
1856,200
1857,243
1858,201
1859,209
1860,225
1861,162
1862,128
1863,233
1864,250
1865,131
1866,171
1867,244
1868,87
1869,249
1870,236
1871,214
1872,187
1873,197
1874,224
1875,230
1876,171
1877,154
1878,202
1879,157
1880,235
1881,174
1882,245
1883,220
1884,167
1885,213
1886,193
1887,130
1888,172
1889,176
1890,236
1891,129
1892,252
1893,240
1894,201
1895,246
1896,86
1897,194
1898,200
1899,171
1900,128
1901,234
1902,144
1903,203
1904,168
1905,210
1906,38
1907,163
1908,231
1909,143
1910,170
1911,249
1912,194
1913,108
1914,67
1915,241
1916,227
1917,239
1918,236
1919,146
1920,188
1921,180
1922,247
1923,211
1924,128
1925,154
1926,211
1927,109
1928,98
1929,171
1930,60
1931,75
1932,247
1933,158
1934,73
1935,254
1936,218
1937,180
1938,185
1939,141
1940,111
1941,237
1942,245
1943,190
1944,127
1945,114
1946,216
1947,222
1948,231
1949,230
1950,195
1951,193
1952,212
1953,195
1954,152
1955,108
1956,220
1957,183
1958,206
1959,209
1960,218
1961,169
1962,88
1963,178
1964,85
1965,216
1966,236
1967,187
1968,207
1969,248
1970,129
1971,191
1972,233
1973,117
1974,212
1975,206
1976,149
1977,177
1978,192
1979,191
1980,160
1981,239
1982,234
1983,217
1984,195
1985,206
1986,208
1987,253
1988,232
1989,242
1990,131
1991,126
1992,236
1993,229
1994,160
1995,232
1996,70
1997,142
1998,228
1999,205
2000,159
2001,46
2002,99
2003,105
2004,204
2005,164
2006,208
2007,241
2008,40
2009,38
2010,247
2011,127
2012,229
2013,211
2014,164
2015,133
2016,181
2017,250
2018,186
2019,226
2020,246
2021,151
2022,214
2023,245
2024,210
2025,84
2026,208
2027,203
2028,152
2029,45
2030,224
2031,208
2032,60
2033,216
2034,91
2035,201
2036,228
2037,156
2038,243
2039,181
2040,197
2041,131
2042,170
2043,236
2044,155
2045,61
2046,233
2047,61
2048,50
2049,167
2050,207
2051,151
2052,128
2053,147
2054,242
2055,236
2056,0
2057,116
2058,196
2059,234
2060,189
2061,157
2062,153
2063,151
2064,199
2065,184
2066,229
2067,142
2068,122
2069,100
2070,198
2071,243
2072,108
2073,213
2074,214
2075,228
2076,227
2077,210
2078,165
2079,157
2080,213
2081,161
2082,151
2083,192
2084,212
2085,152
2086,174
2087,198
2088,240
2089,227
2090,188
2091,58
2092,239
2093,126
2094,170
2095,238
2096,183
2097,164
2098,167
2099,174
2100,31
2101,203
2102,178
2103,156
2104,213
2105,185
2106,205
2107,113
2108,179
2109,150
2110,236
2111,78
2112,192
2113,24
2114,63
2115,202
2116,0
2117,153
2118,108
2119,239
2120,199
2121,187
2122,117
2123,136
2124,245
2125,29
2126,159
2127,237
2128,218
2129,71
2130,111
2131,236
2132,28
2133,218
2134,142
2135,0
2136,204
2137,98
2138,126
2139,0
2140,83
2141,119
2142,176
2143,216
2144,154
2145,201
2146,0
2147,239
2148,68
2149,110
2150,84
2151,206
2152,86
2153,171
2154,197
2155,191
2156,180
2157,184
2158,233
2159,199
2160,122
2161,125
2162,186
2163,163
2164,161
2165,233
2166,136
2167,0
2168,6
2169,243
2170,239
2171,49
2172,217
2173,193
2174,206
2175,177
2176,181
2177,227
2178,139
2179,229
2180,145
2181,237
2182,0
2183,170
2184,51
2185,208
2186,78
2187,230
2188,234
2189,68
2190,193
2191,2
2192,209
2193,130
2194,202
2195,81
2196,213
2197,85
2198,214
2199,170
2200,200
2201,60
2202,220
2203,161
2204,102
2205,238
2206,134
2207,152
2208,163
2209,95
2210,88
2211,177
2212,152
2213,66
2214,167
2215,211
2216,214
2217,175
2218,72
2219,106
2220,190
2221,132
2222,208
2223,213
2224,144
2225,200
2226,210
2227,120
2228,179
2229,209
2230,249
2231,76
2232,167
2233,230
2234,222
2235,189
2236,134
2237,158
2238,170
2239,199
2240,145
2241,245
2242,181
2243,213
2244,244
2245,207
2246,195
2247,178
2248,0
2249,132
2250,160
2251,190
2252,219
2253,136
2254,132
2255,180
2256,169
2257,0
2258,193
2259,111
2260,180
2261,176
2262,195
2263,206
2264,236
2265,190
2266,156
2267,209
2268,227
2269,88
2270,92
2271,235
2272,142
2273,212
2274,195
2275,213
2276,168
2277,111
2278,7
2279,117
2280,166
2281,199
2282,164
2283,166
2284,61
2285,246
2286,79
2287,204
2288,245
2289,199
2290,193
2291,205
2292,79
2293,174
2294,126
2295,243
2296,197
2297,198
2298,227
2299,123
2300,207
2301,171
2302,204
2303,242
2304,172
2305,122
2306,0
2307,0
2308,222
2309,199
2310,214
2311,153
2312,228
2313,231
2314,11
2315,134
2316,74
2317,111
2318,251
2319,121
2320,233
2321,191
2322,143
2323,195
2324,199
2325,217
2326,139
2327,236
2328,153
2329,242
2330,46
2331,175
2332,209
2333,193
2334,190
2335,229
2336,126
2337,136
2338,169
2339,135
2340,214
2341,193
2342,151
2343,154
2344,225
2345,220
2346,156
2347,194
2348,214
2349,221
2350,180
2351,135
2352,196
2353,181
2354,198
2355,188
2356,182
2357,175
2358,206
2359,183
2360,186
2361,150
2362,203
2363,90
2364,227
2365,132
2366,243
2367,94
2368,212
2369,227
2370,184
2371,67
2372,236
2373,191
2374,53
2375,110
2376,214
2377,85
2378,91
2379,241
2380,151
2381,119
2382,173
2383,217
2384,0
2385,137
2386,214
2387,217
2388,153
2389,108
2390,218
2391,201
2392,131
2393,121
2394,88
2395,190
2396,216
2397,139
2398,208
2399,215
