0,53
1,244
2,223
3,190
4,200
5,143
6,197
7,67
8,213
9,122
10,139
11,207
12,236
13,238
14,210
15,158
16,144
17,227
18,138
19,104
20,113
21,172
22,161
23,212
24,0
25,127
26,193
27,153
28,130
29,227
30,226
31,169
32,185
33,178
34,99
35,27
36,235
37,177
38,230
39,245
40,154
41,232
42,173
43,48
44,171
45,236
46,229
47,207
48,163
49,99
50,187
51,160
52,243
53,243
54,213
55,177
56,198
57,156
58,169
59,138
60,70
61,187
62,131
63,212
64,212
65,142
66,220
67,146
68,140
69,126
70,137
71,203
72,209
73,210
74,152
75,134
76,89
77,159
78,150
79,194
80,216
81,154
82,186
83,187
84,202
85,146
86,191
87,248
88,224
89,193
90,178
91,150
92,96
93,239
94,134
95,186
96,139
97,141
98,213
99,228
100,191
101,239
102,211
103,229
104,121
105,159
106,194
107,186
108,140
109,77
110,229
111,194
112,220
113,69
114,209
115,175
116,52
117,158
118,214
119,217
120,204
121,0
122,200
123,230
124,209
125,167
126,181
127,198
128,162
129,122
130,188
131,185
132,206
133,61
134,193
135,156
136,94
137,218
138,192
139,223
140,140
141,211
142,87
143,203
144,208
145,182
146,194
147,207
148,135
149,219
150,126
151,132
152,187
153,168
154,150
155,232
156,244
157,32
158,221
159,192
160,204
161,160
162,134
163,164
164,223
165,228
166,156
167,214
168,157
169,236
170,222
171,177
172,160
173,239
174,143
175,156
176,191
177,120
178,166
179,195
180,180
181,197
182,82
183,16
184,184
185,158
186,179
187,224
188,89
189,182
190,98
191,242
192,187
193,133
194,150
195,203
196,172
197,226
198,243
199,173
200,160
201,222
202,229
203,185
204,171
205,213
206,184
207,189
208,209
209,226
210,151
211,206
212,214
213,218
214,203
215,190
216,217
217,83
218,187
219,210
220,213
221,180
222,246
223,188
224,200
225,232
226,200
227,243
228,222
229,213
230,139
231,211
232,140
233,143
234,138
235,87
236,190
237,105
238,160
239,231
240,169
241,142
242,239
243,213
244,189
245,226
246,197
247,42
248,217
249,165
250,163
251,172
252,220
253,128
254,202
255,182
256,218
257,161
258,210
259,236
260,230
261,136
262,171
263,213
264,178
265,186
266,151
267,185
268,159
269,220
270,240
271,106
272,113
273,160
274,102
275,215
276,177
277,173
278,174
279,144
280,111
281,226
282,96
283,163
284,192
285,17
286,118
287,118
288,223
289,189
290,210
291,230
292,234
293,202
294,187
295,238
296,172
297,187
298,203
299,220
300,191
301,170
302,222
303,184
304,206
305,226
306,231
307,180
308,210
309,176
310,209
311,124
312,178
313,124
314,154
315,138
316,182
317,227
318,185
319,76
320,143
321,112
322,214
323,233
324,228
325,185
326,218
327,238
328,229
329,158
330,168
331,195
332,246
333,212
334,230
335,199
336,134
337,207
338,151
339,207
340,245
341,103
342,57
343,175
344,109
345,154
346,191
347,162
348,247
349,110
350,248
351,200
352,132
353,97
354,223
355,202
356,194
357,149
358,205
359,174
360,158
361,152
362,206
363,146
364,154
365,205
366,74
367,207
368,217
369,188
370,227
371,194
372,237
373,146
374,143
375,128
376,167
377,175
378,161
379,187
380,166
381,161
382,110
383,154
384,232
385,132
386,114
387,231
388,143
389,242
390,200
391,188
392,220
393,123
394,146
395,241
396,234
397,220
398,239
399,92
400,187
401,132
402,245
403,243
404,187
405,113
406,79
407,160
408,211
409,232
410,242
411,236
412,217
413,138
414,138
415,208
416,238
417,249
418,168
419,181
420,169
421,85
422,165
423,140
424,217
425,231
426,117
427,234
428,200
429,157
430,244
431,232
432,112
433,196
434,190
435,143
436,178
437,204
438,225
439,193
440,139
441,230
442,155
443,113
444,201
445,133
446,191
447,186
448,219
449,216
450,226
451,154
452,242
453,155
454,227
455,155
456,217
457,228
458,216
459,207
460,239
461,129
462,171
463,230
464,245
465,157
466,122
467,188
468,206
469,246
470,118
471,237
472,164
473,114
474,186
475,172
476,239
477,184
478,153
479,245
480,199
481,140
482,208
483,214
484,60
485,232
486,152
487,234
488,249
489,113
490,230
491,241
492,129
493,226
494,110
495,251
496,227
497,236
498,168
499,177
500,219
501,241
502,233
503,239
504,152
505,209
506,215
507,197
508,218
509,206
510,142
511,198
512,217
513,128
514,170
515,246
516,227
517,198
518,234
519,226
520,226
521,167
522,144
523,235
524,194
525,240
526,194
527,140
528,217
529,211
530,240
531,220
532,162
533,228
534,219
535,204
536,231
537,172
538,243
539,216
540,214
541,182
542,140
543,208
544,225
545,186
546,150
547,232
548,207
549,195
550,147
551,211
552,211
553,173
554,247
555,210
556,156
557,218
558,136
559,233
560,229
561,246
562,171
563,230
564,150
565,213
566,146
567,228
568,224
569,203
570,222
571,234
572,215
573,190
574,243
575,144
576,219
577,243
578,202
579,242
580,204
581,245
582,210
583,165
584,208
585,158
586,194
587,201
588,199
589,226
590,223
591,163
592,208
593,149
594,150
595,159
596,210
597,237
598,148
599,145
600,143
601,243
602,92
603,136
604,155
605,230
606,161
607,185
608,198
609,134
610,153
611,197
612,201
613,70
614,231
615,156
616,47
617,182
618,236
619,199
620,66
621,197
622,234
623,176
624,156
625,213
626,180
627,227
628,229
629,119
630,218
631,228
632,156
633,156
634,213
635,216
636,239
637,186
638,156
639,142
640,212
641,179
642,240
643,191
644,203
645,162
646,241
647,196
648,225
649,69
650,136
651,228
652,202
653,228
654,206
655,207
656,168
657,216
658,188
659,230
660,144
661,224
662,203
663,183
664,194
665,200
666,230
667,218
668,135
669,219
670,149
671,167
672,194
673,184
674,242
675,208
676,206
677,158
678,144
679,150
680,222
681,144
682,166
683,210
684,227
685,215
686,162
687,231
688,225
689,201
690,101
691,213
692,105
693,246
694,237
695,180
696,115
697,202
698,149
699,163
700,157
701,238
702,239
703,244
704,159
705,202
706,101
707,181
708,156
709,244
710,153
711,230
712,133
713,225
714,168
715,144
716,173
717,250
718,201
719,106
720,209
721,196
722,165
723,99
724,193
725,107
726,204
727,84
728,130
729,220
730,215
731,132
732,186
733,186
734,240
735,188
736,220
737,189
738,196
739,82
740,200
741,223
742,116
743,243
744,223
745,112
746,197
747,135
748,168
749,198
750,77
751,205
752,196
753,197
754,200
755,227
756,210
757,216
758,243
759,142
760,176
761,252
762,246
763,224
764,228
765,221
766,235
767,168
768,218
769,196
770,239
771,101
772,195
773,201
774,137
775,244
776,201
777,237
778,210
779,243
780,170
781,207
782,108
783,207
784,143
785,215
786,21
787,177
788,125
789,228
790,191
791,84
792,118
793,213
794,233
795,112
796,125
797,243
798,111
799,110
800,228
801,159
802,195
803,238
804,244
805,157
806,146
807,205
808,210
809,189
810,215
811,210
812,171
813,163
814,211
815,214
816,121
817,134
818,233
819,207
820,180
821,179
822,227
823,200
824,208
825,185
826,226
827,160
828,244
829,217
830,193
831,200
832,150
833,229
834,175
835,197
836,195
837,181
838,248
839,229
840,85
841,149
842,183
843,221
844,154
845,145
846,185
847,239
848,208
849,219
850,208
851,0
852,146
853,173
854,182
855,159
856,211
857,243
858,190
859,226
860,223
861,142
862,207
863,167
864,178
865,230
866,232
867,243
868,241
869,244
870,182
871,222
872,218
873,198
874,170
875,219
876,177
877,193
878,200
879,186
880,105
881,207
882,211
883,182
884,204
885,154
886,230
887,245
888,195
889,242
890,229
891,114
892,92
893,222
894,193
895,171
896,185
897,87
898,201
899,218
900,148
901,152
902,215
903,176
904,228
905,151
906,212
907,155
908,163
909,189
910,136
911,224
912,127
913,215
914,153
915,241
916,209
917,157
918,182
919,101
920,210
921,176
922,158
923,139
924,209
925,189
926,138
927,218
928,170
929,206
930,128
931,131
932,190
933,225
934,200
935,192
936,171
937,234
938,204
939,121
940,181
941,222
942,185
943,189
944,205
945,170
946,170
947,141
948,203
949,148
950,170
951,151
952,212
953,239
954,194
955,243
956,214
957,218
958,175
959,125
960,211
961,238
962,109
963,220
964,179
965,113
966,149
967,184
968,151
969,229
970,231
971,187
972,197
973,69
974,205
975,175
976,214
977,108
978,221
979,242
980,206
981,190
982,174
983,177
984,148
985,240
986,209
987,236
988,239
989,156
990,242
991,138
992,193
993,232
994,222
995,215
996,184
997,242
998,148
999,226
1000,220
1001,146
1002,182
1003,244
1004,219
1005,234
1006,158
1007,214
1008,193
1009,162
1010,230
1011,202
1012,175
1013,199
1014,214
1015,227
1016,152
1017,212
1018,220
1019,245
1020,190
1021,248
1022,95
1023,166
1024,160
1025,220
1026,217
1027,124
1028,200
1029,198
1030,238
1031,167
1032,140
1033,157
1034,201
1035,209
1036,233
1037,199
1038,226
1039,195
1040,200
1041,130
1042,205
1043,167
1044,160
1045,220
1046,190
1047,151
1048,237
1049,136
1050,188
1051,211
1052,207
1053,203
1054,205
1055,203
1056,242
1057,212
1058,145
1059,213
1060,230
1061,180
1062,207
1063,193
1064,230
1065,211
1066,178
1067,231
1068,244
1069,210
1070,235
1071,213
1072,135
1073,231
1074,242
1075,177
1076,216
1077,202
1078,162
1079,188
1080,224
1081,156
1082,187
1083,148
1084,210
1085,221
1086,214
1087,147
1088,199
1089,163
1090,224
1091,188
1092,225
1093,171
1094,222
1095,239
1096,127
1097,212
1098,211
1099,231
1100,206
1101,225
1102,237
1103,227
1104,160
1105,213
1106,221
1107,155
1108,224
1109,221
1110,182
1111,154
1112,168
1113,230
1114,225
1115,158
1116,225
1117,178
1118,192
1119,159
1120,226
1121,201
1122,165
1123,138
1124,180
1125,158
1126,245
1127,233
1128,191
1129,207
1130,193
1131,240
1132,181
1133,236
1134,175
1135,191
1136,216
1137,221
1138,249
1139,188
1140,245
1141,187
1142,199
1143,133
1144,123
1145,173
1146,74
1147,250
1148,147
1149,217
1150,110
1151,230
1152,190
1153,192
1154,186
1155,199
1156,197
1157,213
1158,206
1159,235
1160,172
1161,239
1162,120
1163,248
1164,161
1165,243
1166,168
1167,229
1168,235
1169,223
1170,183
1171,183
1172,229
1173,200
1174,242
1175,249
1176,219
1177,193
1178,248
1179,153
1180,196
1181,146
1182,174
1183,164
1184,226
1185,230
1186,227
1187,190
1188,114
1189,203
1190,221
1191,142
1192,246
1193,211
1194,228
1195,247
1196,192
1197,192
1198,182
1199,231
1200,166
1201,247
1202,111
1203,223
1204,182
1205,155
1206,136
1207,159
1208,102
1209,200
1210,146
1211,204
1212,210
1213,179
1214,62
1215,62
1216,132
1217,163
1218,123
1219,250
1220,199
1221,194
1222,17
1223,115
1224,170
1225,15
1226,240
1227,111
1228,152
1229,238
1230,120
1231,22
1232,139
1233,173
1234,62
1235,179
1236,196
1237,170
1238,140
1239,210
1240,184
1241,154
1242,139
1243,226
1244,228
1245,248
1246,176
1247,147
1248,239
1249,169
1250,221
1251,171
1252,175
1253,181
1254,27
1255,70
1256,180
1257,237
1258,163
1259,141
1260,140
1261,217
1262,21
1263,249
1264,175
1265,143
1266,90
1267,118
1268,235
1269,188
1270,231
1271,194
1272,159
1273,221
1274,246
1275,227
1276,171
1277,70
1278,187
1279,251
1280,135
1281,82
1282,233
1283,132
1284,129
1285,52
1286,142
1287,0
1288,156
1289,149
1290,232
1291,220
1292,129
1293,154
1294,130
1295,174
1296,243
1297,75
1298,172
1299,18
1300,246
1301,163
1302,242
1303,151
1304,202
1305,229
1306,216
1307,230
1308,35
1309,168
1310,88
1311,184
1312,110
1313,230
1314,236
1315,221
1316,84
1317,182
1318,119
1319,206
1320,83
1321,64
1322,154
1323,235
1324,83
1325,160
1326,108
1327,79
1328,145
1329,220
1330,186
1331,93
1332,128
1333,157
1334,167
1335,113
1336,117
1337,166
1338,0
1339,209
1340,89
1341,205
1342,217
1343,173
1344,85
1345,64
1346,248
1347,90
1348,214
1349,152
1350,234
1351,0
1352,196
1353,18
1354,226
1355,122
1356,222
1357,200
1358,138
1359,147
1360,230
1361,88
1362,176
1363,46
1364,244
1365,240
1366,168
1367,180
1368,124
1369,126
1370,226
1371,198
1372,75
1373,125
1374,240
1375,245
1376,136
1377,199
1378,176
1379,226
1380,211
1381,89
1382,217
1383,231
1384,222
1385,45
1386,241
1387,216
1388,11
1389,52
1390,116
1391,219
1392,143
1393,181
1394,204
1395,36
1396,138
1397,78
1398,176
1399,180
1400,179
1401,206
1402,143
1403,199
1404,224
1405,131
1406,213
1407,98
1408,151
1409,221
1410,177
1411,194
1412,223
1413,207
1414,230
1415,113
1416,149
1417,126
1418,230
1419,198
1420,159
1421,220
1422,246
1423,115
1424,129
1425,234
1426,22
1427,110
1428,207
1429,196
1430,36
1431,171
1432,216
1433,141
1434,151
1435,239
1436,171
1437,153
1438,230
1439,235
1440,232
1441,112
1442,128
1443,241
1444,193
1445,217
1446,118
1447,157
1448,195
1449,131
1450,0
1451,167
1452,201
1453,110
1454,237
1455,245
1456,199
1457,93
1458,175
1459,158
1460,203
1461,226
1462,27
1463,159
1464,67
1465,191
1466,210
1467,216
1468,221
1469,163
1470,117
1471,183
1472,158
1473,155
1474,226
1475,206
1476,199
1477,81
1478,222
1479,154
1480,97
1481,150
1482,234
1483,223
1484,221
1485,116
1486,246
1487,138
1488,243
1489,230
1490,205
1491,94
1492,223
1493,201
1494,251
1495,225
1496,248
1497,230
1498,220
1499,152
1500,146
1501,191
1502,203
1503,167
1504,92
1505,182
1506,11
1507,37
1508,188
1509,206
1510,114
1511,199
1512,179
1513,40
1514,134
1515,231
1516,199
1517,215
1518,228
1519,84
1520,180
1521,238
1522,189
1523,54
1524,112
1525,225
1526,175
1527,200
1528,200
1529,217
1530,124
1531,114
1532,173
1533,235
1534,149
1535,80
1536,118
1537,172
1538,130
1539,212
1540,186
1541,233
1542,51
1543,208
1544,144
1545,107
1546,193
1547,160
1548,27
1549,148
1550,41
1551,71
1552,172
1553,199
1554,156
1555,165
1556,135
1557,204
1558,178
1559,126
1560,228
1561,115
1562,242
1563,166
1564,133
1565,138
1566,103
1567,180
1568,238
1569,80
1570,179
1571,199
1572,246
1573,238
1574,166
1575,246
1576,133
1577,41
1578,102
1579,228
1580,206
1581,132
1582,114
1583,230
1584,188
1585,203
1586,220
1587,139
1588,202
1589,129
1590,238
1591,229
1592,212
1593,201
1594,163
1595,0
1596,146
1597,133
1598,88
1599,122
1600,224
1601,182
1602,146
1603,148
1604,239
1605,224
1606,193
1607,164
1608,228
1609,184
1610,252
1611,125
1612,182
1613,220
1614,142
1615,103
1616,231
1617,177
1618,188
1619,165
1620,133
1621,219
1622,239
1623,169
1624,204
1625,192
1626,107
1627,100
1628,232
1629,143
1630,171
1631,217
1632,206
1633,188
1634,192
1635,233
1636,200
1637,236
1638,34
1639,219
1640,207
1641,176
1642,127
1643,177
1644,224
1645,214
1646,221
1647,253
1648,254
1649,251
1650,231
1651,244
1652,177
1653,124
1654,140
1655,248
1656,186
1657,179
1658,247
1659,219
1660,228
1661,177
1662,196
1663,214
1664,149
1665,249
1666,168
1667,193
1668,100
1669,185
1670,186
1671,194
1672,251
1673,255
1674,183
1675,246
1676,221
1677,237
1678,158
1679,97
1680,223
1681,158
1682,224
1683,194
1684,166
1685,233
1686,173
1687,225
1688,237
1689,149
1690,103
1691,125
1692,217
1693,175
1694,126
1695,158
1696,211
1697,26
1698,214
1699,248
1700,142
1701,226
1702,144
1703,230
1704,202
1705,180
1706,221
1707,120
1708,170
1709,222
1710,196
1711,228
1712,138
1713,129
1714,18
1715,222
1716,235
1717,186
1718,35
1719,223
1720,139
1721,118
1722,190
1723,36
1724,32
1725,168
1726,236
1727,178
1728,172
1729,123
1730,102
1731,231
1732,143
1733,219
1734,137
1735,209
1736,141
1737,69
1738,202
1739,234
1740,63
1741,112
1742,158
1743,237
1744,250
1745,166
1746,150
1747,98
1748,177
1749,185
1750,72
1751,134
1752,112
1753,110
1754,186
1755,216
1756,221
1757,138
1758,224
1759,187
1760,107
1761,59
1762,223
1763,144
1764,214
1765,155
1766,156
1767,182
1768,227
1769,152
1770,203
1771,138
1772,136
1773,160
1774,100
1775,246
1776,242
1777,164
1778,129
1779,178
1780,218
1781,198
1782,27
1783,61
1784,209
1785,130
1786,116
1787,218
1788,210
1789,104
1790,238
1791,249
1792,207
1793,79
1794,204
1795,238
1796,148
1797,193
1798,224
1799,214
1800,183
1801,227
1802,230
1803,84
1804,212
1805,222
1806,197
1807,211
1808,199
1809,229
1810,189
1811,206
1812,118
1813,245
1814,164
1815,190
1816,206
1817,172
1818,154
1819,16
1820,139
1821,211
1822,181
1823,154
1824,208
1825,159
1826,144
1827,193
1828,206
1829,232
1830,213
1831,234
1832,214
1833,165
1834,49
1835,176
1836,184
1837,142
1838,239
1839,209
1840,215
1841,223
1842,215
1843,158
1844,142
1845,148
1846,54
1847,159
1848,230
1849,126
1850,188
1851,200
1852,207
1853,150
1854,191
1855,135
1856,208
1857,240
1858,192
1859,191
1860,222
1861,120
1862,151
1863,230
1864,247
1865,114
1866,211
1867,241
1868,71
1869,249
1870,230
1871,220
1872,189
1873,212
1874,218
1875,225
1876,122
1877,143
1878,192
1879,156
1880,242
1881,178
1882,245
1883,219
1884,169
1885,221
1886,192
1887,132
1888,171
1889,171
1890,237
1891,140
1892,252
1893,238
1894,201
1895,245
1896,54
1897,173
1898,186
1899,168
1900,85
1901,233
1902,125
1903,189
1904,167
1905,206
1906,36
1907,163
1908,230
1909,170
1910,171
1911,250
1912,187
1913,90
1914,66
1915,240
1916,249
1917,237
1918,234
1919,63
1920,201
1921,191
1922,249
1923,204
1924,86
1925,159
1926,166
1927,108
1928,70
1929,164
1930,23
1931,58
1932,247
1933,110
1934,28
1935,254
1936,203
1937,138
1938,190
1939,94
1940,108
1941,233
1942,244
1943,184
1944,103
1945,113
1946,218
1947,217
1948,228
1949,230
1950,197
1951,195
1952,187
1953,175
1954,144
1955,28
1956,212
1957,172
1958,198
1959,209
1960,220
1961,139
1962,76
1963,144
1964,72
1965,209
1966,236
1967,184
1968,208
1969,244
1970,124
1971,199
1972,227
1973,104
1974,189
1975,209
1976,139
1977,182
1978,193
1979,167
1980,163
1981,230
1982,234
1983,220
1984,177
1985,207
1986,207
1987,253
1988,230
1989,246
1990,108
1991,104
1992,233
1993,229
1994,165
1995,224
1996,23
1997,158
1998,229
1999,192
2000,152
2001,0
2002,99
2003,35
2004,198
2005,170
2006,213
2007,241
2008,37
2009,17
2010,246
2011,80
2012,227
2013,202
2014,122
2015,137
2016,161
2017,248
2018,202
2019,224
2020,246
2021,127
2022,206
2023,246
2024,185
2025,99
2026,205
2027,192
2028,143
2029,0
2030,223
2031,208
2032,62
2033,220
2034,81
2035,195
2036,234
2037,144
2038,243
2039,163
2040,199
2041,120
2042,157
2043,238
2044,149
2045,27
2046,230
2047,75
2048,0
2049,152
2050,196
2051,119
2052,78
2053,136
2054,236
2055,232
2056,15
2057,118
2058,198
2059,204
2060,186
2061,164
2062,133
2063,143
2064,205
2065,162
2066,228
2067,129
2068,144
2069,114
2070,206
2071,243
2072,85
2073,219
2074,212
2075,221
2076,222
2077,202
2078,177
2079,111
2080,203
2081,160
2082,110
2083,205
2084,217
2085,151
2086,176
2087,217
2088,231
2089,226
2090,191
2091,55
2092,236
2093,128
2094,173
2095,240
2096,109
2097,167
2098,168
2099,126
2100,57
2101,183
2102,173
2103,163
2104,196
2105,193
2106,200
2107,109
2108,178
2109,144
2110,234
2111,4
2112,183
2113,0
2114,49
2115,222
2116,15
2117,159
2118,156
2119,241
2120,210
2121,213
2122,157
2123,150
2124,245
2125,57
2126,174
2127,224
2128,225
2129,93
2130,167
2131,233
2132,52
2133,208
2134,139
2135,0
2136,218
2137,90
2138,178
2139,1
2140,77
2141,145
2142,168
2143,212
2144,156
2145,199
2146,40
2147,241
2148,106
2149,110
2150,100
2151,187
2152,86
2153,162
2154,217
2155,201
2156,181
2157,180
2158,225
2159,199
2160,142
2161,144
2162,150
2163,147
2164,143
2165,233
2166,164
2167,0
2168,7
2169,232
2170,238
2171,40
2172,215
2173,191
2174,214
2175,204
2176,176
2177,217
2178,148
2179,239
2180,126
2181,236
2182,0
2183,163
2184,79
2185,210
2186,65
2187,227
2188,231
2189,89
2190,184
2191,12
2192,201
2193,109
2194,202
2195,66
2196,182
2197,62
2198,224
2199,168
2200,187
2201,22
2202,210
2203,140
2204,129
2205,234
2206,115
2207,154
2208,165
2209,88
2210,106
2211,179
2212,120
2213,31
2214,169
2215,210
2216,217
2217,164
2218,29
2219,86
2220,187
2221,119
2222,218
2223,221
2224,136
2225,194
2226,198
2227,102
2228,176
2229,207
2230,249
2231,64
2232,145
2233,219
2234,225
2235,179
2236,138
2237,164
2238,154
2239,205
2240,135
2241,243
2242,174
2243,210
2244,244
2245,205
2246,181
2247,187
2248,0
2249,111
2250,179
2251,183
2252,221
2253,121
2254,128
2255,165
2256,166
2257,0
2258,190
2259,99
2260,170
2261,175
2262,202
2263,209
2264,230
2265,174
2266,138
2267,223
2268,232
2269,82
2270,0
2271,236
2272,135
2273,214
2274,160
2275,223
2276,148
2277,101
2278,3
2279,110
2280,171
2281,176
2282,163
2283,148
2284,89
2285,248
2286,84
2287,207
2288,242
2289,192
2290,148
2291,201
2292,61
2293,171
2294,137
2295,241
2296,153
2297,176
2298,224
2299,131
2300,194
2301,146
2302,199
2303,242
2304,171
2305,127
2306,0
2307,0
2308,218
2309,189
2310,212
2311,124
2312,214
2313,229
2314,10
2315,102
2316,51
2317,134
2318,251
2319,136
2320,233
2321,225
2322,123
2323,189
2324,174
2325,214
2326,129
2327,235
2328,151
2329,241
2330,96
2331,134
2332,199
2333,207
2334,202
2335,227
2336,120
2337,96
2338,173
2339,84
2340,219
2341,184
2342,142
2343,171
2344,239
2345,221
2346,113
2347,182
2348,213
2349,221
2350,177
2351,82
2352,198
2353,173
2354,195
2355,166
2356,160
2357,142
2358,210
2359,188
2360,160
2361,129
2362,212
2363,78
2364,211
2365,161
2366,244
2367,98
2368,206
2369,225
2370,182
2371,121
2372,236
2373,186
2374,62
2375,123
2376,216
2377,101
2378,86
2379,242
2380,158
2381,135
2382,159
2383,217
2384,0
2385,155
2386,198
2387,215
2388,138
2389,95
2390,218
2391,203
2392,116
2393,155
2394,91
2395,133
2396,214
2397,138
2398,192
2399,206
