0,53
1,243
2,232
3,160
4,211
5,143
6,201
7,31
8,192
9,116
10,151
11,181
12,228
13,226
14,251
15,135
16,163
17,210
18,167
19,76
20,119
21,157
22,163
23,201
24,0
25,118
26,185
27,147
28,98
29,236
30,218
31,158
32,173
33,146
34,95
35,30
36,223
37,173
38,227
39,241
40,131
41,216
42,161
43,36
44,176
45,233
46,212
47,188
48,137
49,94
50,164
51,129
52,239
53,242
54,205
55,165
56,193
57,170
58,162
59,130
60,67
61,173
62,140
63,190
64,205
65,28
66,224
67,135
68,124
69,124
70,138
71,197
72,203
73,217
74,133
75,141
76,114
77,127
78,182
79,210
80,218
81,158
82,200
83,189
84,189
85,108
86,189
87,248
88,212
89,210
90,153
91,141
92,92
93,221
94,145
95,168
96,103
97,134
98,201
99,223
100,179
101,236
102,217
103,229
104,123
105,134
106,197
107,170
108,177
109,108
110,228
111,206
112,220
113,3
114,209
115,191
116,98
117,160
118,220
119,184
120,200
121,0
122,206
123,226
124,199
125,144
126,184
127,188
128,148
129,81
130,191
131,203
132,203
133,93
134,189
135,123
136,75
137,221
138,188
139,196
140,112
141,207
142,90
143,175
144,209
145,174
146,193
147,205
148,94
149,219
150,122
151,145
152,163
153,166
154,154
155,210
156,236
157,111
158,197
159,186
160,210
161,156
162,114
163,138
164,228
165,231
166,181
167,219
168,165
169,236
170,199
171,174
172,154
173,239
174,142
175,139
176,183
177,93
178,131
179,194
180,177
181,157
182,61
183,94
184,177
185,164
186,141
187,227
188,76
189,169
190,97
191,241
192,177
193,133
194,138
195,214
196,155
197,222
198,243
199,175
200,157
201,219
202,214
203,185
204,175
205,189
206,189
207,178
208,196
209,235
210,146
211,221
212,215
213,219
214,199
215,200
216,196
217,72
218,171
219,204
220,214
221,174
222,242
223,175
224,190
225,214
226,155
227,240
228,209
229,215
230,55
231,207
232,116
233,137
234,138
235,96
236,184
237,115
238,153
239,227
240,145
241,128
242,238
243,208
244,181
245,210
246,198
247,60
248,220
249,156
250,163
251,188
252,190
253,135
254,200
255,170
256,220
257,170
258,189
259,239
260,217
261,110
262,214
263,199
264,129
265,184
266,125
267,173
268,189
269,210
270,239
271,72
272,125
273,159
274,81
275,219
276,155
277,171
278,166
279,158
280,98
281,235
282,92
283,153
284,207
285,57
286,128
287,164
288,193
289,174
290,207
291,229
292,227
293,211
294,170
295,237
296,140
297,184
298,194
299,198
300,200
301,176
302,220
303,183
304,210
305,226
306,236
307,139
308,215
309,178
310,221
311,90
312,186
313,123
314,152
315,119
316,186
317,215
318,170
319,43
320,152
321,151
322,203
323,217
324,223
325,164
326,214
327,238
328,231
329,167
330,175
331,171
332,245
333,211
334,219
335,204
336,136
337,197
338,160
339,204
340,244
341,138
342,64
343,147
344,113
345,142
346,170
347,163
348,246
349,151
350,248
351,191
352,112
353,86
354,199
355,209
356,191
357,145
358,214
359,173
360,108
361,167
362,179
363,138
364,152
365,212
366,89
367,205
368,237
369,181
370,228
371,209
372,234
373,128
374,115
375,151
376,166
377,159
378,155
379,200
380,153
381,156
382,28
383,148
384,229
385,113
386,90
387,232
388,120
389,240
390,160
391,183
392,232
393,105
394,135
395,242
396,230
397,219
398,237
399,99
400,164
401,127
402,233
403,244
404,187
405,107
406,105
407,154
408,194
409,223
410,236
411,222
412,207
413,128
414,83
415,184
416,237
417,249
418,154
419,175
420,162
421,97
422,157
423,122
424,192
425,228
426,108
427,225
428,175
429,161
430,226
431,215
432,70
433,246
434,170
435,92
436,167
437,212
438,216
439,179
440,137
441,224
442,121
443,72
444,201
445,80
446,187
447,185
448,213
449,212
450,203
451,135
452,235
453,132
454,213
455,168
456,212
457,212
458,211
459,209
460,231
461,110
462,168
463,231
464,244
465,125
466,91
467,191
468,182
469,246
470,165
471,226
472,157
473,114
474,179
475,171
476,235
477,172
478,127
479,244
480,191
481,153
482,199
483,203
484,74
485,229
486,123
487,223
488,248
489,113
490,212
491,227
492,136
493,206
494,107
495,251
496,220
497,232
498,158
499,175
500,228
501,238
502,232
503,240
504,158
505,199
506,176
507,193
508,200
509,213
510,116
511,236
512,209
513,120
514,156
515,244
516,232
517,152
518,223
519,234
520,218
521,166
522,109
523,230
524,173
525,241
526,190
527,141
528,195
529,212
530,230
531,229
532,158
533,223
534,221
535,198
536,225
537,151
538,239
539,213
540,151
541,196
542,142
543,204
544,226
545,187
546,155
547,235
548,215
549,168
550,136
551,182
552,178
553,169
554,244
555,214
556,151
557,212
558,160
559,232
560,229
561,247
562,182
563,225
564,140
565,190
566,130
567,225
568,228
569,212
570,214
571,226
572,185
573,206
574,234
575,138
576,225
577,245
578,162
579,242
580,211
581,244
582,184
583,171
584,186
585,159
586,191
587,194
588,184
589,221
590,223
591,132
592,181
593,154
594,120
595,132
596,208
597,236
598,157
599,135
600,146
601,240
602,96
603,96
604,144
605,233
606,155
607,156
608,194
609,114
610,124
611,183
612,182
613,61
614,222
615,110
616,4
617,179
618,237
619,183
620,55
621,198
622,224
623,169
624,120
625,191
626,170
627,214
628,221
629,134
630,209
631,216
632,90
633,160
634,200
635,210
636,236
637,171
638,158
639,91
640,213
641,188
642,228
643,176
644,200
645,176
646,235
647,172
648,207
649,89
650,117
651,214
652,209
653,222
654,185
655,201
656,149
657,201
658,202
659,212
660,134
661,206
662,176
663,162
664,177
665,188
666,234
667,215
668,126
669,217
670,97
671,155
672,177
673,161
674,241
675,199
676,204
677,163
678,150
679,129
680,216
681,136
682,153
683,220
684,216
685,214
686,140
687,223
688,209
689,199
690,111
691,219
692,78
693,246
694,239
695,175
696,137
697,184
698,143
699,127
700,132
701,235
702,236
703,244
704,167
705,212
706,68
707,185
708,168
709,235
710,153
711,229
712,118
713,233
714,177
715,131
716,170
717,247
718,193
719,97
720,207
721,189
722,160
723,66
724,199
725,117
726,187
727,88
728,120
729,220
730,215
731,123
732,169
733,194
734,238
735,193
736,221
737,161
738,182
739,75
740,180
741,215
742,108
743,243
744,224
745,103
746,198
747,139
748,158
749,221
750,85
751,188
752,209
753,192
754,210
755,218
756,200
757,222
758,240
759,119
760,187
761,252
762,244
763,207
764,222
765,221
766,238
767,163
768,229
769,194
770,231
771,101
772,237
773,199
774,141
775,244
776,193
777,236
778,200
779,243
780,184
781,224
782,83
783,191
784,150
785,179
786,75
787,199
788,111
789,224
790,193
791,110
792,128
793,210
794,226
795,116
796,98
797,240
798,86
799,117
800,224
801,147
802,190
803,242
804,243
805,131
806,104
807,202
808,206
809,196
810,220
811,215
812,173
813,137
814,206
815,207
816,142
817,170
818,236
819,177
820,173
821,182
822,223
823,203
824,198
825,182
826,230
827,141
828,243
829,209
830,194
831,205
832,123
833,208
834,159
835,166
836,183
837,180
838,248
839,234
840,70
841,158
842,205
843,212
844,144
845,136
846,136
847,239
848,201
849,219
850,207
851,0
852,111
853,158
854,174
855,141
856,194
857,245
858,159
859,226
860,213
861,149
862,200
863,174
864,176
865,233
866,228
867,238
868,245
869,243
870,176
871,210
872,220
873,176
874,164
875,220
876,167
877,201
878,182
879,192
880,152
881,170
882,198
883,167
884,194
885,137
886,220
887,243
888,182
889,240
890,201
891,78
892,105
893,199
894,163
895,170
896,165
897,52
898,197
899,208
900,197
901,136
902,207
903,154
904,230
905,150
906,203
907,151
908,181
909,163
910,145
911,207
912,104
913,214
914,153
915,241
916,199
917,161
918,186
919,77
920,153
921,158
922,166
923,172
924,197
925,161
926,142
927,203
928,152
929,212
930,118
931,123
932,138
933,227
934,178
935,157
936,171
937,233
938,192
939,154
940,163
941,218
942,159
943,167
944,219
945,168
946,186
947,130
948,203
949,145
950,154
951,141
952,226
953,236
954,208
955,242
956,194
957,218
958,156
959,121
960,182
961,238
962,45
963,228
964,191
965,117
966,137
967,188
968,145
969,223
970,230
971,158
972,172
973,60
974,167
975,133
976,196
977,110
978,216
979,239
980,205
981,219
982,181
983,173
984,179
985,236
986,196
987,217
988,238
989,127
990,240
991,150
992,158
993,206
994,219
995,200
996,178
997,236
998,161
999,211
1000,206
1001,149
1002,176
1003,245
1004,217
1005,233
1006,186
1007,187
1008,185
1009,165
1010,224
1011,194
1012,168
1013,186
1014,208
1015,226
1016,184
1017,190
1018,218
1019,245
1020,234
1021,246
1022,88
1023,178
1024,137
1025,224
1026,204
1027,83
1028,196
1029,185
1030,231
1031,162
1032,127
1033,154
1034,202
1035,198
1036,220
1037,164
1038,231
1039,156
1040,206
1041,117
1042,204
1043,166
1044,151
1045,227
1046,182
1047,171
1048,225
1049,132
1050,183
1051,172
1052,221
1053,166
1054,176
1055,147
1056,241
1057,209
1058,146
1059,216
1060,228
1061,152
1062,200
1063,177
1064,231
1065,205
1066,186
1067,234
1068,244
1069,210
1070,227
1071,199
1072,143
1073,232
1074,241
1075,202
1076,212
1077,193
1078,169
1079,176
1080,230
1081,144
1082,192
1083,141
1084,221
1085,218
1086,217
1087,122
1088,208
1089,148
1090,222
1091,182
1092,207
1093,173
1094,203
1095,240
1096,130
1097,222
1098,208
1099,217
1100,204
1101,225
1102,232
1103,226
1104,168
1105,217
1106,207
1107,135
1108,225
1109,197
1110,178
1111,129
1112,169
1113,220
1114,230
1115,196
1116,229
1117,166
1118,192
1119,143
1120,229
1121,210
1122,164
1123,174
1124,158
1125,155
1126,246
1127,221
1128,177
1129,208
1130,184
1131,237
1132,165
1133,238
1134,169
1135,214
1136,237
1137,188
1138,249
1139,190
1140,247
1141,201
1142,197
1143,126
1144,137
1145,143
1146,88
1147,249
1148,139
1149,207
1150,93
1151,232
1152,193
1153,200
1154,159
1155,193
1156,198
1157,225
1158,210
1159,228
1160,152
1161,238
1162,109
1163,248
1164,161
1165,236
1166,164
1167,215
1168,231
1169,205
1170,181
1171,199
1172,215
1173,189
1174,241
1175,248
1176,217
1177,203
1178,246
1179,149
1180,164
1181,154
1182,146
1183,150
1184,222
1185,242
1186,226
1187,201
1188,118
1189,210
1190,223
1191,113
1192,246
1193,188
1194,228
1195,248
1196,182
1197,190
1198,151
1199,236
1200,165
1201,248
1202,150
1203,204
1204,178
1205,182
1206,131
1207,179
1208,86
1209,212
1210,172
1211,212
1212,213
1213,211
1214,57
1215,129
1216,95
1217,194
1218,112
1219,251
1220,204
1221,207
1222,37
1223,95
1224,167
1225,27
1226,235
1227,110
1228,152
1229,232
1230,110
1231,54
1232,160
1233,176
1234,146
1235,180
1236,192
1237,189
1238,160
1239,209
1240,187
1241,149
1242,116
1243,222
1244,230
1245,248
1246,221
1247,143
1248,238
1249,165
1250,235
1251,173
1252,188
1253,174
1254,102
1255,107
1256,180
1257,236
1258,154
1259,124
1260,193
1261,221
1262,61
1263,246
1264,183
1265,168
1266,76
1267,89
1268,237
1269,192
1270,221
1271,196
1272,179
1273,221
1274,242
1275,210
1276,165
1277,54
1278,216
1279,248
1280,204
1281,89
1282,231
1283,147
1284,161
1285,43
1286,179
1287,0
1288,156
1289,157
1290,235
1291,223
1292,88
1293,193
1294,96
1295,161
1296,242
1297,97
1298,138
1299,72
1300,237
1301,153
1302,236
1303,158
1304,202
1305,231
1306,216
1307,230
1308,62
1309,170
1310,138
1311,170
1312,58
1313,223
1314,229
1315,223
1316,66
1317,176
1318,117
1319,207
1320,107
1321,81
1322,162
1323,241
1324,44
1325,163
1326,124
1327,62
1328,117
1329,220
1330,185
1331,123
1332,141
1333,156
1334,162
1335,115
1336,83
1337,138
1338,0
1339,216
1340,82
1341,184
1342,220
1343,206
1344,69
1345,74
1346,247
1347,134
1348,211
1349,159
1350,241
1351,0
1352,193
1353,0
1354,223
1355,102
1356,234
1357,215
1358,165
1359,149
1360,217
1361,117
1362,161
1363,55
1364,241
1365,243
1366,164
1367,171
1368,128
1369,120
1370,215
1371,204
1372,60
1373,162
1374,238
1375,242
1376,154
1377,203
1378,167
1379,223
1380,207
1381,103
1382,221
1383,233
1384,211
1385,32
1386,237
1387,211
1388,48
1389,59
1390,56
1391,224
1392,174
1393,176
1394,197
1395,70
1396,139
1397,77
1398,184
1399,177
1400,176
1401,209
1402,138
1403,208
1404,228
1405,151
1406,198
1407,85
1408,154
1409,213
1410,182
1411,199
1412,223
1413,217
1414,231
1415,133
1416,174
1417,127
1418,251
1419,192
1420,151
1421,228
1422,244
1423,112
1424,153
1425,235
1426,45
1427,113
1428,222
1429,218
1430,55
1431,176
1432,217
1433,143
1434,141
1435,243
1436,151
1437,147
1438,239
1439,243
1440,232
1441,96
1442,152
1443,243
1444,199
1445,223
1446,135
1447,147
1448,183
1449,86
1450,40
1451,182
1452,199
1453,115
1454,237
1455,247
1456,191
1457,61
1458,177
1459,167
1460,203
1461,236
1462,51
1463,167
1464,99
1465,192
1466,218
1467,225
1468,229
1469,168
1470,138
1471,200
1472,118
1473,155
1474,216
1475,205
1476,208
1477,82
1478,218
1479,166
1480,152
1481,158
1482,242
1483,229
1484,222
1485,185
1486,246
1487,186
1488,245
1489,232
1490,205
1491,62
1492,231
1493,210
1494,251
1495,232
1496,249
1497,228
1498,221
1499,174
1500,140
1501,184
1502,186
1503,164
1504,96
1505,167
1506,134
1507,74
1508,203
1509,199
1510,129
1511,194
1512,144
1513,77
1514,165
1515,234
1516,188
1517,220
1518,222
1519,102
1520,194
1521,239
1522,184
1523,95
1524,160
1525,225
1526,189
1527,207
1528,194
1529,230
1530,141
1531,124
1532,140
1533,242
1534,141
1535,90
1536,152
1537,155
1538,141
1539,232
1540,181
1541,238
1542,80
1543,221
1544,178
1545,128
1546,170
1547,161
1548,65
1549,175
1550,20
1551,78
1552,185
1553,187
1554,151
1555,160
1556,107
1557,217
1558,157
1559,130
1560,232
1561,98
1562,243
1563,189
1564,126
1565,167
1566,111
1567,168
1568,238
1569,34
1570,187
1571,175
1572,243
1573,236
1574,200
1575,246
1576,131
1577,128
1578,34
1579,233
1580,214
1581,142
1582,124
1583,234
1584,168
1585,199
1586,202
1587,152
1588,187
1589,122
1590,235
1591,224
1592,210
1593,203
1594,175
1595,10
1596,156
1597,120
1598,86
1599,142
1600,225
1601,208
1602,143
1603,169
1604,240
1605,224
1606,200
1607,160
1608,239
1609,194
1610,252
1611,146
1612,193
1613,223
1614,206
1615,153
1616,235
1617,201
1618,186
1619,174
1620,158
1621,213
1622,238
1623,174
1624,210
1625,203
1626,108
1627,148
1628,232
1629,181
1630,171
1631,231
1632,204
1633,196
1634,193
1635,234
1636,182
1637,230
1638,56
1639,214
1640,224
1641,182
1642,178
1643,187
1644,224
1645,217
1646,231
1647,254
1648,253
1649,247
1650,226
1651,245
1652,171
1653,147
1654,138
1655,248
1656,206
1657,179
1658,247
1659,223
1660,231
1661,164
1662,196
1663,218
1664,155
1665,248
1666,169
1667,193
1668,142
1669,177
1670,208
1671,205
1672,250
1673,255
1674,193
1675,243
1676,225
1677,237
1678,159
1679,146
1680,229
1681,161
1682,221
1683,210
1684,179
1685,240
1686,171
1687,224
1688,240
1689,147
1690,103
1691,138
1692,220
1693,182
1694,130
1695,170
1696,202
1697,0
1698,222
1699,248
1700,151
1701,225
1702,156
1703,226
1704,226
1705,196
1706,226
1707,133
1708,185
1709,230
1710,197
1711,221
1712,137
1713,141
1714,0
1715,225
1716,228
1717,202
1718,85
1719,214
1720,159
1721,121
1722,185
1723,52
1724,68
1725,194
1726,239
1727,176
1728,167
1729,151
1730,141
1731,231
1732,152
1733,214
1734,130
1735,205
1736,130
1737,151
1738,193
1739,223
1740,97
1741,150
1742,140
1743,235
1744,250
1745,145
1746,155
1747,99
1748,187
1749,177
1750,105
1751,143
1752,133
1753,85
1754,191
1755,215
1756,227
1757,141
1758,233
1759,195
1760,76
1761,55
1762,225
1763,146
1764,216
1765,141
1766,169
1767,159
1768,231
1769,152
1770,208
1771,136
1772,124
1773,163
1774,115
1775,244
1776,244
1777,165
1778,112
1779,182
1780,213
1781,197
1782,51
1783,61
1784,193
1785,178
1786,94
1787,230
1788,206
1789,88
1790,236
1791,245
1792,206
1793,102
1794,199
1795,238
1796,128
1797,187
1798,225
1799,212
1800,181
1801,227
1802,234
1803,117
1804,234
1805,212
1806,207
1807,218
1808,211
1809,228
1810,194
1811,201
1812,177
1813,250
1814,173
1815,179
1816,212
1817,184
1818,172
1819,71
1820,132
1821,202
1822,191
1823,152
1824,192
1825,168
1826,176
1827,216
1828,178
1829,232
1830,214
1831,233
1832,219
1833,166
1834,95
1835,198
1836,184
1837,138
1838,242
1839,210
1840,240
1841,226
1842,218
1843,158
1844,141
1845,139
1846,69
1847,165
1848,230
1849,162
1850,181
1851,204
1852,215
1853,149
1854,177
1855,138
1856,185
1857,239
1858,194
1859,209
1860,231
1861,106
1862,149
1863,233
1864,246
1865,112
1866,218
1867,244
1868,100
1869,248
1870,237
1871,230
1872,179
1873,213
1874,227
1875,232
1876,159
1877,166
1878,198
1879,179
1880,237
1881,163
1882,246
1883,224
1884,168
1885,219
1886,194
1887,145
1888,179
1889,162
1890,236
1891,102
1892,252
1893,240
1894,201
1895,246
1896,92
1897,196
1898,199
1899,167
1900,69
1901,230
1902,165
1903,199
1904,166
1905,200
1906,38
1907,161
1908,229
1909,152
1910,175
1911,247
1912,191
1913,99
1914,90
1915,240
1916,238
1917,238
1918,232
1919,113
1920,208
1921,185
1922,247
1923,200
1924,93
1925,172
1926,199
1927,132
1928,105
1929,169
1930,86
1931,127
1932,246
1933,148
1934,76
1935,254
1936,212
1937,182
1938,206
1939,187
1940,110
1941,242
1942,242
1943,184
1944,92
1945,126
1946,220
1947,219
1948,231
1949,230
1950,210
1951,206
1952,227
1953,183
1954,135
1955,145
1956,214
1957,193
1958,205
1959,207
1960,219
1961,145
1962,68
1963,152
1964,69
1965,220
1966,224
1967,191
1968,209
1969,244
1970,126
1971,189
1972,230
1973,121
1974,195
1975,200
1976,165
1977,177
1978,173
1979,196
1980,163
1981,232
1982,235
1983,229
1984,180
1985,206
1986,216
1987,254
1988,223
1989,248
1990,127
1991,97
1992,238
1993,224
1994,140
1995,232
1996,54
1997,153
1998,235
1999,210
2000,157
2001,68
2002,115
2003,42
2004,168
2005,178
2006,231
2007,236
2008,98
2009,0
2010,244
2011,108
2012,229
2013,233
2014,134
2015,110
2016,188
2017,248
2018,183
2019,225
2020,244
2021,138
2022,185
2023,245
2024,187
2025,83
2026,199
2027,202
2028,147
2029,40
2030,223
2031,208
2032,20
2033,229
2034,112
2035,209
2036,227
2037,156
2038,242
2039,156
2040,210
2041,106
2042,172
2043,239
2044,131
2045,75
2046,228
2047,68
2048,52
2049,166
2050,212
2051,126
2052,111
2053,132
2054,240
2055,236
2056,0
2057,124
2058,192
2059,244
2060,181
2061,172
2062,156
2063,128
2064,204
2065,195
2066,228
2067,96
2068,145
2069,107
2070,199
2071,242
2072,100
2073,217
2074,205
2075,223
2076,230
2077,201
2078,174
2079,171
2080,200
2081,141
2082,138
2083,205
2084,221
2085,150
2086,173
2087,196
2088,238
2089,234
2090,180
2091,26
2092,238
2093,115
2094,151
2095,232
2096,151
2097,196
2098,154
2099,135
2100,27
2101,186
2102,162
2103,156
2104,215
2105,189
2106,185
2107,115
2108,181
2109,130
2110,227
2111,17
2112,155
2113,0
2114,22
2115,211
2116,0
2117,149
2118,150
2119,244
2120,223
2121,221
2122,141
2123,134
2124,244
2125,32
2126,193
2127,243
2128,222
2129,73
2130,154
2131,236
2132,14
2133,220
2134,134
2135,0
2136,207
2137,116
2138,182
2139,4
2140,66
2141,118
2142,176
2143,221
2144,154
2145,182
2146,53
2147,240
2148,78
2149,98
2150,106
2151,203
2152,81
2153,153
2154,222
2155,211
2156,182
2157,186
2158,221
2159,220
2160,120
2161,114
2162,164
2163,155
2164,182
2165,230
2166,164
2167,0
2168,10
2169,245
2170,239
2171,83
2172,215
2173,181
2174,215
2175,190
2176,156
2177,229
2178,140
2179,239
2180,129
2181,238
2182,0
2183,182
2184,75
2185,218
2186,101
2187,232
2188,233
2189,95
2190,206
2191,0
2192,207
2193,109
2194,207
2195,48
2196,218
2197,125
2198,219
2199,161
2200,212
2201,46
2202,224
2203,146
2204,105
2205,236
2206,116
2207,137
2208,166
2209,79
2210,114
2211,171
2212,166
2213,59
2214,159
2215,218
2216,203
2217,169
2218,52
2219,112
2220,183
2221,116
2222,207
2223,220
2224,121
2225,199
2226,211
2227,110
2228,149
2229,208
2230,248
2231,98
2232,131
2233,231
2234,222
2235,194
2236,141
2237,160
2238,159
2239,201
2240,151
2241,247
2242,186
2243,199
2244,244
2245,193
2246,199
2247,167
2248,0
2249,73
2250,167
2251,209
2252,222
2253,145
2254,149
2255,186
2256,163
2257,25
2258,186
2259,95
2260,186
2261,210
2262,184
2263,207
2264,243
2265,164
2266,156
2267,217
2268,233
2269,76
2270,84
2271,234
2272,128
2273,219
2274,180
2275,208
2276,151
2277,121
2278,0
2279,118
2280,188
2281,145
2282,145
2283,141
2284,77
2285,246
2286,81
2287,193
2288,242
2289,197
2290,162
2291,221
2292,32
2293,169
2294,124
2295,243
2296,170
2297,210
2298,228
2299,104
2300,203
2301,186
2302,185
2303,240
2304,176
2305,127
2306,0
2307,0
2308,222
2309,177
2310,214
2311,133
2312,222
2313,230
2314,64
2315,130
2316,81
2317,112
2318,251
2319,148
2320,239
2321,179
2322,141
2323,183
2324,185
2325,204
2326,136
2327,239
2328,182
2329,241
2330,93
2331,146
2332,200
2333,175
2334,182
2335,230
2336,106
2337,112
2338,164
2339,124
2340,216
2341,187
2342,174
2343,165
2344,243
2345,223
2346,155
2347,233
2348,219
2349,218
2350,172
2351,91
2352,194
2353,166
2354,197
2355,180
2356,176
2357,116
2358,198
2359,191
2360,187
2361,58
2362,184
2363,77
2364,237
2365,159
2366,243
2367,53
2368,198
2369,237
2370,197
2371,89
2372,235
2373,181
2374,70
2375,140
2376,215
2377,114
2378,65
2379,240
2380,165
2381,131
2382,174
2383,222
2384,13
2385,141
2386,208
2387,225
2388,144
2389,101
2390,210
2391,185
2392,120
2393,91
2394,100
2395,183
2396,218
2397,133
2398,213
2399,211
