0,6
1,242
2,230
3,181
4,217
5,155
6,175
7,64
8,193
9,121
10,107
11,178
12,228
13,227
14,246
15,151
16,150
17,207
18,160
19,71
20,123
21,168
22,123
23,193
24,34
25,125
26,182
27,152
28,102
29,224
30,219
31,156
32,159
33,157
34,117
35,29
36,227
37,178
38,215
39,239
40,114
41,226
42,173
43,26
44,189
45,226
46,209
47,184
48,162
49,84
50,165
51,118
52,242
53,243
54,207
55,183
56,194
57,154
58,175
59,133
60,64
61,170
62,157
63,187
64,209
65,113
66,196
67,132
68,133
69,142
70,140
71,191
72,201
73,211
74,145
75,147
76,145
77,163
78,188
79,198
80,218
81,158
82,198
83,197
84,186
85,105
86,191
87,248
88,216
89,208
90,130
91,144
92,111
93,221
94,165
95,189
96,114
97,134
98,201
99,223
100,171
101,235
102,202
103,232
104,99
105,137
106,192
107,173
108,173
109,122
110,223
111,180
112,218
113,34
114,207
115,172
116,93
117,140
118,212
119,185
120,198
121,0
122,181
123,226
124,206
125,133
126,176
127,194
128,148
129,64
130,164
131,196
132,202
133,71
134,207
135,147
136,129
137,218
138,179
139,198
140,117
141,213
142,99
143,184
144,204
145,176
146,165
147,204
148,81
149,215
150,119
151,142
152,143
153,160
154,156
155,232
156,236
157,70
158,201
159,188
160,209
161,164
162,118
163,136
164,229
165,224
166,175
167,213
168,170
169,233
170,192
171,165
172,164
173,239
174,104
175,124
176,203
177,91
178,139
179,198
180,150
181,153
182,58
183,124
184,190
185,165
186,131
187,196
188,75
189,165
190,103
191,241
192,190
193,147
194,135
195,213
196,147
197,210
198,245
199,165
200,131
201,219
202,211
203,189
204,164
205,184
206,196
207,183
208,209
209,228
210,158
211,204
212,209
213,223
214,195
215,209
216,206
217,47
218,173
219,202
220,209
221,176
222,245
223,173
224,191
225,216
226,181
227,241
228,210
229,213
230,90
231,205
232,116
233,145
234,117
235,104
236,171
237,137
238,164
239,224
240,162
241,129
242,239
243,214
244,147
245,204
246,196
247,71
248,222
249,168
250,169
251,173
252,159
253,119
254,202
255,187
256,218
257,154
258,184
259,239
260,225
261,113
262,176
263,199
264,117
265,192
266,121
267,171
268,162
269,212
270,241
271,82
272,138
273,160
274,105
275,220
276,153
277,173
278,180
279,164
280,100
281,233
282,121
283,153
284,199
285,64
286,145
287,162
288,193
289,164
290,203
291,234
292,229
293,205
294,184
295,236
296,154
297,180
298,198
299,216
300,197
301,164
302,219
303,187
304,212
305,229
306,240
307,142
308,202
309,167
310,236
311,119
312,180
313,110
314,166
315,152
316,194
317,217
318,156
319,98
320,148
321,137
322,192
323,211
324,226
325,170
326,210
327,238
328,230
329,156
330,155
331,169
332,247
333,206
334,217
335,174
336,171
337,199
338,169
339,215
340,243
341,140
342,59
343,150
344,121
345,158
346,153
347,159
348,246
349,94
350,250
351,192
352,126
353,92
354,203
355,206
356,184
357,159
358,213
359,158
360,110
361,158
362,184
363,160
364,148
365,200
366,88
367,201
368,232
369,183
370,225
371,202
372,238
373,114
374,108
375,155
376,171
377,168
378,151
379,203
380,132
381,158
382,108
383,164
384,226
385,128
386,109
387,224
388,148
389,238
390,140
391,188
392,228
393,108
394,153
395,240
396,230
397,221
398,237
399,118
400,163
401,115
402,232
403,245
404,188
405,121
406,74
407,155
408,188
409,224
410,234
411,220
412,207
413,152
414,110
415,193
416,238
417,248
418,161
419,168
420,142
421,87
422,157
423,152
424,200
425,227
426,105
427,226
428,173
429,154
430,223
431,221
432,72
433,227
434,152
435,110
436,165
437,205
438,196
439,180
440,155
441,227
442,141
443,46
444,183
445,83
446,194
447,186
448,220
449,211
450,203
451,131
452,244
453,141
454,207
455,124
456,209
457,224
458,210
459,201
460,231
461,115
462,166
463,231
464,237
465,129
466,89
467,194
468,184
469,246
470,121
471,224
472,168
473,119
474,172
475,158
476,233
477,165
478,136
479,243
480,191
481,143
482,184
483,205
484,59
485,225
486,112
487,223
488,249
489,120
490,219
491,224
492,141
493,209
494,114
495,249
496,219
497,233
498,149
499,173
500,229
501,240
502,226
503,241
504,154
505,200
506,180
507,184
508,201
509,203
510,121
511,196
512,217
513,141
514,177
515,245
516,228
517,168
518,235
519,230
520,215
521,173
522,121
523,240
524,175
525,236
526,179
527,164
528,219
529,211
530,239
531,228
532,167
533,212
534,223
535,180
536,232
537,145
538,239
539,209
540,206
541,161
542,140
543,188
544,231
545,173
546,147
547,234
548,217
549,183
550,161
551,171
552,182
553,183
554,243
555,180
556,161
557,213
558,146
559,234
560,221
561,247
562,137
563,226
564,134
565,185
566,103
567,210
568,207
569,200
570,192
571,223
572,187
573,181
574,225
575,139
576,215
577,239
578,176
579,236
580,210
581,244
582,184
583,146
584,190
585,167
586,181
587,214
588,185
589,221
590,221
591,148
592,198
593,144
594,132
595,144
596,212
597,237
598,151
599,162
600,155
601,239
602,108
603,114
604,140
605,226
606,152
607,160
608,196
609,116
610,150
611,185
612,215
613,90
614,225
615,152
616,26
617,162
618,237
619,182
620,87
621,184
622,221
623,184
624,159
625,194
626,176
627,212
628,226
629,184
630,206
631,223
632,98
633,153
634,203
635,209
636,231
637,177
638,191
639,104
640,208
641,192
642,225
643,191
644,200
645,148
646,233
647,175
648,213
649,81
650,116
651,210
652,208
653,223
654,184
655,208
656,140
657,204
658,195
659,214
660,134
661,207
662,177
663,167
664,196
665,189
666,236
667,214
668,148
669,214
670,114
671,152
672,171
673,169
674,243
675,201
676,204
677,158
678,163
679,123
680,219
681,128
682,147
683,216
684,219
685,213
686,152
687,229
688,206
689,199
690,121
691,219
692,78
693,241
694,239
695,168
696,123
697,182
698,133
699,121
700,130
701,228
702,235
703,246
704,149
705,216
706,83
707,163
708,146
709,232
710,162
711,233
712,108
713,232
714,169
715,122
716,171
717,245
718,195
719,104
720,207
721,191
722,163
723,119
724,202
725,137
726,188
727,0
728,117
729,212
730,213
731,106
732,166
733,193
734,239
735,198
736,219
737,147
738,190
739,90
740,176
741,223
742,110
743,244
744,228
745,119
746,200
747,139
748,163
749,198
750,109
751,190
752,208
753,203
754,198
755,221
756,201
757,218
758,236
759,139
760,166
761,252
762,242
763,221
764,224
765,216
766,238
767,166
768,226
769,183
770,229
771,94
772,246
773,180
774,132
775,243
776,196
777,240
778,207
779,244
780,170
781,208
782,105
783,198
784,69
785,191
786,59
787,175
788,94
789,223
790,202
791,116
792,122
793,201
794,228
795,118
796,123
797,237
798,94
799,135
800,223
801,175
802,188
803,241
804,244
805,137
806,130
807,205
808,210
809,201
810,213
811,213
812,175
813,143
814,210
815,203
816,142
817,167
818,239
819,185
820,167
821,170
822,227
823,213
824,195
825,175
826,228
827,138
828,244
829,210
830,224
831,206
832,112
833,215
834,175
835,170
836,188
837,175
838,248
839,231
840,132
841,112
842,168
843,219
844,149
845,137
846,179
847,240
848,197
849,221
850,203
851,13
852,124
853,155
854,192
855,141
856,195
857,243
858,178
859,230
860,223
861,165
862,202
863,173
864,165
865,225
866,227
867,241
868,241
869,244
870,168
871,207
872,217
873,175
874,160
875,223
876,168
877,185
878,175
879,180
880,146
881,168
882,213
883,166
884,187
885,143
886,227
887,242
888,165
889,238
890,195
891,86
892,156
893,200
894,176
895,165
896,169
897,61
898,184
899,206
900,182
901,145
902,216
903,153
904,231
905,151
906,208
907,135
908,168
909,156
910,123
911,217
912,102
913,214
914,157
915,241
916,198
917,167
918,194
919,59
920,154
921,151
922,145
923,202
924,197
925,165
926,183
927,198
928,142
929,216
930,126
931,115
932,145
933,225
934,175
935,169
936,219
937,231
938,200
939,130
940,160
941,217
942,153
943,149
944,209
945,172
946,198
947,132
948,199
949,154
950,138
951,166
952,218
953,237
954,174
955,238
956,191
957,213
958,170
959,64
960,197
961,222
962,129
963,200
964,199
965,131
966,120
967,188
968,127
969,233
970,227
971,181
972,163
973,78
974,167
975,144
976,198
977,136
978,212
979,235
980,212
981,177
982,117
983,141
984,162
985,236
986,183
987,218
988,237
989,129
990,246
991,146
992,160
993,201
994,222
995,208
996,155
997,234
998,163
999,224
1000,206
1001,157
1002,181
1003,245
1004,221
1005,237
1006,168
1007,183
1008,207
1009,189
1010,232
1011,196
1012,187
1013,196
1014,219
1015,226
1016,176
1017,191
1018,220
1019,246
1020,181
1021,247
1022,124
1023,124
1024,150
1025,222
1026,207
1027,97
1028,194
1029,182
1030,233
1031,161
1032,116
1033,160
1034,210
1035,193
1036,234
1037,170
1038,226
1039,173
1040,190
1041,138
1042,209
1043,171
1044,137
1045,228
1046,188
1047,175
1048,222
1049,124
1050,195
1051,193
1052,218
1053,162
1054,174
1055,161
1056,243
1057,211
1058,165
1059,204
1060,229
1061,165
1062,199
1063,178
1064,225
1065,213
1066,170
1067,235
1068,244
1069,210
1070,224
1071,207
1072,139
1073,215
1074,239
1075,193
1076,217
1077,197
1078,159
1079,183
1080,228
1081,156
1082,175
1083,144
1084,214
1085,223
1086,222
1087,127
1088,201
1089,137
1090,222
1091,187
1092,209
1093,189
1094,210
1095,239
1096,103
1097,229
1098,209
1099,216
1100,201
1101,228
1102,236
1103,223
1104,176
1105,216
1106,211
1107,167
1108,225
1109,210
1110,189
1111,156
1112,186
1113,223
1114,229
1115,170
1116,230
1117,166
1118,194
1119,165
1120,230
1121,218
1122,168
1123,145
1124,162
1125,152
1126,246
1127,223
1128,169
1129,206
1130,169
1131,239
1132,170
1133,238
1134,167
1135,178
1136,231
1137,180
1138,247
1139,194
1140,248
1141,182
1142,194
1143,132
1144,138
1145,138
1146,41
1147,250
1148,131
1149,216
1150,86
1151,232
1152,194
1153,188
1154,150
1155,193
1156,205
1157,213
1158,204
1159,231
1160,156
1161,233
1162,107
1163,247
1164,150
1165,237
1166,166
1167,221
1168,231
1169,212
1170,188
1171,190
1172,208
1173,193
1174,241
1175,248
1176,219
1177,202
1178,247
1179,135
1180,166
1181,133
1182,155
1183,150
1184,220
1185,238
1186,224
1187,200
1188,131
1189,218
1190,223
1191,126
1192,246
1193,195
1194,227
1195,248
1196,166
1197,188
1198,159
1199,235
1200,166
1201,249
1202,127
1203,205
1204,204
1205,183
1206,137
1207,171
1208,143
1209,208
1210,178
1211,209
1212,215
1213,210
1214,72
1215,142
1216,116
1217,196
1218,153
1219,249
1220,205
1221,220
1222,63
1223,149
1224,187
1225,58
1226,240
1227,102
1228,148
1229,234
1230,132
1231,62
1232,168
1233,172
1234,129
1235,187
1236,186
1237,187
1238,166
1239,207
1240,184
1241,151
1242,109
1243,234
1244,230
1245,249
1246,230
1247,136
1248,238
1249,185
1250,234
1251,181
1252,186
1253,191
1254,121
1255,81
1256,164
1257,238
1258,170
1259,125
1260,163
1261,215
1262,67
1263,247
1264,190
1265,155
1266,70
1267,103
1268,237
1269,220
1270,219
1271,191
1272,190
1273,222
1274,246
1275,214
1276,155
1277,88
1278,217
1279,244
1280,166
1281,91
1282,234
1283,158
1284,154
1285,71
1286,177
1287,32
1288,153
1289,189
1290,236
1291,224
1292,109
1293,209
1294,124
1295,154
1296,239
1297,98
1298,170
1299,85
1300,247
1301,156
1302,240
1303,162
1304,212
1305,234
1306,220
1307,230
1308,84
1309,168
1310,131
1311,175
1312,120
1313,221
1314,235
1315,222
1316,104
1317,188
1318,124
1319,209
1320,145
1321,100
1322,169
1323,245
1324,78
1325,154
1326,154
1327,93
1328,139
1329,219
1330,188
1331,102
1332,159
1333,167
1334,169
1335,167
1336,123
1337,153
1338,21
1339,214
1340,119
1341,195
1342,221
1343,208
1344,133
1345,100
1346,247
1347,139
1348,217
1349,157
1350,241
1351,0
1352,193
1353,0
1354,225
1355,125
1356,228
1357,208
1358,178
1359,177
1360,232
1361,116
1362,185
1363,72
1364,243
1365,242
1366,176
1367,180
1368,152
1369,129
1370,222
1371,199
1372,110
1373,141
1374,234
1375,249
1376,152
1377,197
1378,174
1379,225
1380,205
1381,120
1382,213
1383,232
1384,202
1385,133
1386,240
1387,218
1388,56
1389,43
1390,102
1391,219
1392,181
1393,211
1394,222
1395,82
1396,141
1397,108
1398,198
1399,185
1400,182
1401,215
1402,138
1403,208
1404,227
1405,155
1406,204
1407,117
1408,153
1409,221
1410,177
1411,203
1412,220
1413,208
1414,231
1415,126
1416,170
1417,126
1418,239
1419,194
1420,171
1421,222
1422,246
1423,119
1424,130
1425,233
1426,49
1427,123
1428,223
1429,210
1430,50
1431,193
1432,222
1433,115
1434,143
1435,239
1436,177
1437,153
1438,233
1439,244
1440,233
1441,113
1442,157
1443,249
1444,206
1445,224
1446,141
1447,173
1448,187
1449,96
1450,130
1451,200
1452,195
1453,111
1454,237
1455,246
1456,200
1457,72
1458,172
1459,172
1460,196
1461,221
1462,85
1463,163
1464,104
1465,209
1466,213
1467,223
1468,236
1469,164
1470,128
1471,199
1472,129
1473,151
1474,230
1475,204
1476,214
1477,133
1478,218
1479,174
1480,176
1481,145
1482,242
1483,233
1484,220
1485,138
1486,247
1487,167
1488,243
1489,231
1490,210
1491,57
1492,237
1493,210
1494,251
1495,232
1496,249
1497,215
1498,229
1499,170
1500,144
1501,220
1502,195
1503,173
1504,131
1505,169
1506,66
1507,151
1508,188
1509,194
1510,136
1511,197
1512,160
1513,122
1514,162
1515,234
1516,178
1517,220
1518,226
1519,121
1520,197
1521,238
1522,178
1523,114
1524,159
1525,221
1526,196
1527,208
1528,190
1529,222
1530,146
1531,96
1532,175
1533,236
1534,138
1535,130
1536,121
1537,154
1538,144
1539,215
1540,181
1541,244
1542,75
1543,211
1544,195
1545,125
1546,180
1547,172
1548,77
1549,171
1550,67
1551,81
1552,135
1553,203
1554,176
1555,171
1556,136
1557,223
1558,181
1559,158
1560,228
1561,166
1562,242
1563,171
1564,143
1565,164
1566,118
1567,163
1568,242
1569,96
1570,185
1571,179
1572,242
1573,238
1574,184
1575,247
1576,141
1577,98
1578,102
1579,232
1580,208
1581,172
1582,103
1583,233
1584,175
1585,198
1586,194
1587,156
1588,191
1589,122
1590,234
1591,227
1592,210
1593,205
1594,190
1595,55
1596,183
1597,153
1598,92
1599,157
1600,221
1601,192
1602,138
1603,174
1604,240
1605,227
1606,200
1607,165
1608,238
1609,205
1610,252
1611,175
1612,189
1613,224
1614,186
1615,177
1616,235
1617,180
1618,217
1619,169
1620,145
1621,209
1622,240
1623,184
1624,212
1625,193
1626,121
1627,112
1628,226
1629,161
1630,173
1631,219
1632,205
1633,213
1634,184
1635,236
1636,184
1637,228
1638,73
1639,218
1640,224
1641,178
1642,190
1643,198
1644,218
1645,214
1646,211
1647,254
1648,254
1649,248
1650,224
1651,238
1652,187
1653,162
1654,146
1655,249
1656,205
1657,180
1658,248
1659,219
1660,234
1661,155
1662,192
1663,217
1664,155
1665,249
1666,134
1667,192
1668,32
1669,163
1670,216
1671,210
1672,247
1673,255
1674,200
1675,240
1676,225
1677,233
1678,170
1679,142
1680,225
1681,144
1682,220
1683,150
1684,175
1685,242
1686,178
1687,229
1688,240
1689,166
1690,125
1691,164
1692,219
1693,207
1694,138
1695,169
1696,192
1697,54
1698,223
1699,249
1700,155
1701,229
1702,151
1703,232
1704,218
1705,195
1706,232
1707,159
1708,178
1709,234
1710,192
1711,220
1712,161
1713,151
1714,30
1715,223
1716,233
1717,190
1718,129
1719,219
1720,156
1721,159
1722,210
1723,63
1724,115
1725,185
1726,238
1727,193
1728,184
1729,138
1730,150
1731,229
1732,181
1733,217
1734,132
1735,205
1736,141
1737,171
1738,202
1739,222
1740,98
1741,123
1742,147
1743,232
1744,250
1745,157
1746,135
1747,95
1748,185
1749,181
1750,101
1751,147
1752,134
1753,126
1754,196
1755,211
1756,228
1757,150
1758,239
1759,200
1760,118
1761,29
1762,229
1763,164
1764,219
1765,151
1766,138
1767,171
1768,231
1769,158
1770,198
1771,142
1772,155
1773,169
1774,116
1775,245
1776,243
1777,166
1778,110
1779,182
1780,215
1781,204
1782,71
1783,42
1784,206
1785,150
1786,107
1787,225
1788,204
1789,113
1790,240
1791,249
1792,213
1793,120
1794,202
1795,234
1796,168
1797,185
1798,226
1799,225
1800,190
1801,228
1802,230
1803,120
1804,222
1805,217
1806,196
1807,211
1808,226
1809,224
1810,211
1811,205
1812,178
1813,244
1814,164
1815,179
1816,214
1817,187
1818,161
1819,88
1820,158
1821,218
1822,190
1823,124
1824,194
1825,164
1826,150
1827,198
1828,186
1829,233
1830,226
1831,233
1832,218
1833,173
1834,101
1835,210
1836,184
1837,159
1838,242
1839,210
1840,233
1841,227
1842,218
1843,148
1844,180
1845,133
1846,95
1847,167
1848,227
1849,142
1850,183
1851,202
1852,216
1853,163
1854,181
1855,178
1856,198
1857,240
1858,199
1859,214
1860,227
1861,110
1862,145
1863,233
1864,244
1865,135
1866,195
1867,246
1868,81
1869,248
1870,237
1871,224
1872,183
1873,209
1874,222
1875,228
1876,164
1877,176
1878,207
1879,177
1880,234
1881,171
1882,245
1883,222
1884,169
1885,217
1886,194
1887,136
1888,176
1889,170
1890,238
1891,99
1892,252
1893,239
1894,204
1895,246
1896,167
1897,196
1898,191
1899,153
1900,136
1901,233
1902,160
1903,199
1904,178
1905,203
1906,60
1907,149
1908,239
1909,144
1910,173
1911,248
1912,182
1913,117
1914,118
1915,243
1916,229
1917,240
1918,232
1919,139
1920,206
1921,185
1922,249
1923,203
1924,94
1925,174
1926,199
1927,146
1928,122
1929,165
1930,161
1931,133
1932,249
1933,176
1934,78
1935,254
1936,206
1937,187
1938,190
1939,163
1940,128
1941,232
1942,244
1943,190
1944,100
1945,168
1946,211
1947,223
1948,235
1949,230
1950,178
1951,188
1952,193
1953,182
1954,140
1955,60
1956,207
1957,182
1958,208
1959,206
1960,221
1961,129
1962,94
1963,140
1964,91
1965,219
1966,228
1967,186
1968,208
1969,249
1970,124
1971,186
1972,228
1973,132
1974,191
1975,194
1976,183
1977,184
1978,180
1979,191
1980,172
1981,239
1982,240
1983,212
1984,176
1985,207
1986,207
1987,253
1988,223
1989,247
1990,147
1991,86
1992,234
1993,223
1994,166
1995,230
1996,91
1997,145
1998,228
1999,192
2000,152
2001,106
2002,129
2003,94
2004,170
2005,169
2006,202
2007,243
2008,39
2009,41
2010,247
2011,98
2012,231
2013,200
2014,158
2015,106
2016,189
2017,249
2018,191
2019,227
2020,244
2021,167
2022,191
2023,247
2024,185
2025,89
2026,206
2027,205
2028,156
2029,55
2030,223
2031,211
2032,69
2033,227
2034,127
2035,212
2036,223
2037,159
2038,235
2039,176
2040,215
2041,116
2042,161
2043,245
2044,129
2045,83
2046,234
2047,79
2048,88
2049,178
2050,217
2051,148
2052,137
2053,149
2054,237
2055,235
2056,28
2057,162
2058,201
2059,234
2060,176
2061,165
2062,149
2063,136
2064,199
2065,194
2066,233
2067,161
2068,142
2069,122
2070,198
2071,243
2072,103
2073,217
2074,206
2075,226
2076,228
2077,210
2078,174
2079,149
2080,203
2081,168
2082,137
2083,196
2084,218
2085,148
2086,171
2087,190
2088,245
2089,229
2090,182
2091,78
2092,239
2093,126
2094,154
2095,234
2096,154
2097,177
2098,170
2099,148
2100,98
2101,191
2102,151
2103,156
2104,220
2105,198
2106,200
2107,143
2108,179
2109,153
2110,231
2111,118
2112,175
2113,40
2114,81
2115,211
2116,57
2117,146
2118,186
2119,246
2120,195
2121,226
2122,165
2123,169
2124,244
2125,66
2126,170
2127,226
2128,222
2129,103
2130,174
2131,235
2132,63
2133,234
2134,139
2135,0
2136,209
2137,163
2138,173
2139,113
2140,135
2141,139
2142,192
2143,215
2144,149
2145,195
2146,64
2147,239
2148,72
2149,115
2150,175
2151,199
2152,146
2153,161
2154,217
2155,208
2156,174
2157,186
2158,215
2159,197
2160,156
2161,156
2162,172
2163,154
2164,193
2165,235
2166,161
2167,26
2168,43
2169,241
2170,240
2171,92
2172,218
2173,183
2174,217
2175,211
2176,176
2177,218
2178,154
2179,240
2180,128
2181,237
2182,22
2183,163
2184,76
2185,218
2186,120
2187,226
2188,233
2189,161
2190,203
2191,46
2192,217
2193,102
2194,207
2195,85
2196,207
2197,100
2198,220
2199,166
2200,182
2201,110
2202,221
2203,173
2204,122
2205,233
2206,109
2207,152
2208,168
2209,90
2210,138
2211,180
2212,151
2213,108
2214,151
2215,219
2216,202
2217,152
2218,50
2219,112
2220,190
2221,109
2222,202
2223,220
2224,124
2225,180
2226,219
2227,128
2228,195
2229,208
2230,249
2231,101
2232,147
2233,227
2234,225
2235,197
2236,132
2237,162
2238,172
2239,199
2240,157
2241,244
2242,202
2243,189
2244,239
2245,194
2246,203
2247,178
2248,41
2249,94
2250,191
2251,190
2252,227
2253,155
2254,166
2255,202
2256,171
2257,58
2258,194
2259,147
2260,193
2261,199
2262,214
2263,205
2264,241
2265,184
2266,140
2267,203
2268,231
2269,101
2270,102
2271,234
2272,178
2273,220
2274,159
2275,203
2276,167
2277,110
2278,0
2279,146
2280,185
2281,163
2282,165
2283,146
2284,80
2285,246
2286,94
2287,201
2288,245
2289,196
2290,158
2291,226
2292,70
2293,176
2294,117
2295,243
2296,182
2297,202
2298,230
2299,114
2300,216
2301,163
2302,179
2303,242
2304,168
2305,139
2306,0
2307,31
2308,222
2309,170
2310,211
2311,150
2312,224
2313,225
2314,163
2315,153
2316,61
2317,156
2318,251
2319,134
2320,237
2321,193
2322,140
2323,199
2324,190
2325,213
2326,117
2327,238
2328,156
2329,242
2330,135
2331,160
2332,207
2333,182
2334,176
2335,227
2336,123
2337,114
2338,202
2339,161
2340,220
2341,200
2342,187
2343,160
2344,241
2345,229
2346,180
2347,155
2348,216
2349,223
2350,164
2351,141
2352,188
2353,182
2354,196
2355,204
2356,171
2357,155
2358,197
2359,196
2360,179
2361,71
2362,179
2363,100
2364,233
2365,151
2366,247
2367,98
2368,210
2369,209
2370,202
2371,74
2372,236
2373,181
2374,147
2375,110
2376,216
2377,112
2378,106
2379,241
2380,165
2381,193
2382,168
2383,220
2384,6
2385,149
2386,206
2387,219
2388,140
2389,112
2390,211
2391,193
2392,161
2393,153
2394,88
2395,157
2396,218
2397,140
2398,210
2399,209
