0,198
1,179
2,182
3,212
4,188
5,163
6,193
7,236
8,231
9,156
10,141
11,235
12,211
13,174
14,230
15,176
16,213
17,220
18,241
19,239
20,244
21,130
22,163
23,197
24,243
25,225
26,71
27,85
28,222
29,171
30,73
31,177
32,188
33,239
34,228
35,228
36,236
37,222
38,213
39,244
40,188
41,251
42,208
43,117
44,225
45,212
46,169
47,235
48,133
49,184
50,180
51,218
52,98
53,217
54,215
55,196
56,178
57,190
58,206
59,253
60,234
61,150
62,202
63,227
64,206
65,221
66,251
67,240
68,176
69,146
70,191
71,201
72,177
73,227
74,237
75,157
76,212
77,79
78,210
79,207
80,243
81,234
82,165
83,183
84,217
85,216
86,175
87,209
88,159
89,203
90,201
91,246
92,183
93,171
94,160
95,218
96,228
97,198
98,249
99,192
100,256
101,251
102,185
103,93
104,251
105,219
106,215
107,203
108,171
109,24
110,163
111,194
112,210
113,235
114,246
115,225
116,235
117,221
118,232
119,234
120,191
121,225
122,125
123,47
124,204
125,203
126,231
127,103
128,207
129,159
130,149
131,221
132,226
133,243
134,173
135,189
136,153
137,203
138,117
139,164
140,254
141,237
142,235
143,152
144,182
145,181
146,184
147,201
148,204
149,219
150,98
151,219
152,243
153,199
154,208
155,240
156,251
157,173
158,50
159,135
160,224
161,188
162,222
163,165
164,243
165,6
166,123
167,167
168,162
169,252
170,225
171,170
172,209
173,148
174,244
175,187
176,214
177,205
178,238
179,0
180,177
181,62
182,201
183,229
184,201
185,212
186,224
187,146
188,167
189,239
190,249
191,216
192,105
193,253
194,194
195,239
196,182
197,211
198,172
199,204
200,186
201,212
202,187
203,206
204,253
205,181
206,170
207,216
208,224
209,181
210,179
211,219
212,245
213,233
214,102
215,178
216,217
217,173
218,236
219,186
220,112
221,238
222,201
223,162
224,222
225,253
226,243
227,185
228,223
229,220
230,179
231,167
232,229
233,229
234,186
235,223
236,147
237,212
238,151
239,230
240,226
241,163
242,245
243,181
244,238
245,232
246,230
247,252
248,194
249,211
250,176
251,153
252,205
253,203
254,232
255,250
256,254
257,221
258,187
259,190
260,142
261,198
262,226
263,84
264,221
265,225
266,177
267,156
268,225
269,199
270,196
271,206
272,192
273,252
274,204
275,205
276,229
277,145
278,252
279,186
280,115
281,206
282,232
283,209
284,142
285,229
286,189
287,217
288,223
289,195
290,169
291,238
292,192
293,120
294,199
295,180
296,132
297,141
298,101
299,215
300,183
301,193
302,243
303,162
304,224
305,224
306,172
307,209
308,219
309,249
310,225
311,163
312,172
313,248
314,253
315,172
316,109
317,205
318,240
319,207
320,218
321,99
322,166
323,215
324,192
325,230
326,123
327,248
328,203
329,145
330,235
331,252
332,187
333,214
334,225
335,227
336,182
337,213
338,222
339,116
340,97
341,250
342,237
343,207
344,178
345,197
346,149
347,124
348,73
349,127
350,141
351,187
352,182
353,152
354,205
355,214
356,196
357,222
358,217
359,144
360,206
361,184
362,211
363,157
364,231
365,194
366,204
367,241
368,241
369,124
370,165
371,203
372,132
373,173
374,252
375,127
376,207
377,234
378,123
379,223
380,189
381,117
382,110
383,217
384,179
385,252
386,198
387,93
388,198
389,228
390,243
391,190
392,242
393,177
394,178
395,0
396,216
397,214
398,157
399,236
400,124
401,194
402,217
403,164
404,186
405,212
406,227
407,88
408,215
409,238
410,193
411,142
412,226
413,252
414,199
415,135
416,149
417,103
418,211
419,114
420,231
421,213
422,225
423,240
424,199
425,240
426,230
427,132
428,179
429,194
430,230
431,227
432,220
433,249
434,205
435,186
436,180
437,222
438,217
439,218
440,211
441,152
442,191
443,197
444,180
445,178
446,4
447,203
448,119
449,228
450,69
451,202
452,208
453,199
454,238
455,224
456,210
457,249
458,220
459,254
460,234
461,245
462,250
463,177
464,218
465,188
466,178
467,190
468,164
469,164
470,121
471,186
472,198
473,164
474,192
475,245
476,222
477,170
478,226
479,159
480,162
481,248
482,246
483,250
484,133
485,160
486,228
487,109
488,171
489,236
490,186
491,156
492,201
493,23
494,187
495,172
496,229
497,226
498,240
499,241
500,185
501,188
502,248
503,247
504,162
505,243
506,106
507,199
508,102
509,85
510,225
511,229
512,221
513,251
514,169
515,240
516,189
517,174
518,108
519,238
520,94
521,218
522,177
523,86
524,202
525,238
526,219
527,229
528,227
529,224
530,184
531,210
532,133
533,190
534,251
535,111
536,237
537,227
538,105
539,130
540,220
541,249
542,220
543,190
544,238
545,133
546,176
547,118
548,132
549,256
550,178
551,136
552,228
553,169
554,94
555,201
556,0
557,239
558,163
559,194
560,145
561,214
562,190
563,121
564,225
565,168
566,253
567,254
568,223
569,245
570,207
571,162
572,231
573,236
574,204
575,194
576,223
577,151
578,231
579,255
580,203
581,100
582,219
583,254
584,246
585,117
586,189
587,220
588,210
589,99
590,239
591,230
592,249
593,145
594,184
595,233
596,239
597,248
598,152
599,236
600,138
601,204
602,123
603,230
604,168
605,172
606,177
607,216
608,206
609,125
610,222
611,251
612,200
613,249
614,88
615,253
616,140
617,167
618,143
619,126
620,196
621,212
622,135
623,232
624,163
625,200
626,227
627,206
628,213
629,178
630,195
631,189
632,234
633,221
634,210
635,199
636,175
637,83
638,40
639,226
640,64
641,160
642,191
643,174
644,235
645,231
646,244
647,228
648,180
649,192
650,174
651,252
652,146
653,172
654,38
655,214
656,136
657,247
658,240
659,155
660,222
661,214
662,188
663,207
664,230
665,117
666,236
667,146
668,225
669,147
670,193
671,220
672,16
673,239
674,205
675,228
676,159
677,125
678,210
679,227
680,245
681,135
682,249
683,166
684,211
685,232
686,150
687,193
688,198
689,120
690,245
691,228
692,212
693,199
694,165
695,227
696,137
697,236
698,108
699,133
700,225
701,229
702,161
703,255
704,199
705,227
706,90
707,247
708,69
709,151
710,245
711,251
712,253
713,214
714,158
715,164
716,171
717,224
718,152
719,95
720,132
721,226
722,91
723,230
724,222
725,190
726,150
727,254
728,34
729,219
730,217
731,140
732,233
733,98
734,242
735,150
736,177
737,184
738,221
739,181
740,241
741,219
742,130
743,160
744,185
745,172
746,114
747,255
748,210
749,240
750,195
751,52
752,203
753,133
754,250
755,97
756,230
757,201
758,194
759,238
760,188
761,125
762,210
763,231
764,190
765,243
766,157
767,209
768,134
769,225
770,167
771,219
772,142
773,234
774,195
775,139
776,193
777,239
778,201
779,113
780,222
781,183
782,109
783,241
784,212
785,251
786,238
787,127
788,117
789,231
790,252
791,102
792,191
793,239
794,201
795,231
796,126
797,169
798,234
799,256
800,165
801,240
802,213
803,160
804,170
805,225
806,247
807,202
808,250
809,226
810,222
811,153
812,195
813,236
814,194
815,210
816,206
817,153
818,74
819,209
820,251
821,213
822,0
823,219
824,220
825,185
826,193
827,233
828,210
829,242
830,194
831,222
832,206
833,112
834,208
835,141
836,171
837,129
838,178
839,169
840,235
841,237
842,239
843,226
844,214
845,239
846,108
847,192
848,237
849,167
850,214
851,186
852,174
853,249
854,171
855,172
856,125
857,246
858,180
859,147
860,237
861,200
862,188
863,227
864,163
865,134
866,223
867,239
868,152
869,232
870,196
871,228
872,211
873,212
874,243
875,241
876,201
877,237
878,203
879,212
880,246
881,146
882,7
883,233
884,176
885,225
886,179
887,217
888,215
889,111
890,250
891,218
892,205
893,203
894,176
895,253
896,240
897,232
898,155
899,173
900,122
901,201
902,198
903,150
904,146
905,213
906,117
907,24
908,198
909,225
910,239
911,218
912,65
913,211
914,244
915,220
916,123
917,179
918,159
919,213
920,219
921,182
922,194
923,239
924,251
925,158
926,223
927,161
928,241
929,225
930,234
931,234
932,200
933,240
934,182
935,243
936,230
937,163
938,96
939,251
940,237
941,208
942,101
943,193
944,202
945,241
946,224
947,178
948,167
949,256
950,193
951,243
952,181
953,232
954,244
955,141
956,243
957,246
958,204
959,209
960,222
961,250
962,250
963,167
964,194
965,193
966,252
967,253
968,222
969,167
970,221
971,130
972,202
973,135
974,188
975,168
976,229
977,158
978,226
979,235
980,207
981,255
982,175
983,228
984,238
985,110
986,0
987,240
988,170
989,175
990,145
991,164
992,113
993,222
994,202
995,168
996,207
997,216
998,192
999,251
1000,242
1001,197
1002,250
1003,127
1004,192
1005,168
1006,179
1007,200
1008,138
1009,139
1010,94
1011,180
1012,249
1013,219
1014,230
1015,202
1016,221
1017,222
1018,208
1019,227
1020,228
1021,115
1022,235
1023,176
1024,152
1025,254
1026,206
1027,225
1028,247
1029,190
1030,193
1031,126
1032,78
1033,246
1034,172
1035,248
1036,72
1037,26
1038,190
1039,98
1040,195
1041,194
1042,149
1043,206
1044,153
1045,218
1046,174
1047,198
1048,166
1049,154
1050,226
1051,251
1052,217
1053,179
1054,151
1055,142
1056,188
1057,247
1058,121
1059,208
1060,212
1061,168
1062,220
1063,223
1064,204
1065,228
1066,142
1067,222
1068,225
1069,252
1070,251
1071,178
1072,164
1073,215
1074,127
1075,255
1076,226
1077,249
1078,216
1079,246
1080,164
1081,204
1082,130
1083,205
1084,222
1085,188
1086,182
1087,169
1088,159
1089,190
1090,100
1091,209
1092,109
1093,128
1094,121
1095,223
1096,117
1097,151
1098,160
1099,188
1100,219
1101,239
1102,135
1103,208
1104,237
1105,177
1106,176
1107,251
1108,233
1109,227
1110,254
1111,232
1112,250
1113,238
1114,163
1115,214
1116,213
1117,128
1118,192
1119,191
1120,226
1121,152
1122,160
1123,138
1124,158
1125,243
1126,82
1127,180
1128,92
1129,214
1130,250
1131,256
1132,201
1133,241
1134,108
1135,210
1136,172
1137,162
1138,196
1139,136
1140,242
1141,239
1142,234
1143,131
1144,129
1145,207
1146,187
1147,211
1148,177
1149,147
1150,40
1151,245
1152,119
1153,200
1154,243
1155,154
1156,253
1157,237
1158,226
1159,242
1160,187
1161,227
1162,176
1163,230
1164,116
1165,174
1166,243
1167,185
1168,148
1169,145
1170,239
1171,193
1172,191
1173,211
1174,187
1175,235
1176,170
1177,219
1178,185
1179,246
1180,98
1181,212
1182,171
1183,226
1184,163
1185,244
1186,256
1187,129
1188,162
1189,235
1190,233
1191,233
1192,199
1193,250
1194,247
1195,228
1196,167
1197,179
1198,174
1199,92
1200,108
1201,255
1202,227
1203,229
1204,126
1205,235
1206,228
1207,228
1208,138
1209,235
1210,209
1211,197
1212,212
1213,134
1214,246
1215,0
1216,234
1217,28
1218,187
1219,243
1220,246
1221,171
1222,123
1223,220
1224,134
1225,89
1226,184
1227,188
1228,49
1229,149
1230,158
1231,163
1232,167
1233,242
1234,113
1235,100
1236,167
1237,118
1238,202
1239,245
1240,185
1241,218
1242,196
1243,210
1244,177
1245,121
1246,254
1247,243
1248,197
1249,214
1250,172
1251,194
1252,170
1253,245
1254,222
1255,213
1256,217
1257,167
1258,216
1259,245
1260,232
1261,240
1262,178
1263,253
1264,214
1265,191
1266,169
1267,212
1268,180
1269,242
1270,194
1271,223
1272,217
1273,234
1274,112
1275,177
1276,139
1277,213
1278,211
1279,179
1280,149
1281,186
1282,140
1283,212
1284,242
1285,65
1286,182
1287,66
1288,193
1289,205
1290,137
1291,100
1292,204
1293,134
1294,222
1295,195
1296,236
1297,238
1298,163
1299,252
1300,45
1301,238
1302,223
1303,205
1304,214
1305,136
1306,151
1307,197
1308,158
1309,174
1310,198
1311,198
1312,214
1313,178
1314,218
1315,256
1316,223
1317,199
1318,198
1319,133
1320,204
1321,100
1322,207
1323,245
1324,104
1325,170
1326,185
1327,252
1328,191
1329,222
1330,212
1331,187
1332,255
1333,217
1334,236
1335,169
1336,210
1337,135
1338,190
1339,197
1340,252
1341,254
1342,199
1343,204
1344,235
1345,224
1346,209
1347,253
1348,174
1349,184
1350,232
1351,233
1352,157
1353,224
1354,236
1355,73
1356,173
1357,120
1358,198
1359,73
1360,235
1361,241
1362,223
1363,195
1364,153
1365,186
1366,74
1367,238
1368,173
1369,235
1370,245
1371,187
1372,253
1373,184
1374,199
1375,212
1376,208
1377,216
1378,27
1379,180
1380,207
1381,182
1382,185
1383,234
1384,56
1385,178
1386,173
1387,216
1388,83
1389,246
1390,216
1391,193
1392,149
1393,247
1394,216
1395,226
1396,183
1397,244
1398,160
1399,214
1400,151
1401,219
1402,216
1403,171
1404,178
1405,199
1406,255
1407,2
1408,121
1409,137
1410,196
1411,225
1412,230
1413,236
1414,201
1415,221
1416,77
1417,231
1418,146
1419,45
1420,221
1421,223
1422,206
1423,256
1424,185
1425,203
1426,243
1427,168
1428,177
1429,177
1430,227
1431,117
1432,164
1433,236
1434,202
1435,158
1436,243
1437,233
1438,149
1439,221
1440,209
1441,246
1442,164
1443,251
1444,168
1445,249
1446,229
1447,221
1448,228
1449,189
1450,182
1451,148
1452,240
1453,129
1454,217
1455,231
1456,245
1457,180
1458,217
1459,201
1460,134
1461,194
1462,234
1463,209
1464,48
1465,222
1466,249
1467,240
1468,175
1469,181
1470,125
1471,240
1472,222
1473,219
1474,0
1475,200
1476,148
1477,207
1478,183
1479,211
1480,203
1481,11
1482,230
1483,105
1484,198
1485,206
1486,188
1487,251
1488,179
1489,212
1490,195
1491,250
1492,169
1493,251
1494,170
1495,233
1496,228
1497,197
1498,145
1499,200
1500,142
1501,208
1502,107
1503,167
1504,148
1505,131
1506,134
1507,231
1508,246
1509,174
1510,95
1511,242
1512,93
1513,155
1514,224
1515,163
1516,199
1517,198
1518,234
1519,206
1520,189
1521,211
1522,242
1523,249
1524,139
1525,223
1526,226
1527,179
1528,174
1529,177
1530,169
1531,227
1532,120
1533,7
1534,159
1535,205
1536,227
1537,157
1538,168
1539,233
1540,189
1541,250
1542,250
1543,218
1544,203
1545,127
1546,244
1547,165
1548,144
1549,161
1550,129
1551,125
1552,222
1553,221
1554,100
1555,229
1556,61
1557,207
1558,210
1559,173
1560,171
1561,180
1562,254
1563,197
1564,242
1565,156
1566,244
1567,231
1568,219
1569,169
1570,239
1571,239
1572,199
1573,231
1574,212
1575,203
1576,180
1577,235
1578,199
1579,238
1580,232
1581,239
1582,191
1583,198
1584,109
1585,176
1586,240
1587,228
1588,224
1589,209
1590,242
1591,191
1592,167
1593,140
1594,174
1595,237
1596,219
1597,134
1598,193
1599,201
1600,179
1601,182
1602,202
1603,217
1604,191
1605,241
1606,122
1607,225
1608,134
1609,190
1610,121
1611,227
1612,254
1613,184
1614,224
1615,180
1616,178
1617,192
1618,187
1619,230
1620,232
1621,101
1622,188
1623,213
1624,163
1625,183
1626,188
1627,203
1628,233
1629,185
1630,231
1631,237
1632,197
1633,213
1634,150
1635,203
1636,184
1637,196
1638,147
1639,176
1640,174
1641,212
1642,240
1643,115
1644,157
1645,251
1646,129
1647,228
1648,229
1649,189
1650,238
1651,213
1652,135
1653,195
1654,158
1655,242
1656,124
1657,218
1658,81
1659,157
1660,178
1661,249
1662,197
1663,140
1664,177
1665,243
1666,136
1667,177
1668,217
1669,129
1670,223
1671,123
1672,222
1673,40
1674,215
1675,199
1676,219
1677,218
1678,210
1679,52
1680,131
1681,222
1682,221
1683,161
1684,177
1685,192
1686,239
1687,228
1688,248
1689,198
1690,232
1691,95
1692,146
1693,143
1694,157
1695,75
1696,224
1697,150
1698,219
1699,204
1700,218
1701,250
1702,252
1703,243
1704,256
1705,203
1706,242
1707,256
1708,233
1709,234
1710,199
1711,221
1712,173
1713,169
1714,152
1715,167
1716,141
1717,201
1718,220
1719,188
1720,218
1721,173
1722,219
1723,100
1724,256
1725,219
1726,170
1727,224
1728,221
1729,230
1730,148
1731,198
1732,218
1733,90
1734,147
1735,36
1736,207
1737,251
1738,168
1739,246
1740,215
1741,70
1742,255
1743,187
1744,188
1745,153
1746,175
1747,201
1748,214
1749,152
1750,232
1751,175
1752,146
1753,222
1754,252
1755,198
1756,201
1757,183
1758,239
1759,212
1760,87
1761,38
1762,250
1763,207
1764,188
1765,88
1766,251
1767,177
1768,157
1769,227
1770,0
1771,214
1772,65
1773,162
1774,85
1775,158
1776,97
1777,237
1778,138
1779,168
1780,255
1781,95
1782,211
1783,199
1784,87
1785,183
1786,208
1787,236
1788,190
1789,249
1790,201
1791,58
1792,86
1793,185
1794,92
1795,102
1796,227
1797,55
1798,173
1799,192
1800,209
1801,199
1802,172
1803,110
1804,167
1805,174
1806,86
1807,194
1808,200
1809,121
1810,155
1811,220
1812,213
1813,213
1814,166
1815,177
1816,127
1817,119
1818,111
1819,238
1820,225
1821,205
1822,221
1823,241
1824,224
1825,210
1826,230
1827,178
1828,191
1829,67
1830,117
1831,189
1832,200
1833,248
1834,155
1835,184
1836,220
1837,186
1838,208
1839,158
1840,222
1841,151
1842,245
1843,167
1844,252
1845,2
1846,115
1847,217
1848,112
1849,181
1850,236
1851,125
1852,210
1853,201
1854,148
1855,205
1856,153
1857,214
1858,240
1859,182
1860,165
1861,195
1862,141
1863,181
1864,184
1865,192
1866,182
1867,253
1868,206
1869,233
1870,197
1871,180
1872,73
1873,194
1874,216
1875,237
1876,180
1877,212
1878,242
1879,164
1880,148
1881,82
1882,217
1883,172
1884,247
1885,111
1886,88
1887,244
1888,164
1889,146
1890,234
1891,162
1892,136
1893,217
1894,253
1895,223
1896,210
1897,227
1898,203
1899,210
1900,180
1901,244
1902,208
1903,162
1904,205
1905,188
1906,218
1907,210
1908,158
1909,121
1910,207
1911,210
1912,212
1913,72
1914,121
1915,167
1916,220
1917,205
1918,134
1919,158
1920,234
1921,219
1922,217
1923,205
1924,107
1925,213
1926,213
1927,148
1928,173
1929,192
1930,155
1931,255
1932,235
1933,227
1934,196
1935,241
1936,202
1937,203
1938,53
1939,187
1940,185
1941,226
1942,216
1943,172
1944,247
1945,184
1946,120
1947,201
1948,245
1949,72
1950,164
1951,153
1952,178
1953,94
1954,239
1955,133
1956,202
1957,226
1958,174
1959,155
1960,175
1961,112
1962,176
1963,142
1964,46
1965,164
1966,220
1967,197
1968,248
1969,255
1970,246
1971,254
1972,195
1973,141
1974,220
1975,136
1976,200
1977,231
1978,173
1979,246
1980,197
1981,230
1982,221
1983,233
1984,222
1985,137
1986,240
1987,197
1988,243
1989,206
1990,240
1991,190
1992,242
1993,172
1994,66
1995,207
1996,72
1997,185
1998,191
1999,189
2000,199
2001,217
2002,198
2003,213
2004,170
2005,201
2006,214
2007,228
2008,205
2009,222
2010,225
2011,233
2012,237
2013,223
2014,166
2015,176
2016,232
2017,204
2018,197
2019,231
2020,191
2021,229
2022,72
2023,213
2024,183
2025,245
2026,232
2027,138
2028,208
2029,111
2030,254
2031,222
2032,222
2033,243
2034,181
2035,223
2036,112
2037,125
2038,160
2039,197
2040,118
2041,223
2042,0
2043,178
2044,246
2045,114
2046,256
2047,246
2048,188
2049,172
2050,60
2051,157
2052,141
2053,211
2054,218
2055,226
2056,222
2057,212
2058,216
2059,213
2060,123
2061,221
2062,76
2063,29
2064,93
2065,240
2066,228
2067,148
2068,119
2069,105
2070,192
2071,205
2072,181
2073,216
2074,253
2075,245
2076,165
2077,141
2078,242
2079,136
2080,212
2081,231
2082,223
2083,195
2084,219
2085,161
2086,141
2087,177
2088,209
2089,233
2090,155
2091,254
2092,158
2093,235
2094,222
2095,210
2096,240
2097,184
2098,208
2099,145
2100,201
2101,246
2102,175
2103,145
2104,209
2105,123
2106,242
2107,220
2108,185
2109,240
2110,195
2111,210
2112,145
2113,179
2114,212
2115,233
2116,202
2117,244
2118,231
2119,248
2120,162
2121,102
2122,212
2123,162
2124,229
2125,227
2126,179
2127,188
2128,144
2129,164
2130,230
2131,176
2132,156
2133,172
2134,154
2135,191
2136,221
2137,155
2138,256
2139,205
2140,193
2141,227
2142,193
2143,227
2144,231
2145,223
2146,128
2147,196
2148,218
2149,214
2150,180
2151,254
2152,154
2153,213
2154,238
2155,242
2156,246
2157,209
2158,148
2159,195
2160,136
2161,203
2162,19
2163,235
2164,247
2165,162
2166,237
2167,177
2168,186
2169,252
2170,223
2171,173
2172,126
2173,116
2174,187
2175,203
2176,241
2177,251
2178,209
2179,212
2180,256
2181,177
2182,196
2183,148
2184,172
2185,200
2186,147
2187,37
2188,206
2189,212
2190,183
2191,217
2192,160
2193,45
2194,245
2195,133
2196,132
2197,223
2198,126
2199,143
2200,160
2201,204
2202,241
2203,0
2204,182
2205,110
2206,242
2207,177
2208,180
2209,181
2210,139
2211,234
2212,136
2213,137
2214,230
2215,256
2216,225
2217,236
2218,217
2219,185
2220,191
2221,238
2222,226
2223,173
2224,101
2225,222
2226,217
2227,119
2228,150
2229,171
2230,243
2231,230
2232,133
2233,182
2234,159
2235,234
2236,144
2237,246
2238,215
2239,154
2240,182
2241,183
2242,195
2243,213
2244,138
2245,188
2246,162
2247,211
2248,220
2249,170
2250,225
2251,255
2252,148
2253,209
2254,251
2255,224
2256,123
2257,225
2258,183
2259,66
2260,201
2261,188
2262,232
2263,143
2264,244
2265,86
2266,228
2267,220
2268,0
2269,162
2270,161
2271,79
2272,250
2273,170
2274,231
2275,145
2276,256
2277,238
2278,188
2279,176
2280,225
2281,154
2282,176
2283,32
2284,253
2285,230
2286,109
2287,211
2288,232
2289,230
2290,197
2291,200
2292,244
2293,135
2294,170
2295,153
2296,156
2297,155
2298,252
2299,229
2300,200
2301,204
2302,250
2303,241
2304,238
2305,238
2306,166
2307,143
2308,204
2309,214
2310,177
2311,115
2312,243
2313,216
2314,253
2315,256
2316,177
2317,0
2318,149
2319,212
2320,209
2321,206
2322,239
2323,246
2324,246
2325,219
2326,144
2327,237
2328,149
2329,190
2330,202
2331,166
2332,190
2333,189
2334,213
2335,200
2336,174
2337,231
2338,230
2339,148
2340,234
2341,186
2342,256
2343,211
2344,195
2345,209
2346,235
2347,212
2348,242
2349,213
2350,161
2351,239
2352,108
2353,106
2354,155
2355,247
2356,228
2357,204
2358,202
2359,75
2360,221
2361,119
2362,122
2363,233
2364,217
2365,181
2366,130
2367,245
2368,112
2369,122
2370,239
2371,214
2372,146
2373,245
2374,230
2375,226
2376,226
2377,0
2378,255
2379,246
2380,220
2381,189
2382,141
2383,239
2384,242
2385,217
2386,180
2387,217
2388,229
2389,153
2390,235
2391,137
2392,125
2393,203
2394,120
2395,125
2396,158
2397,246
2398,167
2399,231
