0,38
1,244
2,234
3,185
4,213
5,147
6,188
7,48
8,195
9,125
10,145
11,192
12,228
13,230
14,251
15,140
16,156
17,213
18,163
19,82
20,135
21,173
22,170
23,193
24,2
25,118
26,185
27,149
28,123
29,230
30,222
31,161
32,166
33,159
34,116
35,23
36,224
37,189
38,232
39,243
40,138
41,225
42,165
43,92
44,166
45,242
46,215
47,208
48,146
49,95
50,173
51,132
52,241
53,242
54,212
55,175
56,197
57,160
58,158
59,127
60,77
61,178
62,146
63,204
64,209
65,109
66,216
67,138
68,122
69,131
70,128
71,201
72,214
73,208
74,169
75,133
76,96
77,142
78,169
79,204
80,220
81,161
82,200
83,200
84,190
85,112
86,191
87,248
88,217
89,207
90,138
91,171
92,108
93,233
94,142
95,176
96,120
97,139
98,208
99,224
100,172
101,237
102,201
103,232
104,106
105,159
106,193
107,171
108,170
109,107
110,224
111,195
112,218
113,16
114,206
115,176
116,79
117,153
118,213
119,202
120,204
121,0
122,205
123,226
124,194
125,174
126,171
127,194
128,180
129,116
130,180
131,197
132,206
133,68
134,191
135,130
136,109
137,221
138,195
139,197
140,141
141,219
142,86
143,182
144,203
145,190
146,178
147,206
148,90
149,215
150,113
151,147
152,148
153,164
154,147
155,224
156,241
157,118
158,206
159,190
160,201
161,154
162,94
163,153
164,230
165,237
166,179
167,221
168,166
169,228
170,201
171,165
172,158
173,238
174,136
175,143
176,204
177,86
178,134
179,186
180,159
181,171
182,61
183,102
184,194
185,172
186,155
187,215
188,82
189,184
190,95
191,239
192,171
193,141
194,138
195,208
196,159
197,221
198,244
199,173
200,150
201,222
202,218
203,185
204,170
205,180
206,181
207,176
208,203
209,234
210,137
211,212
212,202
213,215
214,200
215,216
216,195
217,57
218,183
219,206
220,213
221,175
222,245
223,173
224,199
225,215
226,148
227,241
228,214
229,219
230,86
231,205
232,133
233,151
234,133
235,98
236,182
237,121
238,152
239,232
240,122
241,131
242,239
243,210
244,159
245,223
246,193
247,61
248,214
249,166
250,164
251,200
252,186
253,113
254,195
255,167
256,221
257,164
258,195
259,239
260,220
261,113
262,198
263,197
264,138
265,202
266,120
267,191
268,163
269,210
270,237
271,79
272,116
273,161
274,95
275,216
276,159
277,178
278,180
279,172
280,100
281,232
282,102
283,167
284,201
285,43
286,124
287,142
288,193
289,178
290,209
291,234
292,233
293,207
294,176
295,237
296,156
297,183
298,200
299,206
300,197
301,176
302,218
303,172
304,203
305,230
306,235
307,149
308,210
309,181
310,234
311,109
312,181
313,91
314,145
315,139
316,190
317,226
318,180
319,65
320,142
321,123
322,197
323,233
324,231
325,161
326,216
327,239
328,232
329,151
330,163
331,177
332,246
333,222
334,230
335,201
336,159
337,206
338,159
339,206
340,243
341,107
342,99
343,159
344,101
345,136
346,163
347,161
348,247
349,157
350,249
351,198
352,124
353,86
354,196
355,204
356,197
357,166
358,215
359,175
360,118
361,169
362,185
363,137
364,152
365,208
366,98
367,202
368,227
369,167
370,227
371,196
372,235
373,147
374,97
375,169
376,175
377,173
378,155
379,190
380,150
381,157
382,69
383,144
384,232
385,134
386,99
387,233
388,144
389,240
390,153
391,190
392,228
393,122
394,139
395,242
396,232
397,219
398,239
399,106
400,162
401,139
402,244
403,245
404,198
405,119
406,95
407,147
408,210
409,224
410,240
411,229
412,208
413,139
414,94
415,207
416,240
417,247
418,157
419,185
420,154
421,103
422,146
423,105
424,208
425,226
426,122
427,227
428,195
429,135
430,236
431,220
432,79
433,223
434,161
435,121
436,172
437,204
438,210
439,189
440,131
441,226
442,162
443,81
444,191
445,110
446,190
447,185
448,228
449,214
450,220
451,179
452,251
453,152
454,225
455,148
456,217
457,222
458,212
459,196
460,232
461,129
462,158
463,233
464,241
465,136
466,101
467,190
468,196
469,247
470,128
471,233
472,171
473,109
474,173
475,159
476,238
477,176
478,122
479,243
480,200
481,175
482,198
483,208
484,85
485,227
486,99
487,223
488,249
489,105
490,216
491,233
492,132
493,214
494,103
495,249
496,222
497,233
498,151
499,177
500,223
501,239
502,232
503,242
504,137
505,184
506,187
507,187
508,207
509,209
510,119
511,223
512,218
513,125
514,149
515,246
516,231
517,149
518,228
519,241
520,218
521,156
522,129
523,235
524,178
525,242
526,195
527,165
528,219
529,213
530,232
531,223
532,157
533,222
534,223
535,213
536,232
537,140
538,240
539,211
540,230
541,174
542,138
543,196
544,222
545,186
546,155
547,235
548,211
549,184
550,143
551,199
552,161
553,166
554,245
555,211
556,167
557,222
558,143
559,232
560,233
561,247
562,152
563,226
564,141
565,217
566,114
567,228
568,220
569,215
570,212
571,235
572,198
573,188
574,241
575,149
576,221
577,238
578,182
579,240
580,214
581,244
582,187
583,175
584,184
585,147
586,199
587,219
588,185
589,233
590,223
591,158
592,196
593,172
594,142
595,148
596,208
597,236
598,156
599,141
600,142
601,239
602,114
603,78
604,136
605,232
606,154
607,172
608,196
609,122
610,135
611,194
612,191
613,77
614,227
615,124
616,68
617,173
618,236
619,184
620,66
621,194
622,226
623,185
624,138
625,192
626,181
627,218
628,224
629,153
630,221
631,223
632,117
633,162
634,202
635,212
636,238
637,176
638,187
639,110
640,211
641,177
642,240
643,205
644,200
645,148
646,239
647,187
648,203
649,81
650,149
651,212
652,207
653,224
654,203
655,210
656,156
657,210
658,194
659,214
660,138
661,214
662,183
663,189
664,191
665,191
666,235
667,215
668,125
669,212
670,116
671,155
672,186
673,176
674,241
675,205
676,203
677,166
678,154
679,109
680,220
681,143
682,179
683,218
684,221
685,211
686,145
687,229
688,207
689,198
690,110
691,220
692,51
693,243
694,242
695,172
696,120
697,182
698,131
699,169
700,136
701,238
702,235
703,244
704,113
705,210
706,57
707,170
708,162
709,240
710,169
711,230
712,106
713,237
714,170
715,120
716,164
717,247
718,208
719,89
720,212
721,192
722,159
723,102
724,216
725,142
726,191
727,25
728,120
729,218
730,210
731,120
732,183
733,183
734,238
735,186
736,220
737,170
738,182
739,76
740,176
741,220
742,100
743,241
744,227
745,122
746,203
747,77
748,167
749,205
750,95
751,202
752,204
753,195
754,209
755,236
756,204
757,217
758,242
759,136
760,182
761,252
762,244
763,217
764,228
765,220
766,239
767,157
768,219
769,189
770,236
771,87
772,234
773,193
774,134
775,245
776,193
777,236
778,210
779,243
780,170
781,218
782,106
783,194
784,142
785,189
786,90
787,190
788,106
789,227
790,193
791,134
792,111
793,217
794,229
795,100
796,88
797,243
798,86
799,116
800,238
801,153
802,193
803,236
804,245
805,151
806,119
807,204
808,213
809,205
810,220
811,210
812,172
813,152
814,215
815,195
816,145
817,186
818,234
819,195
820,172
821,168
822,229
823,213
824,197
825,184
826,229
827,147
828,247
829,211
830,202
831,201
832,124
833,225
834,168
835,162
836,196
837,161
838,248
839,232
840,94
841,154
842,180
843,214
844,144
845,138
846,139
847,240
848,198
849,220
850,205
851,69
852,105
853,151
854,191
855,139
856,208
857,245
858,165
859,227
860,219
861,146
862,201
863,180
864,175
865,228
866,226
867,241
868,242
869,244
870,178
871,215
872,220
873,191
874,170
875,223
876,161
877,191
878,172
879,182
880,107
881,205
882,205
883,158
884,194
885,151
886,225
887,243
888,171
889,238
890,203
891,81
892,86
893,201
894,187
895,162
896,183
897,57
898,193
899,207
900,174
901,153
902,213
903,172
904,231
905,142
906,217
907,157
908,191
909,161
910,145
911,219
912,114
913,212
914,152
915,241
916,194
917,176
918,185
919,62
920,171
921,149
922,137
923,180
924,192
925,179
926,149
927,201
928,146
929,212
930,114
931,125
932,160
933,219
934,187
935,155
936,177
937,229
938,198
939,119
940,170
941,219
942,171
943,176
944,219
945,166
946,201
947,134
948,201
949,147
950,161
951,165
952,220
953,235
954,194
955,242
956,202
957,215
958,173
959,92
960,192
961,236
962,101
963,226
964,189
965,93
966,119
967,190
968,133
969,217
970,231
971,162
972,170
973,88
974,181
975,133
976,198
977,112
978,212
979,239
980,211
981,208
982,157
983,168
984,151
985,238
986,196
987,235
988,235
989,127
990,242
991,161
992,186
993,208
994,221
995,203
996,165
997,240
998,151
999,216
1000,216
1001,149
1002,179
1003,245
1004,219
1005,238
1006,166
1007,196
1008,185
1009,184
1010,236
1011,193
1012,168
1013,200
1014,213
1015,226
1016,150
1017,219
1018,219
1019,246
1020,223
1021,247
1022,153
1023,162
1024,151
1025,219
1026,209
1027,84
1028,192
1029,185
1030,229
1031,171
1032,136
1033,156
1034,207
1035,196
1036,226
1037,176
1038,230
1039,168
1040,206
1041,146
1042,199
1043,167
1044,151
1045,220
1046,198
1047,154
1048,231
1049,135
1050,203
1051,199
1052,198
1053,203
1054,154
1055,192
1056,241
1057,213
1058,146
1059,210
1060,232
1061,160
1062,203
1063,178
1064,222
1065,223
1066,176
1067,236
1068,245
1069,211
1070,227
1071,202
1072,123
1073,223
1074,241
1075,188
1076,220
1077,201
1078,158
1079,175
1080,234
1081,159
1082,181
1083,143
1084,210
1085,225
1086,216
1087,148
1088,205
1089,144
1090,226
1091,184
1092,209
1093,181
1094,211
1095,236
1096,117
1097,223
1098,213
1099,215
1100,205
1101,227
1102,238
1103,224
1104,168
1105,223
1106,212
1107,122
1108,225
1109,215
1110,170
1111,153
1112,132
1113,230
1114,229
1115,174
1116,225
1117,178
1118,193
1119,141
1120,222
1121,209
1122,166
1123,148
1124,165
1125,150
1126,245
1127,222
1128,181
1129,204
1130,178
1131,241
1132,160
1133,240
1134,163
1135,206
1136,227
1137,194
1138,249
1139,185
1140,247
1141,193
1142,201
1143,132
1144,120
1145,150
1146,66
1147,252
1148,159
1149,215
1150,112
1151,230
1152,199
1153,195
1154,165
1155,197
1156,196
1157,211
1158,211
1159,227
1160,151
1161,235
1162,97
1163,249
1164,153
1165,235
1166,178
1167,225
1168,239
1169,209
1170,186
1171,195
1172,215
1173,188
1174,242
1175,248
1176,219
1177,198
1178,246
1179,121
1180,154
1181,145
1182,144
1183,146
1184,225
1185,239
1186,224
1187,195
1188,124
1189,223
1190,225
1191,139
1192,246
1193,208
1194,229
1195,246
1196,209
1197,187
1198,160
1199,235
1200,167
1201,248
1202,172
1203,217
1204,194
1205,191
1206,129
1207,180
1208,140
1209,212
1210,193
1211,219
1212,213
1213,210
1214,73
1215,183
1216,111
1217,203
1218,140
1219,249
1220,198
1221,198
1222,72
1223,121
1224,174
1225,29
1226,239
1227,126
1228,149
1229,238
1230,117
1231,71
1232,150
1233,182
1234,140
1235,203
1236,192
1237,186
1238,170
1239,213
1240,180
1241,156
1242,116
1243,228
1244,231
1245,248
1246,231
1247,144
1248,240
1249,180
1250,235
1251,173
1252,175
1253,192
1254,130
1255,154
1256,184
1257,239
1258,150
1259,114
1260,175
1261,222
1262,61
1263,247
1264,187
1265,169
1266,64
1267,120
1268,239
1269,232
1270,239
1271,204
1272,183
1273,221
1274,247
1275,222
1276,168
1277,94
1278,220
1279,250
1280,195
1281,126
1282,235
1283,142
1284,187
1285,112
1286,189
1287,7
1288,167
1289,194
1290,234
1291,224
1292,97
1293,190
1294,111
1295,137
1296,243
1297,90
1298,178
1299,72
1300,246
1301,160
1302,240
1303,165
1304,195
1305,232
1306,216
1307,234
1308,76
1309,178
1310,148
1311,165
1312,75
1313,233
1314,229
1315,219
1316,113
1317,190
1318,150
1319,206
1320,113
1321,132
1322,180
1323,239
1324,141
1325,154
1326,164
1327,107
1328,141
1329,223
1330,188
1331,112
1332,130
1333,168
1334,163
1335,153
1336,103
1337,129
1338,73
1339,213
1340,114
1341,197
1342,221
1343,211
1344,101
1345,80
1346,247
1347,118
1348,216
1349,168
1350,230
1351,40
1352,185
1353,17
1354,222
1355,91
1356,223
1357,213
1358,174
1359,176
1360,232
1361,135
1362,186
1363,60
1364,242
1365,240
1366,167
1367,175
1368,161
1369,125
1370,214
1371,206
1372,117
1373,146
1374,238
1375,243
1376,147
1377,203
1378,157
1379,224
1380,207
1381,147
1382,214
1383,230
1384,229
1385,87
1386,240
1387,218
1388,17
1389,56
1390,55
1391,218
1392,173
1393,171
1394,199
1395,95
1396,126
1397,85
1398,173
1399,177
1400,179
1401,211
1402,138
1403,209
1404,228
1405,149
1406,200
1407,103
1408,141
1409,213
1410,171
1411,204
1412,219
1413,201
1414,234
1415,137
1416,181
1417,137
1418,237
1419,205
1420,177
1421,223
1422,248
1423,107
1424,147
1425,244
1426,72
1427,140
1428,208
1429,202
1430,83
1431,189
1432,218
1433,134
1434,143
1435,241
1436,146
1437,154
1438,239
1439,243
1440,237
1441,102
1442,142
1443,244
1444,220
1445,225
1446,162
1447,168
1448,187
1449,107
1450,76
1451,187
1452,203
1453,107
1454,237
1455,245
1456,183
1457,77
1458,168
1459,154
1460,202
1461,226
1462,34
1463,164
1464,89
1465,193
1466,214
1467,224
1468,227
1469,165
1470,116
1471,185
1472,154
1473,160
1474,224
1475,203
1476,200
1477,131
1478,217
1479,172
1480,202
1481,153
1482,234
1483,225
1484,222
1485,120
1486,246
1487,175
1488,243
1489,225
1490,207
1491,54
1492,231
1493,218
1494,250
1495,234
1496,249
1497,219
1498,231
1499,173
1500,156
1501,191
1502,188
1503,165
1504,160
1505,165
1506,149
1507,140
1508,186
1509,190
1510,134
1511,189
1512,154
1513,114
1514,144
1515,236
1516,205
1517,211
1518,226
1519,121
1520,201
1521,240
1522,185
1523,78
1524,143
1525,225
1526,204
1527,212
1528,195
1529,229
1530,171
1531,111
1532,170
1533,238
1534,132
1535,119
1536,145
1537,168
1538,143
1539,221
1540,187
1541,234
1542,78
1543,219
1544,136
1545,145
1546,184
1547,165
1548,51
1549,191
1550,50
1551,114
1552,159
1553,195
1554,208
1555,168
1556,128
1557,232
1558,187
1559,147
1560,235
1561,108
1562,245
1563,161
1564,137
1565,169
1566,122
1567,172
1568,238
1569,45
1570,186
1571,199
1572,242
1573,237
1574,202
1575,246
1576,115
1577,166
1578,72
1579,231
1580,215
1581,148
1582,117
1583,232
1584,177
1585,200
1586,207
1587,159
1588,202
1589,132
1590,235
1591,235
1592,209
1593,202
1594,182
1595,49
1596,163
1597,140
1598,114
1599,136
1600,220
1601,210
1602,159
1603,174
1604,240
1605,220
1606,198
1607,174
1608,244
1609,209
1610,252
1611,153
1612,207
1613,223
1614,152
1615,167
1616,235
1617,162
1618,181
1619,171
1620,181
1621,216
1622,240
1623,197
1624,215
1625,196
1626,115
1627,98
1628,234
1629,176
1630,175
1631,227
1632,208
1633,194
1634,190
1635,234
1636,196
1637,234
1638,126
1639,208
1640,221
1641,182
1642,217
1643,191
1644,226
1645,212
1646,222
1647,254
1648,254
1649,249
1650,232
1651,240
1652,180
1653,130
1654,155
1655,249
1656,213
1657,175
1658,248
1659,222
1660,233
1661,167
1662,195
1663,217
1664,168
1665,249
1666,178
1667,188
1668,149
1669,202
1670,206
1671,203
1672,250
1673,255
1674,206
1675,244
1676,220
1677,236
1678,186
1679,178
1680,226
1681,155
1682,225
1683,186
1684,173
1685,240
1686,169
1687,231
1688,241
1689,159
1690,129
1691,137
1692,220
1693,168
1694,108
1695,176
1696,200
1697,31
1698,223
1699,249
1700,154
1701,224
1702,140
1703,233
1704,225
1705,198
1706,232
1707,137
1708,180
1709,233
1710,196
1711,222
1712,146
1713,181
1714,40
1715,221
1716,233
1717,197
1718,128
1719,222
1720,170
1721,132
1722,196
1723,41
1724,138
1725,198
1726,238
1727,182
1728,178
1729,143
1730,157
1731,230
1732,155
1733,214
1734,154
1735,210
1736,141
1737,188
1738,205
1739,230
1740,93
1741,156
1742,162
1743,233
1744,251
1745,158
1746,141
1747,139
1748,178
1749,179
1750,78
1751,151
1752,151
1753,90
1754,192
1755,222
1756,230
1757,153
1758,234
1759,190
1760,114
1761,38
1762,220
1763,143
1764,218
1765,141
1766,158
1767,166
1768,231
1769,142
1770,201
1771,147
1772,130
1773,172
1774,119
1775,245
1776,243
1777,167
1778,114
1779,190
1780,222
1781,204
1782,83
1783,32
1784,202
1785,133
1786,102
1787,216
1788,209
1789,119
1790,242
1791,249
1792,220
1793,119
1794,199
1795,233
1796,142
1797,193
1798,219
1799,202
1800,178
1801,227
1802,234
1803,140
1804,223
1805,219
1806,210
1807,205
1808,218
1809,234
1810,190
1811,201
1812,164
1813,246
1814,164
1815,164
1816,202
1817,185
1818,160
1819,85
1820,148
1821,212
1822,194
1823,144
1824,214
1825,159
1826,174
1827,195
1828,200
1829,235
1830,214
1831,235
1832,217
1833,148
1834,58
1835,209
1836,190
1837,136
1838,240
1839,221
1840,237
1841,225
1842,215
1843,151
1844,144
1845,100
1846,88
1847,169
1848,217
1849,137
1850,185
1851,200
1852,211
1853,168
1854,191
1855,151
1856,195
1857,241
1858,190
1859,211
1860,227
1861,114
1862,158
1863,235
1864,245
1865,121
1866,232
1867,246
1868,127
1869,249
1870,239
1871,203
1872,168
1873,213
1874,228
1875,230
1876,156
1877,150
1878,205
1879,183
1880,244
1881,166
1882,249
1883,224
1884,165
1885,219
1886,194
1887,125
1888,179
1889,167
1890,237
1891,120
1892,252
1893,240
1894,199
1895,244
1896,130
1897,189
1898,200
1899,159
1900,116
1901,239
1902,160
1903,211
1904,190
1905,203
1906,59
1907,169
1908,236
1909,128
1910,176
1911,247
1912,194
1913,120
1914,113
1915,243
1916,238
1917,240
1918,232
1919,136
1920,208
1921,180
1922,249
1923,200
1924,92
1925,179
1926,214
1927,164
1928,129
1929,159
1930,111
1931,159
1932,248
1933,165
1934,155
1935,254
1936,203
1937,174
1938,195
1939,163
1940,145
1941,241
1942,247
1943,190
1944,105
1945,159
1946,213
1947,220
1948,231
1949,231
1950,207
1951,201
1952,212
1953,202
1954,152
1955,150
1956,217
1957,187
1958,207
1959,206
1960,222
1961,149
1962,68
1963,148
1964,77
1965,219
1966,234
1967,192
1968,196
1969,247
1970,121
1971,190
1972,226
1973,107
1974,198
1975,200
1976,185
1977,187
1978,179
1979,207
1980,150
1981,234
1982,237
1983,231
1984,173
1985,208
1986,208
1987,253
1988,228
1989,242
1990,184
1991,142
1992,241
1993,227
1994,144
1995,235
1996,109
1997,138
1998,233
1999,212
2000,151
2001,128
2002,97
2003,136
2004,186
2005,177
2006,216
2007,245
2008,35
2009,41
2010,249
2011,121
2012,230
2013,210
2014,108
2015,128
2016,163
2017,249
2018,182
2019,227
2020,245
2021,136
2022,192
2023,244
2024,182
2025,66
2026,216
2027,206
2028,142
2029,96
2030,223
2031,213
2032,42
2033,233
2034,153
2035,208
2036,231
2037,158
2038,245
2039,180
2040,200
2041,121
2042,171
2043,244
2044,121
2045,71
2046,239
2047,87
2048,84
2049,147
2050,206
2051,125
2052,121
2053,153
2054,230
2055,234
2056,29
2057,134
2058,201
2059,234
2060,180
2061,157
2062,173
2063,148
2064,197
2065,200
2066,230
2067,116
2068,138
2069,100
2070,200
2071,243
2072,121
2073,216
2074,208
2075,226
2076,225
2077,206
2078,165
2079,173
2080,202
2081,144
2082,139
2083,205
2084,220
2085,168
2086,187
2087,190
2088,234
2089,230
2090,177
2091,68
2092,239
2093,116
2094,182
2095,231
2096,193
2097,200
2098,169
2099,151
2100,81
2101,186
2102,171
2103,166
2104,217
2105,190
2106,186
2107,148
2108,182
2109,161
2110,234
2111,83
2112,179
2113,128
2114,70
2115,217
2116,77
2117,146
2118,154
2119,247
2120,209
2121,228
2122,150
2123,197
2124,245
2125,38
2126,176
2127,233
2128,223
2129,98
2130,138
2131,238
2132,67
2133,243
2134,151
2135,61
2136,208
2137,147
2138,178
2139,77
2140,120
2141,130
2142,182
2143,219
2144,136
2145,201
2146,93
2147,239
2148,99
2149,86
2150,166
2151,200
2152,86
2153,170
2154,217
2155,212
2156,184
2157,190
2158,216
2159,198
2160,145
2161,161
2162,150
2163,154
2164,173
2165,236
2166,156
2167,20
2168,120
2169,241
2170,238
2171,130
2172,217
2173,188
2174,218
2175,199
2176,190
2177,228
2178,133
2179,240
2180,136
2181,237
2182,0
2183,170
2184,136
2185,217
2186,99
2187,226
2188,232
2189,149
2190,188
2191,49
2192,207
2193,107
2194,203
2195,119
2196,224
2197,133
2198,217
2199,161
2200,197
2201,62
2202,232
2203,139
2204,144
2205,238
2206,94
2207,135
2208,168
2209,61
2210,153
2211,168
2212,160
2213,128
2214,161
2215,212
2216,222
2217,139
2218,39
2219,82
2220,190
2221,109
2222,208
2223,221
2224,162
2225,188
2226,218
2227,96
2228,157
2229,208
2230,249
2231,70
2232,137
2233,228
2234,222
2235,204
2236,123
2237,161
2238,155
2239,208
2240,163
2241,243
2242,191
2243,221
2244,245
2245,215
2246,201
2247,188
2248,22
2249,115
2250,186
2251,207
2252,222
2253,148
2254,132
2255,180
2256,163
2257,86
2258,193
2259,156
2260,184
2261,190
2262,196
2263,207
2264,244
2265,170
2266,137
2267,214
2268,232
2269,102
2270,117
2271,232
2272,134
2273,224
2274,189
2275,207
2276,174
2277,109
2278,0
2279,135
2280,175
2281,139
2282,183
2283,155
2284,72
2285,245
2286,68
2287,207
2288,243
2289,200
2290,171
2291,220
2292,98
2293,187
2294,139
2295,242
2296,170
2297,201
2298,227
2299,115
2300,213
2301,150
2302,211
2303,241
2304,166
2305,131
2306,0
2307,89
2308,220
2309,193
2310,212
2311,198
2312,220
2313,228
2314,177
2315,150
2316,70
2317,160
2318,251
2319,130
2320,235
2321,217
2322,134
2323,201
2324,202
2325,220
2326,155
2327,240
2328,138
2329,246
2330,125
2331,198
2332,205
2333,189
2334,201
2335,229
2336,103
2337,128
2338,217
2339,194
2340,216
2341,198
2342,181
2343,169
2344,234
2345,228
2346,189
2347,150
2348,216
2349,218
2350,172
2351,122
2352,205
2353,165
2354,206
2355,172
2356,172
2357,141
2358,220
2359,185
2360,179
2361,113
2362,198
2363,89
2364,235
2365,161
2366,243
2367,117
2368,217
2369,229
2370,193
2371,108
2372,239
2373,180
2374,95
2375,149
2376,215
2377,103
2378,69
2379,243
2380,158
2381,193
2382,151
2383,222
2384,70
2385,154
2386,212
2387,222
2388,142
2389,147
2390,201
2391,198
2392,180
2393,142
2394,90
2395,183
2396,219
2397,145
2398,208
2399,206
