0,200
1,169
2,182
3,222
4,188
5,102
6,192
7,236
8,228
9,164
10,146
11,237
12,189
13,183
14,230
15,189
16,211
17,218
18,242
19,239
20,240
21,106
22,170
23,195
24,243
25,227
26,99
27,45
28,212
29,169
30,37
31,176
32,183
33,237
34,228
35,228
36,236
37,222
38,208
39,244
40,184
41,249
42,198
43,119
44,227
45,210
46,171
47,234
48,149
49,184
50,199
51,217
52,76
53,217
54,205
55,193
56,179
57,196
58,206
59,254
60,234
61,150
62,187
63,217
64,205
65,217
66,250
67,241
68,178
69,138
70,190
71,201
72,169
73,227
74,238
75,158
76,212
77,36
78,210
79,185
80,239
81,243
82,151
83,168
84,219
85,221
86,167
87,201
88,148
89,207
90,188
91,246
92,187
93,184
94,148
95,218
96,226
97,208
98,247
99,177
100,256
101,251
102,179
103,92
104,251
105,216
106,213
107,205
108,182
109,14
110,151
111,191
112,208
113,235
114,246
115,215
116,235
117,228
118,233
119,236
120,172
121,213
122,108
123,38
124,193
125,197
126,228
127,143
128,207
129,158
130,174
131,214
132,226
133,242
134,176
135,197
136,186
137,192
138,110
139,169
140,254
141,233
142,223
143,137
144,182
145,169
146,174
147,190
148,210
149,205
150,95
151,219
152,243
153,198
154,183
155,245
156,249
157,177
158,45
159,149
160,227
161,183
162,221
163,138
164,238
165,22
166,132
167,169
168,164
169,252
170,217
171,166
172,208
173,122
174,231
175,196
176,212
177,211
178,237
179,0
180,166
181,50
182,186
183,219
184,199
185,212
186,226
187,146
188,133
189,239
190,247
191,217
192,110
193,252
194,194
195,239
196,175
197,202
198,164
199,208
200,195
201,210
202,187
203,204
204,253
205,184
206,152
207,216
208,220
209,176
210,179
211,190
212,244
213,231
214,65
215,178
216,205
217,179
218,239
219,198
220,138
221,238
222,190
223,109
224,226
225,253
226,243
227,170
228,221
229,227
230,166
231,188
232,230
233,217
234,187
235,215
236,146
237,213
238,140
239,222
240,230
241,160
242,248
243,173
244,243
245,232
246,225
247,251
248,194
249,210
250,157
251,135
252,199
253,203
254,235
255,249
256,254
257,227
258,193
259,185
260,136
261,203
262,226
263,56
264,220
265,221
266,160
267,145
268,225
269,201
270,196
271,205
272,192
273,252
274,195
275,210
276,227
277,137
278,250
279,198
280,183
281,206
282,232
283,181
284,146
285,224
286,192
287,221
288,228
289,200
290,159
291,230
292,184
293,116
294,211
295,169
296,130
297,136
298,98
299,202
300,176
301,193
302,237
303,184
304,231
305,217
306,168
307,209
308,219
309,249
310,222
311,177
312,184
313,248
314,253
315,168
316,109
317,206
318,233
319,175
320,197
321,125
322,164
323,210
324,203
325,236
326,137
327,248
328,203
329,174
330,235
331,252
332,183
333,211
334,225
335,219
336,179
337,207
338,223
339,113
340,109
341,251
342,237
343,205
344,167
345,176
346,125
347,93
348,104
349,94
350,131
351,187
352,123
353,154
354,199
355,214
356,200
357,231
358,224
359,144
360,202
361,180
362,213
363,150
364,237
365,194
366,198
367,239
368,242
369,102
370,182
371,201
372,157
373,145
374,248
375,164
376,204
377,234
378,120
379,224
380,189
381,122
382,141
383,220
384,197
385,252
386,205
387,100
388,188
389,228
390,238
391,189
392,242
393,157
394,173
395,0
396,216
397,213
398,157
399,230
400,134
401,170
402,217
403,174
404,187
405,224
406,228
407,81
408,217
409,232
410,198
411,128
412,226
413,251
414,211
415,151
416,163
417,68
418,216
419,105
420,229
421,206
422,230
423,241
424,213
425,238
426,228
427,144
428,132
429,178
430,235
431,227
432,214
433,245
434,200
435,180
436,171
437,226
438,220
439,217
440,207
441,129
442,195
443,195
444,181
445,181
446,12
447,203
448,131
449,224
450,70
451,211
452,210
453,174
454,234
455,221
456,204
457,246
458,211
459,254
460,242
461,245
462,250
463,190
464,218
465,176
466,160
467,185
468,115
469,168
470,96
471,183
472,195
473,154
474,192
475,245
476,226
477,194
478,224
479,150
480,175
481,242
482,246
483,250
484,166
485,170
486,228
487,73
488,164
489,236
490,170
491,156
492,198
493,49
494,170
495,158
496,235
497,217
498,243
499,240
500,208
501,202
502,237
503,248
504,164
505,243
506,130
507,209
508,102
509,72
510,225
511,230
512,221
513,251
514,165
515,235
516,194
517,171
518,107
519,233
520,68
521,218
522,178
523,73
524,198
525,238
526,213
527,229
528,219
529,226
530,180
531,212
532,86
533,188
534,251
535,129
536,227
537,230
538,121
539,86
540,216
541,247
542,216
543,198
544,224
545,133
546,191
547,108
548,108
549,256
550,179
551,121
552,224
553,160
554,91
555,207
556,0
557,232
558,146
559,191
560,139
561,209
562,192
563,121
564,227
565,174
566,253
567,254
568,223
569,244
570,208
571,116
572,234
573,231
574,200
575,194
576,226
577,148
578,222
579,255
580,198
581,90
582,219
583,254
584,247
585,124
586,180
587,214
588,204
589,83
590,233
591,230
592,249
593,163
594,175
595,232
596,237
597,248
598,150
599,236
600,157
601,204
602,123
603,225
604,161
605,159
606,187
607,200
608,191
609,137
610,222
611,249
612,203
613,249
614,66
615,253
616,132
617,127
618,151
619,132
620,199
621,220
622,133
623,235
624,138
625,189
626,219
627,209
628,218
629,178
630,193
631,206
632,232
633,210
634,215
635,190
636,183
637,78
638,68
639,229
640,80
641,177
642,192
643,183
644,237
645,227
646,238
647,222
648,184
649,191
650,159
651,250
652,158
653,151
654,0
655,199
656,145
657,247
658,237
659,123
660,214
661,206
662,184
663,192
664,230
665,91
666,235
667,133
668,224
669,124
670,186
671,215
672,8
673,239
674,192
675,228
676,162
677,132
678,208
679,226
680,245
681,149
682,248
683,149
684,208
685,229
686,167
687,193
688,198
689,146
690,247
691,229
692,210
693,196
694,165
695,224
696,126
697,234
698,34
699,133
700,225
701,227
702,160
703,254
704,199
705,229
706,90
707,247
708,69
709,141
710,248
711,251
712,252
713,218
714,130
715,173
716,193
717,221
718,152
719,83
720,139
721,236
722,99
723,224
724,222
725,182
726,131
727,254
728,19
729,206
730,210
731,155
732,230
733,131
734,237
735,148
736,171
737,192
738,220
739,181
740,241
741,214
742,138
743,175
744,186
745,180
746,100
747,254
748,203
749,240
750,177
751,43
752,198
753,120
754,250
755,112
756,232
757,205
758,194
759,238
760,193
761,117
762,207
763,231
764,187
765,243
766,149
767,198
768,144
769,225
770,162
771,218
772,134
773,234
774,199
775,164
776,200
777,239
778,194
779,123
780,227
781,174
782,97
783,242
784,212
785,250
786,239
787,73
788,127
789,231
790,253
791,109
792,203
793,240
794,201
795,231
796,136
797,177
798,232
799,256
800,171
801,237
802,207
803,188
804,186
805,232
806,243
807,205
808,249
809,218
810,217
811,134
812,186
813,236
814,195
815,210
816,206
817,152
818,97
819,205
820,251
821,217
822,0
823,219
824,224
825,184
826,191
827,233
828,210
829,242
830,173
831,200
832,206
833,126
834,183
835,153
836,171
837,138
838,163
839,167
840,235
841,235
842,236
843,233
844,199
845,234
846,107
847,187
848,235
849,154
850,220
851,184
852,182
853,250
854,187
855,164
856,73
857,245
858,182
859,156
860,236
861,202
862,181
863,227
864,185
865,160
866,223
867,239
868,144
869,221
870,202
871,228
872,209
873,208
874,245
875,240
876,199
877,226
878,196
879,217
880,246
881,159
882,4
883,239
884,178
885,225
886,150
887,217
888,211
889,71
890,250
891,218
892,211
893,195
894,176
895,254
896,238
897,235
898,149
899,166
900,143
901,206
902,198
903,148
904,136
905,190
906,116
907,24
908,204
909,224
910,236
911,205
912,99
913,211
914,245
915,220
916,133
917,188
918,173
919,208
920,213
921,180
922,193
923,238
924,251
925,166
926,224
927,145
928,243
929,230
930,232
931,234
932,179
933,239
934,180
935,245
936,232
937,157
938,45
939,250
940,239
941,220
942,121
943,204
944,204
945,238
946,224
947,172
948,179
949,256
950,183
951,243
952,157
953,232
954,246
955,126
956,236
957,247
958,209
959,209
960,222
961,251
962,250
963,158
964,182
965,193
966,251
967,253
968,221
969,167
970,212
971,130
972,202
973,136
974,172
975,165
976,237
977,156
978,226
979,233
980,121
981,255
982,161
983,228
984,237
985,111
986,0
987,236
988,155
989,175
990,133
991,164
992,143
993,222
994,206
995,171
996,204
997,221
998,190
999,251
1000,242
1001,189
1002,249
1003,97
1004,192
1005,180
1006,191
1007,197
1008,166
1009,137
1010,109
1011,171
1012,249
1013,219
1014,230
1015,191
1016,216
1017,218
1018,200
1019,221
1020,228
1021,115
1022,240
1023,180
1024,118
1025,254
1026,209
1027,221
1028,247
1029,198
1030,196
1031,141
1032,101
1033,246
1034,186
1035,248
1036,90
1037,46
1038,173
1039,123
1040,215
1041,173
1042,169
1043,201
1044,153
1045,214
1046,170
1047,188
1048,172
1049,164
1050,214
1051,256
1052,217
1053,192
1054,154
1055,162
1056,180
1057,247
1058,93
1059,196
1060,219
1061,169
1062,212
1063,223
1064,199
1065,234
1066,98
1067,226
1068,223
1069,250
1070,251
1071,178
1072,154
1073,215
1074,128
1075,254
1076,219
1077,246
1078,215
1079,246
1080,182
1081,219
1082,134
1083,186
1084,230
1085,198
1086,169
1087,169
1088,90
1089,192
1090,111
1091,214
1092,128
1093,115
1094,122
1095,222
1096,110
1097,119
1098,136
1099,194
1100,219
1101,238
1102,141
1103,189
1104,242
1105,163
1106,174
1107,250
1108,227
1109,224
1110,254
1111,232
1112,248
1113,239
1114,147
1115,219
1116,188
1117,149
1118,175
1119,187
1120,234
1121,151
1122,163
1123,162
1124,152
1125,243
1126,102
1127,180
1128,92
1129,215
1130,250
1131,256
1132,201
1133,241
1134,102
1135,208
1136,172
1137,157
1138,195
1139,111
1140,241
1141,237
1142,237
1143,131
1144,123
1145,194
1146,185
1147,219
1148,178
1149,173
1150,40
1151,245
1152,113
1153,204
1154,244
1155,166
1156,254
1157,231
1158,226
1159,242
1160,183
1161,227
1162,181
1163,240
1164,124
1165,184
1166,243
1167,184
1168,162
1169,142
1170,240
1171,198
1172,193
1173,211
1174,193
1175,235
1176,111
1177,220
1178,183
1179,237
1180,115
1181,194
1182,173
1183,226
1184,157
1185,245
1186,256
1187,111
1188,137
1189,231
1190,236
1191,233
1192,200
1193,252
1194,248
1195,229
1196,161
1197,180
1198,170
1199,72
1200,95
1201,255
1202,230
1203,229
1204,121
1205,238
1206,220
1207,219
1208,150
1209,231
1210,199
1211,180
1212,211
1213,126
1214,247
1215,0
1216,223
1217,0
1218,187
1219,244
1220,246
1221,170
1222,117
1223,228
1224,135
1225,81
1226,201
1227,189
1228,66
1229,135
1230,171
1231,156
1232,166
1233,240
1234,128
1235,88
1236,144
1237,118
1238,205
1239,246
1240,172
1241,226
1242,210
1243,210
1244,177
1245,69
1246,254
1247,241
1248,171
1249,211
1250,185
1251,216
1252,175
1253,245
1254,220
1255,193
1256,225
1257,160
1258,216
1259,244
1260,230
1261,239
1262,188
1263,253
1264,214
1265,191
1266,186
1267,211
1268,177
1269,239
1270,203
1271,220
1272,215
1273,233
1274,122
1275,184
1276,142
1277,225
1278,217
1279,182
1280,166
1281,188
1282,141
1283,203
1284,244
1285,33
1286,182
1287,49
1288,166
1289,196
1290,153
1291,91
1292,218
1293,105
1294,222
1295,165
1296,230
1297,238
1298,163
1299,252
1300,16
1301,238
1302,216
1303,205
1304,216
1305,129
1306,165
1307,199
1308,139
1309,174
1310,198
1311,206
1312,203
1313,186
1314,222
1315,256
1316,225
1317,199
1318,191
1319,96
1320,203
1321,111
1322,205
1323,245
1324,41
1325,162
1326,175
1327,250
1328,187
1329,219
1330,195
1331,187
1332,255
1333,217
1334,240
1335,173
1336,180
1337,150
1338,193
1339,195
1340,248
1341,254
1342,198
1343,210
1344,233
1345,224
1346,206
1347,254
1348,185
1349,173
1350,226
1351,232
1352,163
1353,229
1354,239
1355,86
1356,177
1357,110
1358,192
1359,74
1360,234
1361,246
1362,223
1363,187
1364,159
1365,178
1366,54
1367,238
1368,156
1369,234
1370,245
1371,191
1372,253
1373,182
1374,193
1375,212
1376,208
1377,218
1378,18
1379,177
1380,194
1381,198
1382,196
1383,235
1384,79
1385,151
1386,165
1387,204
1388,86
1389,247
1390,216
1391,195
1392,153
1393,242
1394,217
1395,222
1396,197
1397,240
1398,143
1399,230
1400,149
1401,219
1402,205
1403,198
1404,169
1405,188
1406,255
1407,0
1408,139
1409,137
1410,206
1411,229
1412,229
1413,237
1414,207
1415,218
1416,72
1417,223
1418,158
1419,27
1420,225
1421,230
1422,199
1423,256
1424,176
1425,194
1426,243
1427,150
1428,163
1429,188
1430,226
1431,121
1432,165
1433,232
1434,194
1435,164
1436,243
1437,230
1438,156
1439,224
1440,212
1441,247
1442,163
1443,251
1444,158
1445,246
1446,227
1447,230
1448,227
1449,183
1450,182
1451,161
1452,240
1453,126
1454,228
1455,232
1456,243
1457,180
1458,217
1459,186
1460,110
1461,194
1462,229
1463,215
1464,47
1465,222
1466,249
1467,229
1468,195
1469,181
1470,103
1471,239
1472,226
1473,219
1474,0
1475,210
1476,138
1477,209
1478,171
1479,205
1480,203
1481,68
1482,232
1483,103
1484,204
1485,202
1486,180
1487,251
1488,175
1489,220
1490,191
1491,251
1492,185
1493,252
1494,172
1495,237
1496,232
1497,194
1498,145
1499,200
1500,60
1501,210
1502,107
1503,159
1504,147
1505,132
1506,169
1507,223
1508,246
1509,159
1510,124
1511,242
1512,88
1513,141
1514,225
1515,176
1516,189
1517,196
1518,232
1519,198
1520,190
1521,208
1522,242
1523,249
1524,160
1525,219
1526,226
1527,178
1528,153
1529,196
1530,158
1531,221
1532,114
1533,41
1534,177
1535,207
1536,236
1537,158
1538,157
1539,237
1540,180
1541,250
1542,250
1543,218
1544,192
1545,126
1546,242
1547,156
1548,147
1549,151
1550,166
1551,121
1552,222
1553,221
1554,65
1555,224
1556,48
1557,210
1558,232
1559,173
1560,164
1561,189
1562,254
1563,187
1564,241
1565,143
1566,234
1567,235
1568,216
1569,169
1570,243
1571,241
1572,192
1573,236
1574,193
1575,198
1576,188
1577,237
1578,179
1579,238
1580,238
1581,238
1582,149
1583,198
1584,104
1585,163
1586,237
1587,239
1588,222
1589,209
1590,239
1591,191
1592,152
1593,132
1594,172
1595,231
1596,213
1597,141
1598,205
1599,176
1600,184
1601,182
1602,200
1603,218
1604,209
1605,240
1606,130
1607,221
1608,135
1609,194
1610,134
1611,219
1612,254
1613,192
1614,223
1615,170
1616,176
1617,154
1618,197
1619,218
1620,225
1621,101
1622,170
1623,210
1624,159
1625,184
1626,176
1627,212
1628,237
1629,170
1630,236
1631,237
1632,196
1633,216
1634,148
1635,193
1636,184
1637,186
1638,145
1639,184
1640,169
1641,212
1642,240
1643,150
1644,179
1645,251
1646,118
1647,220
1648,230
1649,191
1650,238
1651,217
1652,144
1653,172
1654,114
1655,242
1656,83
1657,212
1658,74
1659,170
1660,185
1661,249
1662,167
1663,135
1664,193
1665,243
1666,148
1667,165
1668,211
1669,93
1670,221
1671,123
1672,226
1673,96
1674,212
1675,199
1676,218
1677,223
1678,218
1679,37
1680,124
1681,218
1682,221
1683,165
1684,175
1685,192
1686,237
1687,226
1688,248
1689,207
1690,232
1691,98
1692,153
1693,143
1694,157
1695,76
1696,225
1697,146
1698,217
1699,203
1700,205
1701,249
1702,252
1703,243
1704,256
1705,192
1706,242
1707,256
1708,232
1709,236
1710,197
1711,214
1712,187
1713,172
1714,177
1715,166
1716,147
1717,200
1718,216
1719,185
1720,216
1721,176
1722,219
1723,106
1724,256
1725,225
1726,173
1727,215
1728,216
1729,230
1730,147
1731,200
1732,221
1733,86
1734,162
1735,36
1736,205
1737,252
1738,182
1739,246
1740,213
1741,82
1742,255
1743,187
1744,180
1745,164
1746,175
1747,201
1748,217
1749,154
1750,234
1751,165
1752,158
1753,219
1754,252
1755,204
1756,210
1757,183
1758,231
1759,212
1760,77
1761,54
1762,249
1763,202
1764,182
1765,96
1766,251
1767,179
1768,157
1769,224
1770,0
1771,206
1772,39
1773,159
1774,69
1775,143
1776,81
1777,232
1778,110
1779,169
1780,255
1781,117
1782,209
1783,190
1784,100
1785,180
1786,208
1787,234
1788,188
1789,248
1790,192
1791,56
1792,97
1793,183
1794,77
1795,74
1796,217
1797,31
1798,159
1799,203
1800,182
1801,202
1802,182
1803,135
1804,133
1805,154
1806,127
1807,162
1808,195
1809,135
1810,160
1811,204
1812,213
1813,205
1814,176
1815,176
1816,134
1817,98
1818,129
1819,236
1820,216
1821,165
1822,232
1823,241
1824,219
1825,210
1826,230
1827,186
1828,175
1829,72
1830,120
1831,189
1832,200
1833,249
1834,117
1835,183
1836,222
1837,191
1838,208
1839,120
1840,226
1841,155
1842,245
1843,174
1844,252
1845,0
1846,138
1847,215
1848,111
1849,181
1850,234
1851,131
1852,209
1853,191
1854,153
1855,207
1856,165
1857,215
1858,239
1859,192
1860,158
1861,182
1862,141
1863,181
1864,182
1865,193
1866,181
1867,254
1868,211
1869,233
1870,195
1871,163
1872,51
1873,188
1874,210
1875,237
1876,153
1877,223
1878,240
1879,183
1880,132
1881,85
1882,217
1883,180
1884,247
1885,126
1886,97
1887,245
1888,153
1889,146
1890,228
1891,177
1892,134
1893,206
1894,253
1895,216
1896,194
1897,223
1898,191
1899,179
1900,186
1901,243
1902,208
1903,159
1904,205
1905,188
1906,218
1907,209
1908,156
1909,139
1910,202
1911,210
1912,212
1913,105
1914,120
1915,162
1916,222
1917,205
1918,144
1919,160
1920,234
1921,219
1922,222
1923,195
1924,54
1925,200
1926,226
1927,146
1928,169
1929,195
1930,141
1931,255
1932,235
1933,231
1934,207
1935,239
1936,197
1937,192
1938,34
1939,139
1940,171
1941,224
1942,209
1943,176
1944,246
1945,170
1946,135
1947,189
1948,244
1949,69
1950,161
1951,162
1952,164
1953,61
1954,248
1955,142
1956,192
1957,226
1958,180
1959,171
1960,172
1961,98
1962,181
1963,119
1964,31
1965,172
1966,220
1967,207
1968,246
1969,255
1970,246
1971,253
1972,205
1973,119
1974,223
1975,48
1976,207
1977,231
1978,179
1979,244
1980,187
1981,219
1982,236
1983,233
1984,219
1985,165
1986,244
1987,197
1988,241
1989,213
1990,240
1991,198
1992,242
1993,162
1994,68
1995,207
1996,62
1997,191
1998,211
1999,188
2000,191
2001,220
2002,200
2003,215
2004,161
2005,192
2006,211
2007,231
2008,202
2009,227
2010,227
2011,233
2012,237
2013,223
2014,169
2015,168
2016,213
2017,212
2018,197
2019,231
2020,172
2021,233
2022,126
2023,211
2024,184
2025,237
2026,217
2027,151
2028,208
2029,105
2030,254
2031,229
2032,219
2033,243
2034,184
2035,220
2036,138
2037,130
2038,179
2039,198
2040,119
2041,225
2042,34
2043,188
2044,245
2045,95
2046,256
2047,248
2048,196
2049,175
2050,67
2051,157
2052,157
2053,218
2054,211
2055,226
2056,223
2057,216
2058,216
2059,211
2060,145
2061,221
2062,81
2063,63
2064,98
2065,241
2066,230
2067,134
2068,74
2069,100
2070,189
2071,204
2072,195
2073,223
2074,253
2075,246
2076,157
2077,149
2078,241
2079,143
2080,212
2081,228
2082,217
2083,183
2084,219
2085,150
2086,141
2087,177
2088,209
2089,233
2090,162
2091,254
2092,137
2093,231
2094,207
2095,198
2096,237
2097,172
2098,190
2099,129
2100,201
2101,246
2102,175
2103,165
2104,199
2105,89
2106,242
2107,218
2108,191
2109,237
2110,195
2111,222
2112,142
2113,174
2114,210
2115,233
2116,199
2117,243
2118,231
2119,247
2120,169
2121,107
2122,210
2123,150
2124,229
2125,236
2126,163
2127,195
2128,150
2129,168
2130,231
2131,192
2132,153
2133,188
2134,141
2135,191
2136,222
2137,162
2138,256
2139,206
2140,180
2141,221
2142,202
2143,227
2144,231
2145,223
2146,128
2147,211
2148,228
2149,206
2150,188
2151,254
2152,169
2153,213
2154,238
2155,241
2156,246
2157,209
2158,168
2159,190
2160,132
2161,182
2162,12
2163,238
2164,240
2165,140
2166,231
2167,168
2168,195
2169,252
2170,230
2171,174
2172,114
2173,141
2174,165
2175,173
2176,240
2177,251
2178,208
2179,213
2180,256
2181,184
2182,156
2183,143
2184,188
2185,200
2186,152
2187,35
2188,207
2189,212
2190,169
2191,214
2192,162
2193,83
2194,252
2195,120
2196,113
2197,223
2198,135
2199,149
2200,170
2201,200
2202,240
2203,0
2204,183
2205,129
2206,244
2207,153
2208,162
2209,170
2210,133
2211,233
2212,109
2213,170
2214,220
2215,256
2216,214
2217,236
2218,208
2219,185
2220,191
2221,237
2222,217
2223,162
2224,104
2225,220
2226,216
2227,118
2228,161
2229,170
2230,243
2231,230
2232,140
2233,186
2234,152
2235,238
2236,122
2237,246
2238,225
2239,158
2240,191
2241,195
2242,195
2243,196
2244,154
2245,183
2246,162
2247,211
2248,223
2249,164
2250,225
2251,255
2252,144
2253,220
2254,251
2255,216
2256,119
2257,224
2258,176
2259,100
2260,201
2261,208
2262,232
2263,138
2264,243
2265,60
2266,227
2267,208
2268,0
2269,173
2270,165
2271,101
2272,250
2273,180
2274,233
2275,177
2276,256
2277,235
2278,183
2279,180
2280,231
2281,140
2282,172
2283,78
2284,252
2285,230
2286,110
2287,222
2288,242
2289,232
2290,206
2291,203
2292,243
2293,113
2294,146
2295,152
2296,156
2297,149
2298,251
2299,218
2300,214
2301,207
2302,250
2303,245
2304,240
2305,232
2306,167
2307,140
2308,210
2309,215
2310,186
2311,128
2312,242
2313,222
2314,251
2315,256
2316,191
2317,0
2318,128
2319,218
2320,205
2321,216
2322,236
2323,246
2324,246
2325,219
2326,161
2327,233
2328,150
2329,190
2330,196
2331,172
2332,196
2333,186
2334,219
2335,205
2336,163
2337,231
2338,225
2339,143
2340,236
2341,186
2342,256
2343,209
2344,201
2345,220
2346,236
2347,210
2348,241
2349,211
2350,161
2351,239
2352,87
2353,83
2354,162
2355,245
2356,224
2357,215
2358,198
2359,69
2360,223
2361,117
2362,82
2363,229
2364,205
2365,181
2366,158
2367,246
2368,123
2369,124
2370,242
2371,215
2372,116
2373,246
2374,230
2375,232
2376,214
2377,0
2378,255
2379,248
2380,211
2381,182
2382,165
2383,238
2384,239
2385,209
2386,211
2387,210
2388,224
2389,151
2390,235
2391,138
2392,143
2393,204
2394,138
2395,153
2396,175
2397,248
2398,185
2399,231
