0,195
1,205
2,182
3,225
4,188
5,153
6,195
7,238
8,230
9,125
10,140
11,222
12,195
13,180
14,230
15,197
16,195
17,218
18,243
19,240
20,236
21,125
22,162
23,206
24,243
25,228
26,129
27,143
28,221
29,167
30,33
31,197
32,196
33,229
34,228
35,226
36,236
37,221
38,213
39,244
40,189
41,251
42,188
43,99
44,224
45,213
46,179
47,237
48,138
49,184
50,219
51,217
52,93
53,217
54,219
55,193
56,192
57,192
58,206
59,246
60,234
61,150
62,171
63,220
64,205
65,217
66,251
67,245
68,170
69,158
70,193
71,209
72,167
73,227
74,236
75,178
76,223
77,60
78,210
79,204
80,228
81,234
82,152
83,177
84,225
85,213
86,161
87,195
88,124
89,202
90,168
91,243
92,202
93,179
94,143
95,218
96,232
97,173
98,247
99,177
100,256
101,250
102,167
103,93
104,249
105,219
106,220
107,214
108,165
109,59
110,103
111,192
112,208
113,235
114,248
115,225
116,235
117,232
118,226
119,233
120,183
121,221
122,117
123,95
124,197
125,210
126,228
127,73
128,207
129,153
130,164
131,221
132,226
133,233
134,179
135,178
136,187
137,204
138,94
139,151
140,254
141,236
142,228
143,149
144,202
145,172
146,184
147,200
148,202
149,207
150,141
151,219
152,243
153,197
154,200
155,241
156,251
157,175
158,96
159,140
160,228
161,193
162,226
163,147
164,243
165,35
166,134
167,172
168,167
169,252
170,226
171,160
172,199
173,148
174,245
175,171
176,214
177,214
178,241
179,0
180,165
181,91
182,167
183,219
184,195
185,212
186,231
187,169
188,136
189,239
190,242
191,211
192,97
193,253
194,194
195,239
196,189
197,206
198,191
199,205
200,178
201,210
202,197
203,206
204,252
205,171
206,149
207,216
208,215
209,113
210,169
211,219
212,242
213,229
214,100
215,178
216,200
217,184
218,240
219,180
220,118
221,235
222,194
223,173
224,220
225,253
226,238
227,186
228,221
229,224
230,179
231,162
232,233
233,211
234,195
235,215
236,145
237,218
238,148
239,224
240,222
241,187
242,245
243,165
244,241
245,237
246,228
247,251
248,203
249,212
250,169
251,142
252,207
253,212
254,232
255,248
256,252
257,216
258,184
259,184
260,141
261,193
262,229
263,118
264,223
265,225
266,169
267,147
268,225
269,201
270,196
271,203
272,185
273,252
274,182
275,200
276,231
277,126
278,250
279,162
280,160
281,206
282,232
283,213
284,116
285,244
286,180
287,215
288,220
289,207
290,179
291,240
292,193
293,122
294,210
295,170
296,105
297,139
298,180
299,213
300,172
301,188
302,236
303,186
304,224
305,225
306,158
307,218
308,219
309,249
310,223
311,168
312,183
313,248
314,250
315,156
316,109
317,185
318,241
319,185
320,218
321,123
322,164
323,210
324,211
325,236
326,164
327,240
328,203
329,138
330,235
331,251
332,174
333,216
334,235
335,219
336,175
337,213
338,209
339,112
340,87
341,249
342,237
343,193
344,178
345,160
346,141
347,124
348,14
349,158
350,113
351,190
352,125
353,172
354,200
355,215
356,209
357,225
358,207
359,144
360,204
361,180
362,221
363,150
364,239
365,180
366,201
367,242
368,240
369,157
370,193
371,202
372,102
373,170
374,251
375,126
376,212
377,234
378,145
379,213
380,188
381,121
382,136
383,207
384,195
385,253
386,196
387,117
388,197
389,228
390,243
391,190
392,242
393,183
394,184
395,66
396,216
397,213
398,172
399,238
400,145
401,180
402,214
403,168
404,174
405,204
406,218
407,98
408,213
409,228
410,186
411,131
412,229
413,251
414,197
415,161
416,163
417,76
418,219
419,114
420,224
421,210
422,219
423,247
424,204
425,237
426,231
427,108
428,139
429,184
430,234
431,234
432,216
433,246
434,196
435,188
436,172
437,229
438,198
439,220
440,181
441,136
442,196
443,193
444,182
445,192
446,77
447,206
448,100
449,226
450,61
451,211
452,206
453,207
454,238
455,221
456,203
457,246
458,220
459,250
460,231
461,242
462,250
463,188
464,218
465,191
466,162
467,173
468,193
469,153
470,112
471,181
472,192
473,177
474,192
475,246
476,228
477,175
478,215
479,149
480,162
481,246
482,246
483,250
484,163
485,157
486,226
487,179
488,169
489,236
490,180
491,188
492,201
493,135
494,166
495,172
496,227
497,223
498,236
499,233
500,185
501,192
502,248
503,248
504,136
505,241
506,154
507,197
508,116
509,79
510,235
511,231
512,222
513,251
514,172
515,233
516,200
517,188
518,122
519,229
520,133
521,225
522,185
523,87
524,202
525,238
526,221
527,229
528,227
529,225
530,176
531,207
532,56
533,176
534,252
535,89
536,230
537,217
538,105
539,146
540,205
541,247
542,218
543,204
544,225
545,133
546,153
547,132
548,130
549,256
550,173
551,148
552,221
553,168
554,107
555,192
556,20
557,234
558,145
559,192
560,168
561,217
562,195
563,133
564,212
565,175
566,253
567,254
568,223
569,246
570,197
571,114
572,238
573,237
574,182
575,202
576,234
577,138
578,227
579,255
580,208
581,77
582,219
583,252
584,250
585,129
586,186
587,198
588,207
589,117
590,220
591,232
592,251
593,157
594,184
595,232
596,238
597,248
598,161
599,238
600,167
601,206
602,123
603,215
604,164
605,152
606,176
607,203
608,207
609,110
610,224
611,248
612,173
613,250
614,108
615,253
616,149
617,153
618,153
619,169
620,191
621,222
622,131
623,222
624,172
625,200
626,223
627,201
628,214
629,178
630,200
631,194
632,233
633,213
634,214
635,191
636,178
637,80
638,141
639,219
640,53
641,187
642,193
643,148
644,232
645,231
646,241
647,235
648,189
649,205
650,184
651,250
652,126
653,137
654,37
655,206
656,148
657,247
658,240
659,182
660,223
661,202
662,181
663,192
664,230
665,110
666,230
667,151
668,227
669,132
670,181
671,210
672,68
673,241
674,198
675,216
676,180
677,118
678,203
679,229
680,245
681,141
682,249
683,182
684,204
685,232
686,156
687,193
688,198
689,83
690,246
691,228
692,206
693,202
694,165
695,234
696,174
697,235
698,0
699,147
700,225
701,227
702,152
703,255
704,199
705,229
706,102
707,247
708,101
709,145
710,251
711,251
712,253
713,222
714,131
715,184
716,176
717,223
718,146
719,117
720,140
721,222
722,62
723,230
724,223
725,195
726,114
727,254
728,24
729,193
730,215
731,162
732,233
733,144
734,236
735,134
736,150
737,193
738,222
739,198
740,241
741,208
742,132
743,173
744,193
745,194
746,99
747,254
748,210
749,240
750,195
751,35
752,213
753,133
754,249
755,128
756,231
757,189
758,194
759,226
760,197
761,126
762,227
763,231
764,178
765,243
766,154
767,201
768,101
769,228
770,166
771,226
772,153
773,238
774,210
775,151
776,184
777,239
778,194
779,130
780,218
781,183
782,148
783,239
784,213
785,250
786,237
787,117
788,118
789,231
790,253
791,84
792,219
793,240
794,201
795,231
796,145
797,187
798,228
799,256
800,147
801,240
802,218
803,144
804,178
805,231
806,247
807,197
808,250
809,214
810,229
811,144
812,175
813,236
814,196
815,205
816,222
817,158
818,153
819,205
820,251
821,210
822,11
823,222
824,221
825,198
826,195
827,231
828,204
829,242
830,181
831,202
832,220
833,164
834,208
835,170
836,193
837,115
838,163
839,117
840,235
841,231
842,235
843,230
844,210
845,234
846,156
847,183
848,222
849,194
850,212
851,170
852,197
853,249
854,143
855,184
856,109
857,246
858,172
859,124
860,234
861,185
862,153
863,227
864,172
865,180
866,223
867,239
868,155
869,224
870,186
871,228
872,220
873,218
874,241
875,239
876,210
877,222
878,189
879,219
880,246
881,172
882,24
883,239
884,189
885,215
886,153
887,220
888,214
889,115
890,250
891,218
892,211
893,196
894,176
895,254
896,237
897,222
898,161
899,164
900,130
901,182
902,200
903,127
904,116
905,213
906,98
907,42
908,198
909,225
910,239
911,197
912,49
913,215
914,243
915,220
916,117
917,174
918,172
919,213
920,205
921,188
922,206
923,233
924,251
925,156
926,223
927,146
928,239
929,222
930,233
931,234
932,176
933,236
934,185
935,246
936,236
937,149
938,51
939,250
940,232
941,216
942,141
943,205
944,201
945,236
946,224
947,178
948,193
949,256
950,203
951,243
952,171
953,230
954,245
955,131
956,230
957,246
958,204
959,209
960,230
961,250
962,250
963,167
964,168
965,200
966,251
967,253
968,219
969,176
970,214
971,154
972,202
973,138
974,160
975,185
976,222
977,147
978,227
979,235
980,221
981,255
982,155
983,228
984,238
985,116
986,20
987,235
988,169
989,175
990,152
991,164
992,126
993,222
994,209
995,160
996,186
997,218
998,178
999,251
1000,240
1001,204
1002,250
1003,114
1004,192
1005,189
1006,189
1007,200
1008,156
1009,116
1010,150
1011,181
1012,247
1013,219
1014,230
1015,189
1016,210
1017,218
1018,189
1019,225
1020,228
1021,115
1022,232
1023,175
1024,161
1025,254
1026,198
1027,218
1028,246
1029,175
1030,207
1031,157
1032,109
1033,238
1034,189
1035,247
1036,65
1037,77
1038,190
1039,175
1040,191
1041,174
1042,182
1043,210
1044,153
1045,220
1046,176
1047,199
1048,191
1049,108
1050,226
1051,250
1052,216
1053,153
1054,161
1055,165
1056,181
1057,247
1058,113
1059,191
1060,227
1061,149
1062,213
1063,215
1064,195
1065,224
1066,84
1067,221
1068,207
1069,244
1070,251
1071,180
1072,149
1073,215
1074,163
1075,254
1076,215
1077,248
1078,216
1079,246
1080,176
1081,222
1082,124
1083,206
1084,225
1085,191
1086,182
1087,169
1088,205
1089,185
1090,111
1091,188
1092,125
1093,164
1094,97
1095,230
1096,134
1097,147
1098,154
1099,194
1100,219
1101,230
1102,125
1103,213
1104,242
1105,167
1106,168
1107,250
1108,227
1109,230
1110,254
1111,232
1112,242
1113,240
1114,126
1115,220
1116,210
1117,165
1118,192
1119,190
1120,228
1121,148
1122,175
1123,155
1124,122
1125,243
1126,128
1127,180
1128,98
1129,200
1130,250
1131,256
1132,216
1133,241
1134,100
1135,210
1136,166
1137,148
1138,182
1139,111
1140,241
1141,241
1142,235
1143,131
1144,169
1145,185
1146,189
1147,217
1148,177
1149,154
1150,40
1151,246
1152,134
1153,198
1154,243
1155,134
1156,247
1157,233
1158,226
1159,244
1160,187
1161,227
1162,198
1163,232
1164,121
1165,178
1166,245
1167,190
1168,169
1169,152
1170,234
1171,192
1172,193
1173,211
1174,184
1175,235
1176,131
1177,223
1178,179
1179,237
1180,106
1181,198
1182,184
1183,226
1184,180
1185,238
1186,256
1187,124
1188,162
1189,228
1190,233
1191,233
1192,189
1193,250
1194,238
1195,238
1196,156
1197,174
1198,141
1199,134
1200,85
1201,255
1202,228
1203,236
1204,113
1205,235
1206,218
1207,217
1208,169
1209,232
1210,220
1211,207
1212,210
1213,70
1214,243
1215,0
1216,219
1217,8
1218,187
1219,241
1220,246
1221,179
1222,153
1223,233
1224,140
1225,42
1226,191
1227,198
1228,70
1229,170
1230,160
1231,166
1232,132
1233,241
1234,83
1235,84
1236,187
1237,125
1238,199
1239,247
1240,184
1241,202
1242,200
1243,210
1244,179
1245,106
1246,254
1247,240
1248,191
1249,207
1250,177
1251,206
1252,188
1253,245
1254,214
1255,211
1256,217
1257,177
1258,216
1259,244
1260,225
1261,233
1262,125
1263,252
1264,214
1265,190
1266,191
1267,225
1268,184
1269,245
1270,177
1271,221
1272,217
1273,234
1274,91
1275,169
1276,126
1277,228
1278,212
1279,197
1280,147
1281,182
1282,117
1283,211
1284,244
1285,161
1286,173
1287,72
1288,145
1289,202
1290,118
1291,112
1292,164
1293,108
1294,226
1295,181
1296,237
1297,235
1298,175
1299,252
1300,108
1301,237
1302,221
1303,209
1304,202
1305,100
1306,123
1307,209
1308,158
1309,174
1310,198
1311,210
1312,219
1313,180
1314,217
1315,256
1316,224
1317,199
1318,191
1319,131
1320,188
1321,108
1322,207
1323,242
1324,92
1325,177
1326,171
1327,251
1328,183
1329,223
1330,199
1331,195
1332,255
1333,217
1334,241
1335,179
1336,195
1337,125
1338,200
1339,213
1340,244
1341,254
1342,195
1343,213
1344,233
1345,218
1346,207
1347,253
1348,178
1349,191
1350,228
1351,238
1352,171
1353,215
1354,230
1355,100
1356,173
1357,109
1358,191
1359,71
1360,234
1361,242
1362,223
1363,173
1364,158
1365,187
1366,68
1367,238
1368,175
1369,227
1370,245
1371,211
1372,253
1373,184
1374,205
1375,212
1376,209
1377,221
1378,18
1379,174
1380,200
1381,180
1382,182
1383,232
1384,66
1385,179
1386,182
1387,197
1388,103
1389,247
1390,216
1391,195
1392,113
1393,241
1394,211
1395,213
1396,183
1397,242
1398,139
1399,222
1400,58
1401,219
1402,212
1403,164
1404,197
1405,149
1406,255
1407,0
1408,123
1409,136
1410,205
1411,230
1412,230
1413,242
1414,168
1415,233
1416,99
1417,222
1418,165
1419,53
1420,233
1421,227
1422,215
1423,256
1424,183
1425,207
1426,243
1427,136
1428,197
1429,172
1430,233
1431,166
1432,163
1433,230
1434,196
1435,166
1436,243
1437,230
1438,142
1439,221
1440,210
1441,247
1442,154
1443,251
1444,169
1445,249
1446,224
1447,225
1448,223
1449,178
1450,182
1451,152
1452,240
1453,124
1454,232
1455,238
1456,240
1457,198
1458,217
1459,201
1460,124
1461,197
1462,226
1463,210
1464,48
1465,222
1466,249
1467,224
1468,181
1469,179
1470,101
1471,238
1472,231
1473,219
1474,0
1475,207
1476,102
1477,208
1478,150
1479,208
1480,203
1481,9
1482,231
1483,82
1484,195
1485,201
1486,182
1487,251
1488,178
1489,214
1490,206
1491,251
1492,165
1493,252
1494,159
1495,233
1496,214
1497,198
1498,147
1499,193
1500,122
1501,204
1502,138
1503,151
1504,133
1505,123
1506,108
1507,223
1508,242
1509,175
1510,102
1511,236
1512,117
1513,168
1514,234
1515,170
1516,179
1517,198
1518,243
1519,197
1520,189
1521,208
1522,242
1523,249
1524,127
1525,221
1526,234
1527,179
1528,166
1529,178
1530,161
1531,222
1532,86
1533,50
1534,209
1535,202
1536,231
1537,186
1538,171
1539,231
1540,189
1541,250
1542,242
1543,218
1544,192
1545,144
1546,244
1547,161
1548,114
1549,132
1550,145
1551,139
1552,223
1553,221
1554,112
1555,229
1556,61
1557,218
1558,220
1559,176
1560,188
1561,175
1562,255
1563,182
1564,242
1565,143
1566,237
1567,232
1568,216
1569,169
1570,243
1571,241
1572,200
1573,234
1574,207
1575,188
1576,192
1577,242
1578,194
1579,240
1580,230
1581,238
1582,191
1583,194
1584,130
1585,176
1586,238
1587,233
1588,225
1589,209
1590,233
1591,191
1592,185
1593,167
1594,163
1595,241
1596,226
1597,150
1598,191
1599,196
1600,176
1601,182
1602,202
1603,221
1604,186
1605,247
1606,102
1607,230
1608,153
1609,175
1610,166
1611,231
1612,254
1613,199
1614,222
1615,221
1616,145
1617,136
1618,196
1619,225
1620,218
1621,101
1622,181
1623,192
1624,161
1625,184
1626,168
1627,209
1628,217
1629,140
1630,230
1631,229
1632,199
1633,215
1634,145
1635,189
1636,184
1637,202
1638,119
1639,179
1640,170
1641,212
1642,239
1643,166
1644,148
1645,245
1646,111
1647,230
1648,229
1649,198
1650,242
1651,201
1652,142
1653,165
1654,116
1655,242
1656,112
1657,235
1658,81
1659,168
1660,157
1661,244
1662,168
1663,119
1664,189
1665,241
1666,88
1667,160
1668,196
1669,100
1670,213
1671,148
1672,213
1673,77
1674,214
1675,199
1676,219
1677,229
1678,192
1679,85
1680,124
1681,217
1682,221
1683,160
1684,178
1685,192
1686,234
1687,223
1688,243
1689,196
1690,237
1691,34
1692,161
1693,174
1694,157
1695,68
1696,227
1697,131
1698,221
1699,200
1700,218
1701,248
1702,252
1703,243
1704,256
1705,173
1706,235
1707,256
1708,232
1709,232
1710,207
1711,215
1712,181
1713,170
1714,126
1715,163
1716,109
1717,194
1718,215
1719,186
1720,228
1721,173
1722,219
1723,105
1724,256
1725,224
1726,195
1727,214
1728,211
1729,231
1730,155
1731,200
1732,218
1733,34
1734,147
1735,36
1736,202
1737,246
1738,188
1739,246
1740,217
1741,79
1742,255
1743,187
1744,167
1745,147
1746,174
1747,207
1748,219
1749,155
1750,220
1751,174
1752,153
1753,215
1754,252
1755,191
1756,201
1757,198
1758,237
1759,211
1760,147
1761,82
1762,250
1763,214
1764,182
1765,72
1766,252
1767,181
1768,163
1769,224
1770,0
1771,206
1772,79
1773,173
1774,112
1775,160
1776,115
1777,232
1778,110
1779,162
1780,252
1781,186
1782,210
1783,198
1784,99
1785,183
1786,222
1787,235
1788,207
1789,249
1790,198
1791,68
1792,115
1793,185
1794,156
1795,86
1796,220
1797,100
1798,157
1799,191
1800,220
1801,202
1802,194
1803,109
1804,139
1805,164
1806,56
1807,180
1808,203
1809,138
1810,150
1811,210
1812,213
1813,215
1814,158
1815,185
1816,128
1817,116
1818,97
1819,236
1820,223
1821,211
1822,203
1823,247
1824,218
1825,215
1826,230
1827,177
1828,175
1829,81
1830,126
1831,189
1832,200
1833,248
1834,127
1835,218
1836,217
1837,199
1838,216
1839,168
1840,225
1841,148
1842,238
1843,151
1844,252
1845,33
1846,147
1847,220
1848,144
1849,181
1850,235
1851,142
1852,209
1853,182
1854,160
1855,183
1856,146
1857,209
1858,241
1859,190
1860,156
1861,197
1862,141
1863,181
1864,188
1865,202
1866,166
1867,253
1868,207
1869,233
1870,197
1871,155
1872,60
1873,188
1874,218
1875,237
1876,171
1877,208
1878,240
1879,171
1880,161
1881,75
1882,217
1883,175
1884,250
1885,108
1886,92
1887,248
1888,159
1889,147
1890,221
1891,126
1892,128
1893,215
1894,252
1895,199
1896,197
1897,218
1898,197
1899,222
1900,175
1901,238
1902,208
1903,159
1904,205
1905,188
1906,213
1907,213
1908,172
1909,169
1910,199
1911,217
1912,200
1913,179
1914,142
1915,151
1916,218
1917,197
1918,109
1919,147
1920,234
1921,219
1922,216
1923,205
1924,183
1925,212
1926,224
1927,152
1928,175
1929,209
1930,140
1931,255
1932,235
1933,217
1934,190
1935,242
1936,198
1937,188
1938,133
1939,195
1940,167
1941,216
1942,213
1943,166
1944,241
1945,190
1946,146
1947,201
1948,245
1949,87
1950,129
1951,154
1952,206
1953,98
1954,240
1955,121
1956,183
1957,228
1958,180
1959,131
1960,180
1961,97
1962,135
1963,140
1964,86
1965,171
1966,210
1967,207
1968,248
1969,255
1970,246
1971,253
1972,191
1973,144
1974,223
1975,199
1976,211
1977,231
1978,201
1979,244
1980,187
1981,230
1982,238
1983,236
1984,223
1985,151
1986,243
1987,197
1988,237
1989,200
1990,240
1991,188
1992,242
1993,145
1994,64
1995,207
1996,70
1997,169
1998,191
1999,189
2000,193
2001,222
2002,203
2003,228
2004,170
2005,179
2006,200
2007,226
2008,213
2009,220
2010,217
2011,233
2012,237
2013,228
2014,180
2015,167
2016,234
2017,204
2018,199
2019,231
2020,191
2021,230
2022,80
2023,211
2024,191
2025,245
2026,231
2027,180
2028,208
2029,100
2030,254
2031,218
2032,223
2033,235
2034,193
2035,227
2036,152
2037,141
2038,163
2039,194
2040,150
2041,221
2042,132
2043,179
2044,246
2045,162
2046,256
2047,250
2048,196
2049,166
2050,70
2051,157
2052,175
2053,226
2054,225
2055,230
2056,211
2057,218
2058,216
2059,213
2060,83
2061,221
2062,130
2063,15
2064,94
2065,232
2066,232
2067,194
2068,59
2069,81
2070,191
2071,208
2072,199
2073,214
2074,253
2075,245
2076,158
2077,130
2078,234
2079,131
2080,198
2081,217
2082,223
2083,196
2084,219
2085,164
2086,121
2087,172
2088,209
2089,233
2090,146
2091,254
2092,141
2093,230
2094,214
2095,186
2096,236
2097,169
2098,222
2099,143
2100,201
2101,243
2102,172
2103,157
2104,196
2105,162
2106,242
2107,214
2108,177
2109,235
2110,195
2111,208
2112,142
2113,174
2114,210
2115,233
2116,200
2117,241
2118,228
2119,248
2120,183
2121,121
2122,208
2123,134
2124,229
2125,245
2126,168
2127,188
2128,146
2129,156
2130,232
2131,183
2132,156
2133,195
2134,161
2135,191
2136,215
2137,173
2138,256
2139,203
2140,210
2141,227
2142,204
2143,227
2144,231
2145,218
2146,130
2147,171
2148,216
2149,205
2150,182
2151,254
2152,161
2153,213
2154,238
2155,244
2156,246
2157,214
2158,155
2159,205
2160,61
2161,200
2162,23
2163,243
2164,246
2165,167
2166,240
2167,173
2168,180
2169,252
2170,232
2171,181
2172,124
2173,154
2174,160
2175,200
2176,241
2177,251
2178,206
2179,212
2180,256
2181,188
2182,198
2183,128
2184,164
2185,183
2186,133
2187,5
2188,214
2189,225
2190,191
2191,213
2192,157
2193,96
2194,248
2195,118
2196,142
2197,227
2198,166
2199,143
2200,161
2201,196
2202,241
2203,4
2204,188
2205,130
2206,247
2207,144
2208,173
2209,162
2210,139
2211,240
2212,129
2213,146
2214,210
2215,256
2216,229
2217,236
2218,208
2219,169
2220,191
2221,238
2222,216
2223,167
2224,75
2225,221
2226,218
2227,122
2228,142
2229,152
2230,237
2231,230
2232,152
2233,206
2234,162
2235,232
2236,100
2237,246
2238,212
2239,154
2240,186
2241,203
2242,195
2243,213
2244,152
2245,182
2246,162
2247,211
2248,225
2249,184
2250,230
2251,255
2252,144
2253,206
2254,250
2255,227
2256,131
2257,227
2258,181
2259,112
2260,201
2261,213
2262,232
2263,88
2264,243
2265,108
2266,233
2267,220
2268,0
2269,151
2270,166
2271,60
2272,250
2273,144
2274,228
2275,126
2276,256
2277,235
2278,164
2279,158
2280,231
2281,201
2282,174
2283,46
2284,254
2285,230
2286,127
2287,220
2288,242
2289,230
2290,215
2291,204
2292,243
2293,104
2294,158
2295,144
2296,156
2297,161
2298,252
2299,232
2300,212
2301,210
2302,250
2303,242
2304,245
2305,234
2306,168
2307,162
2308,200
2309,211
2310,192
2311,123
2312,245
2313,212
2314,251
2315,256
2316,179
2317,52
2318,117
2319,209
2320,204
2321,218
2322,236
2323,246
2324,243
2325,209
2326,174
2327,222
2328,164
2329,190
2330,196
2331,184
2332,190
2333,186
2334,233
2335,151
2336,169
2337,231
2338,225
2339,177
2340,236
2341,186
2342,256
2343,213
2344,191
2345,212
2346,224
2347,209
2348,231
2349,227
2350,161
2351,237
2352,93
2353,126
2354,168
2355,248
2356,215
2357,201
2358,209
2359,27
2360,224
2361,105
2362,87
2363,219
2364,212
2365,181
2366,142
2367,244
2368,149
2369,151
2370,242
2371,217
2372,115
2373,245
2374,230
2375,232
2376,226
2377,87
2378,255
2379,244
2380,210
2381,180
2382,115
2383,236
2384,240
2385,217
2386,191
2387,204
2388,216
2389,146
2390,235
2391,162
2392,154
2393,211
2394,134
2395,146
2396,135
2397,244
2398,172
2399,231
