0,171
1,181
2,181
3,214
4,194
5,116
6,192
7,241
8,234
9,144
10,144
11,235
12,205
13,175
14,234
15,173
16,225
17,217
18,240
19,240
20,242
21,146
22,173
23,204
24,243
25,227
26,55
27,43
28,220
29,185
30,59
31,183
32,195
33,243
34,234
35,230
36,237
37,224
38,206
39,240
40,204
41,250
42,188
43,100
44,224
45,217
46,156
47,237
48,152
49,182
50,167
51,214
52,88
53,216
54,219
55,185
56,171
57,206
58,208
59,253
60,234
61,176
62,195
63,223
64,202
65,216
66,250
67,238
68,176
69,170
70,198
71,209
72,179
73,230
74,238
75,148
76,227
77,56
78,210
79,190
80,244
81,238
82,134
83,187
84,226
85,211
86,176
87,197
88,180
89,208
90,205
91,246
92,210
93,168
94,142
95,218
96,235
97,195
98,248
99,185
100,256
101,249
102,176
103,106
104,245
105,213
106,219
107,213
108,171
109,0
110,179
111,176
112,222
113,232
114,248
115,228
116,230
117,224
118,233
119,234
120,185
121,209
122,104
123,58
124,188
125,206
126,227
127,134
128,202
129,157
130,155
131,214
132,230
133,245
134,175
135,188
136,180
137,192
138,117
139,172
140,254
141,233
142,227
143,155
144,185
145,192
146,184
147,194
148,203
149,206
150,103
151,218
152,233
153,182
154,170
155,241
156,249
157,182
158,62
159,127
160,231
161,190
162,215
163,152
164,241
165,12
166,132
167,176
168,171
169,252
170,222
171,160
172,199
173,168
174,233
175,188
176,214
177,203
178,238
179,0
180,156
181,95
182,192
183,220
184,203
185,206
186,221
187,160
188,149
189,225
190,241
191,223
192,132
193,253
194,193
195,240
196,164
197,216
198,172
199,199
200,180
201,213
202,195
203,206
204,253
205,183
206,156
207,220
208,227
209,151
210,163
211,203
212,243
213,241
214,109
215,195
216,209
217,182
218,232
219,191
220,140
221,236
222,192
223,122
224,224
225,253
226,234
227,182
228,222
229,232
230,172
231,170
232,236
233,213
234,185
235,203
236,142
237,210
238,178
239,229
240,227
241,166
242,252
243,183
244,231
245,216
246,227
247,251
248,202
249,223
250,166
251,131
252,204
253,207
254,232
255,248
256,254
257,215
258,191
259,190
260,142
261,198
262,233
263,108
264,218
265,224
266,174
267,146
268,235
269,189
270,184
271,206
272,179
273,253
274,195
275,200
276,228
277,169
278,250
279,195
280,155
281,224
282,231
283,216
284,134
285,226
286,196
287,214
288,214
289,204
290,189
291,233
292,185
293,109
294,198
295,166
296,132
297,88
298,144
299,199
300,180
301,190
302,240
303,182
304,229
305,219
306,165
307,217
308,218
309,249
310,222
311,179
312,179
313,247
314,252
315,172
316,111
317,160
318,237
319,181
320,220
321,108
322,156
323,213
324,210
325,227
326,127
327,247
328,210
329,82
330,231
331,251
332,133
333,213
334,225
335,231
336,174
337,211
338,220
339,120
340,96
341,251
342,238
343,198
344,163
345,181
346,145
347,130
348,92
349,100
350,128
351,176
352,166
353,150
354,202
355,214
356,208
357,228
358,218
359,165
360,208
361,189
362,203
363,159
364,232
365,198
366,199
367,241
368,241
369,105
370,175
371,203
372,127
373,173
374,252
375,123
376,207
377,237
378,129
379,225
380,197
381,116
382,138
383,213
384,187
385,253
386,200
387,89
388,206
389,227
390,241
391,195
392,236
393,137
394,150
395,0
396,216
397,226
398,159
399,239
400,130
401,183
402,213
403,178
404,183
405,215
406,226
407,40
408,217
409,224
410,207
411,144
412,231
413,251
414,205
415,146
416,177
417,107
418,216
419,112
420,234
421,190
422,234
423,241
424,211
425,239
426,230
427,129
428,161
429,192
430,232
431,234
432,216
433,246
434,189
435,177
436,176
437,231
438,199
439,233
440,213
441,143
442,199
443,199
444,175
445,182
446,60
447,207
448,114
449,228
450,71
451,198
452,200
453,197
454,232
455,230
456,202
457,247
458,216
459,254
460,237
461,243
462,248
463,182
464,219
465,141
466,162
467,191
468,131
469,150
470,107
471,182
472,197
473,151
474,186
475,245
476,221
477,169
478,224
479,147
480,151
481,246
482,246
483,249
484,170
485,157
486,230
487,20
488,157
489,233
490,172
491,157
492,206
493,54
494,181
495,161
496,229
497,210
498,242
499,234
500,189
501,195
502,247
503,247
504,180
505,247
506,119
507,204
508,147
509,67
510,228
511,228
512,219
513,251
514,176
515,239
516,178
517,178
518,116
519,229
520,108
521,222
522,183
523,95
524,194
525,229
526,225
527,222
528,218
529,220
530,184
531,207
532,112
533,186
534,252
535,127
536,229
537,222
538,137
539,117
540,193
541,247
542,212
543,199
544,235
545,151
546,205
547,126
548,112
549,256
550,182
551,131
552,219
553,152
554,103
555,204
556,0
557,231
558,169
559,195
560,152
561,203
562,197
563,111
564,217
565,184
566,253
567,254
568,230
569,244
570,207
571,118
572,233
573,238
574,206
575,200
576,220
577,124
578,225
579,255
580,200
581,95
582,202
583,254
584,250
585,119
586,187
587,214
588,204
589,82
590,231
591,230
592,249
593,136
594,184
595,233
596,243
597,247
598,166
599,240
600,157
601,201
602,129
603,216
604,180
605,145
606,174
607,181
608,200
609,124
610,224
611,249
612,181
613,252
614,44
615,253
616,146
617,182
618,138
619,138
620,195
621,219
622,138
623,230
624,180
625,205
626,219
627,205
628,212
629,198
630,211
631,201
632,233
633,217
634,209
635,198
636,173
637,119
638,63
639,225
640,71
641,174
642,189
643,167
644,237
645,233
646,240
647,227
648,192
649,216
650,169
651,250
652,143
653,163
654,0
655,206
656,123
657,250
658,242
659,146
660,227
661,206
662,187
663,202
664,232
665,102
666,231
667,127
668,224
669,136
670,202
671,220
672,22
673,240
674,196
675,219
676,167
677,130
678,201
679,224
680,245
681,138
682,246
683,165
684,204
685,228
686,160
687,202
688,204
689,81
690,245
691,228
692,202
693,201
694,168
695,228
696,123
697,237
698,40
699,168
700,224
701,235
702,147
703,255
704,193
705,228
706,116
707,248
708,109
709,152
710,251
711,243
712,251
713,211
714,126
715,178
716,174
717,217
718,156
719,99
720,131
721,226
722,89
723,223
724,230
725,184
726,133
727,254
728,49
729,210
730,209
731,43
732,231
733,99
734,240
735,160
736,176
737,193
738,218
739,214
740,230
741,219
742,99
743,140
744,196
745,175
746,112
747,255
748,202
749,244
750,206
751,60
752,205
753,123
754,249
755,93
756,233
757,208
758,194
759,236
760,198
761,106
762,202
763,230
764,167
765,242
766,176
767,196
768,161
769,225
770,162
771,220
772,156
773,234
774,203
775,140
776,192
777,227
778,205
779,89
780,220
781,185
782,96
783,242
784,220
785,250
786,235
787,112
788,133
789,228
790,252
791,124
792,190
793,239
794,195
795,230
796,148
797,171
798,238
799,256
800,151
801,236
802,212
803,180
804,178
805,220
806,247
807,197
808,250
809,218
810,231
811,107
812,185
813,234
814,196
815,205
816,208
817,147
818,99
819,210
820,251
821,214
822,0
823,224
824,227
825,190
826,195
827,235
828,201
829,239
830,182
831,203
832,221
833,109
834,175
835,134
836,181
837,121
838,191
839,162
840,237
841,238
842,238
843,227
844,206
845,230
846,101
847,195
848,234
849,169
850,212
851,198
852,192
853,248
854,166
855,154
856,79
857,246
858,181
859,139
860,236
861,208
862,192
863,223
864,164
865,140
866,218
867,241
868,189
869,216
870,187
871,230
872,207
873,212
874,243
875,241
876,208
877,220
878,185
879,209
880,246
881,151
882,39
883,219
884,189
885,231
886,151
887,223
888,217
889,84
890,250
891,220
892,199
893,202
894,167
895,253
896,239
897,231
898,141
899,187
900,138
901,209
902,210
903,166
904,119
905,203
906,128
907,7
908,181
909,216
910,237
911,203
912,94
913,212
914,243
915,219
916,138
917,167
918,165
919,214
920,217
921,171
922,198
923,244
924,251
925,166
926,226
927,145
928,245
929,220
930,226
931,234
932,188
933,237
934,181
935,239
936,229
937,138
938,38
939,250
940,238
941,202
942,103
943,203
944,201
945,240
946,219
947,170
948,177
949,256
950,204
951,241
952,160
953,233
954,244
955,162
956,232
957,247
958,211
959,209
960,223
961,248
962,250
963,174
964,186
965,202
966,251
967,253
968,228
969,176
970,217
971,133
972,197
973,146
974,164
975,167
976,225
977,167
978,227
979,234
980,167
981,255
982,171
983,229
984,241
985,127
986,0
987,236
988,166
989,172
990,143
991,160
992,138
993,243
994,197
995,167
996,208
997,218
998,179
999,251
1000,243
1001,200
1002,248
1003,95
1004,189
1005,200
1006,170
1007,199
1008,158
1009,124
1010,106
1011,183
1012,249
1013,217
1014,233
1015,204
1016,220
1017,231
1018,186
1019,231
1020,215
1021,131
1022,244
1023,179
1024,86
1025,254
1026,153
1027,222
1028,248
1029,185
1030,199
1031,118
1032,139
1033,247
1034,199
1035,242
1036,93
1037,61
1038,195
1039,116
1040,177
1041,166
1042,178
1043,205
1044,144
1045,222
1046,189
1047,196
1048,181
1049,155
1050,226
1051,252
1052,216
1053,178
1054,147
1055,152
1056,182
1057,251
1058,151
1059,195
1060,218
1061,157
1062,217
1063,223
1064,199
1065,228
1066,64
1067,223
1068,211
1069,252
1070,251
1071,186
1072,139
1073,208
1074,107
1075,254
1076,219
1077,245
1078,215
1079,247
1080,156
1081,218
1082,179
1083,184
1084,227
1085,195
1086,159
1087,170
1088,136
1089,193
1090,118
1091,204
1092,106
1093,113
1094,106
1095,220
1096,90
1097,143
1098,145
1099,197
1100,216
1101,239
1102,143
1103,192
1104,241
1105,179
1106,176
1107,250
1108,240
1109,227
1110,254
1111,224
1112,248
1113,239
1114,168
1115,198
1116,190
1117,151
1118,197
1119,189
1120,224
1121,143
1122,165
1123,168
1124,117
1125,241
1126,20
1127,189
1128,102
1129,206
1130,248
1131,256
1132,229
1133,237
1134,103
1135,210
1136,166
1137,174
1138,220
1139,150
1140,240
1141,240
1142,236
1143,158
1144,116
1145,191
1146,179
1147,211
1148,175
1149,162
1150,42
1151,246
1152,110
1153,200
1154,246
1155,135
1156,253
1157,229
1158,218
1159,242
1160,192
1161,226
1162,177
1163,237
1164,132
1165,177
1166,240
1167,192
1168,169
1169,137
1170,238
1171,194
1172,187
1173,205
1174,189
1175,236
1176,136
1177,228
1178,199
1179,236
1180,126
1181,205
1182,163
1183,219
1184,165
1185,243
1186,256
1187,55
1188,134
1189,234
1190,240
1191,235
1192,191
1193,251
1194,247
1195,229
1196,157
1197,183
1198,186
1199,110
1200,114
1201,255
1202,218
1203,230
1204,132
1205,235
1206,224
1207,220
1208,149
1209,232
1210,200
1211,190
1212,210
1213,19
1214,247
1215,0
1216,221
1217,0
1218,194
1219,240
1220,246
1221,161
1222,143
1223,232
1224,144
1225,127
1226,196
1227,180
1228,34
1229,141
1230,176
1231,159
1232,194
1233,239
1234,80
1235,91
1236,161
1237,162
1238,213
1239,245
1240,192
1241,216
1242,194
1243,216
1244,188
1245,88
1246,254
1247,242
1248,199
1249,208
1250,179
1251,191
1252,170
1253,245
1254,212
1255,202
1256,217
1257,158
1258,222
1259,246
1260,238
1261,241
1262,166
1263,253
1264,203
1265,190
1266,198
1267,217
1268,180
1269,243
1270,191
1271,215
1272,215
1273,227
1274,118
1275,190
1276,114
1277,200
1278,215
1279,203
1280,165
1281,200
1282,143
1283,203
1284,246
1285,32
1286,181
1287,47
1288,171
1289,213
1290,136
1291,119
1292,206
1293,138
1294,211
1295,176
1296,232
1297,238
1298,159
1299,250
1300,39
1301,238
1302,218
1303,199
1304,199
1305,137
1306,152
1307,197
1308,132
1309,173
1310,201
1311,203
1312,211
1313,180
1314,220
1315,256
1316,227
1317,179
1318,171
1319,102
1320,203
1321,105
1322,213
1323,242
1324,85
1325,175
1326,182
1327,250
1328,187
1329,214
1330,200
1331,194
1332,255
1333,217
1334,239
1335,185
1336,174
1337,122
1338,198
1339,205
1340,250
1341,254
1342,205
1343,214
1344,230
1345,217
1346,203
1347,253
1348,170
1349,182
1350,231
1351,241
1352,158
1353,209
1354,228
1355,97
1356,170
1357,129
1358,199
1359,68
1360,237
1361,244
1362,227
1363,196
1364,160
1365,177
1366,68
1367,233
1368,175
1369,233
1370,239
1371,188
1372,253
1373,202
1374,189
1375,207
1376,214
1377,219
1378,48
1379,175
1380,207
1381,172
1382,176
1383,237
1384,64
1385,166
1386,186
1387,201
1388,61
1389,247
1390,217
1391,199
1392,153
1393,236
1394,216
1395,222
1396,200
1397,240
1398,147
1399,209
1400,165
1401,223
1402,184
1403,178
1404,177
1405,191
1406,255
1407,44
1408,136
1409,137
1410,199
1411,228
1412,232
1413,237
1414,197
1415,225
1416,69
1417,223
1418,151
1419,43
1420,228
1421,222
1422,209
1423,256
1424,166
1425,192
1426,242
1427,135
1428,159
1429,181
1430,232
1431,155
1432,176
1433,227
1434,188
1435,152
1436,243
1437,238
1438,128
1439,228
1440,214
1441,247
1442,188
1443,251
1444,162
1445,250
1446,229
1447,225
1448,230
1449,187
1450,197
1451,171
1452,239
1453,139
1454,227
1455,234
1456,241
1457,183
1458,206
1459,203
1460,106
1461,205
1462,232
1463,208
1464,55
1465,224
1466,249
1467,230
1468,170
1469,191
1470,117
1471,241
1472,226
1473,217
1474,0
1475,206
1476,154
1477,213
1478,179
1479,213
1480,200
1481,74
1482,237
1483,118
1484,203
1485,216
1486,185
1487,251
1488,182
1489,221
1490,196
1491,250
1492,182
1493,251
1494,141
1495,232
1496,228
1497,201
1498,151
1499,201
1500,66
1501,197
1502,134
1503,182
1504,154
1505,121
1506,122
1507,221
1508,246
1509,161
1510,102
1511,239
1512,110
1513,176
1514,219
1515,163
1516,196
1517,203
1518,232
1519,204
1520,198
1521,218
1522,244
1523,249
1524,146
1525,216
1526,230
1527,190
1528,180
1529,180
1530,176
1531,221
1532,131
1533,19
1534,179
1535,198
1536,231
1537,163
1538,157
1539,237
1540,186
1541,250
1542,244
1543,224
1544,193
1545,118
1546,239
1547,165
1548,139
1549,157
1550,137
1551,137
1552,213
1553,224
1554,103
1555,236
1556,87
1557,203
1558,219
1559,169
1560,187
1561,180
1562,255
1563,193
1564,242
1565,126
1566,238
1567,233
1568,223
1569,175
1570,243
1571,239
1572,199
1573,229
1574,200
1575,199
1576,160
1577,232
1578,195
1579,244
1580,231
1581,235
1582,181
1583,203
1584,130
1585,172
1586,239
1587,228
1588,222
1589,204
1590,241
1591,195
1592,151
1593,142
1594,169
1595,229
1596,219
1597,138
1598,197
1599,166
1600,184
1601,155
1602,199
1603,216
1604,193
1605,242
1606,100
1607,223
1608,148
1609,194
1610,113
1611,230
1612,254
1613,190
1614,222
1615,192
1616,155
1617,157
1618,177
1619,216
1620,225
1621,103
1622,207
1623,198
1624,177
1625,184
1626,158
1627,197
1628,227
1629,141
1630,231
1631,237
1632,192
1633,214
1634,74
1635,207
1636,182
1637,191
1638,120
1639,161
1640,178
1641,212
1642,237
1643,127
1644,170
1645,250
1646,132
1647,226
1648,234
1649,193
1650,240
1651,215
1652,140
1653,191
1654,42
1655,241
1656,135
1657,228
1658,95
1659,161
1660,166
1661,247
1662,163
1663,136
1664,174
1665,241
1666,183
1667,172
1668,200
1669,104
1670,215
1671,103
1672,212
1673,94
1674,218
1675,201
1676,222
1677,220
1678,209
1679,50
1680,145
1681,225
1682,224
1683,156
1684,174
1685,201
1686,239
1687,220
1688,248
1689,204
1690,233
1691,89
1692,156
1693,158
1694,172
1695,91
1696,227
1697,133
1698,224
1699,200
1700,227
1701,249
1702,251
1703,243
1704,256
1705,184
1706,238
1707,256
1708,233
1709,234
1710,207
1711,222
1712,161
1713,150
1714,155
1715,182
1716,139
1717,189
1718,216
1719,182
1720,221
1721,179
1722,211
1723,64
1724,256
1725,223
1726,167
1727,223
1728,216
1729,226
1730,137
1731,200
1732,220
1733,96
1734,145
1735,55
1736,205
1737,251
1738,173
1739,245
1740,211
1741,97
1742,255
1743,191
1744,209
1745,144
1746,182
1747,216
1748,220
1749,164
1750,220
1751,149
1752,161
1753,220
1754,247
1755,210
1756,198
1757,197
1758,234
1759,208
1760,121
1761,26
1762,250
1763,196
1764,194
1765,81
1766,252
1767,187
1768,148
1769,226
1770,0
1771,209
1772,45
1773,174
1774,110
1775,148
1776,127
1777,230
1778,113
1779,153
1780,255
1781,152
1782,206
1783,195
1784,115
1785,176
1786,211
1787,238
1788,182
1789,250
1790,188
1791,58
1792,94
1793,196
1794,36
1795,111
1796,223
1797,25
1798,153
1799,194
1800,188
1801,194
1802,170
1803,138
1804,144
1805,176
1806,75
1807,185
1808,213
1809,124
1810,154
1811,209
1812,211
1813,207
1814,169
1815,194
1816,129
1817,85
1818,95
1819,238
1820,220
1821,198
1822,205
1823,244
1824,222
1825,216
1826,230
1827,176
1828,185
1829,81
1830,119
1831,193
1832,199
1833,250
1834,92
1835,173
1836,219
1837,175
1838,217
1839,119
1840,225
1841,166
1842,245
1843,156
1844,252
1845,52
1846,121
1847,221
1848,75
1849,181
1850,235
1851,64
1852,209
1853,189
1854,142
1855,207
1856,152
1857,208
1858,239
1859,186
1860,162
1861,186
1862,148
1863,177
1864,190
1865,199
1866,183
1867,253
1868,214
1869,227
1870,198
1871,197
1872,37
1873,197
1874,216
1875,234
1876,126
1877,216
1878,239
1879,169
1880,160
1881,87
1882,205
1883,182
1884,246
1885,64
1886,84
1887,241
1888,157
1889,161
1890,227
1891,164
1892,126
1893,219
1894,252
1895,213
1896,200
1897,221
1898,190
1899,204
1900,183
1901,246
1902,212
1903,154
1904,196
1905,198
1906,221
1907,213
1908,195
1909,114
1910,195
1911,218
1912,205
1913,97
1914,115
1915,164
1916,222
1917,200
1918,115
1919,172
1920,235
1921,224
1922,213
1923,206
1924,47
1925,216
1926,214
1927,162
1928,173
1929,193
1930,153
1931,255
1932,234
1933,223
1934,196
1935,240
1936,195
1937,201
1938,43
1939,181
1940,159
1941,225
1942,210
1943,179
1944,236
1945,196
1946,123
1947,202
1948,243
1949,100
1950,170
1951,160
1952,177
1953,54
1954,248
1955,115
1956,183
1957,236
1958,191
1959,160
1960,151
1961,119
1962,189
1963,127
1964,30
1965,169
1966,218
1967,196
1968,248
1969,255
1970,242
1971,253
1972,199
1973,125
1974,221
1975,105
1976,216
1977,231
1978,193
1979,243
1980,195
1981,229
1982,223
1983,234
1984,227
1985,147
1986,236
1987,203
1988,235
1989,204
1990,238
1991,198
1992,240
1993,183
1994,81
1995,206
1996,75
1997,210
1998,202
1999,208
2000,195
2001,212
2002,205
2003,203
2004,164
2005,200
2006,206
2007,227
2008,201
2009,224
2010,222
2011,234
2012,233
2013,233
2014,166
2015,168
2016,213
2017,215
2018,208
2019,230
2020,187
2021,230
2022,62
2023,220
2024,194
2025,240
2026,226
2027,146
2028,213
2029,125
2030,254
2031,227
2032,228
2033,239
2034,183
2035,226
2036,122
2037,138
2038,161
2039,203
2040,137
2041,222
2042,36
2043,186
2044,248
2045,135
2046,256
2047,246
2048,192
2049,157
2050,86
2051,156
2052,161
2053,218
2054,208
2055,230
2056,221
2057,229
2058,216
2059,216
2060,122
2061,227
2062,111
2063,35
2064,70
2065,237
2066,231
2067,127
2068,81
2069,102
2070,178
2071,214
2072,191
2073,222
2074,253
2075,246
2076,159
2077,147
2078,242
2079,136
2080,204
2081,232
2082,226
2083,185
2084,219
2085,130
2086,149
2087,174
2088,217
2089,233
2090,145
2091,254
2092,150
2093,231
2094,211
2095,196
2096,237
2097,179
2098,190
2099,148
2100,202
2101,240
2102,178
2103,156
2104,214
2105,188
2106,242
2107,216
2108,182
2109,238
2110,177
2111,207
2112,150
2113,176
2114,213
2115,233
2116,204
2117,240
2118,227
2119,246
2120,172
2121,56
2122,208
2123,144
2124,230
2125,221
2126,193
2127,162
2128,158
2129,170
2130,232
2131,178
2132,159
2133,158
2134,142
2135,205
2136,224
2137,129
2138,256
2139,201
2140,190
2141,231
2142,207
2143,233
2144,235
2145,224
2146,174
2147,203
2148,218
2149,200
2150,198
2151,254
2152,152
2153,209
2154,239
2155,242
2156,245
2157,215
2158,167
2159,188
2160,129
2161,196
2162,1
2163,227
2164,236
2165,175
2166,235
2167,167
2168,186
2169,252
2170,231
2171,184
2172,115
2173,126
2174,160
2175,164
2176,243
2177,251
2178,204
2179,214
2180,256
2181,187
2182,148
2183,148
2184,173
2185,190
2186,93
2187,43
2188,204
2189,211
2190,182
2191,216
2192,174
2193,45
2194,246
2195,135
2196,133
2197,227
2198,139
2199,144
2200,172
2201,194
2202,240
2203,0
2204,191
2205,175
2206,245
2207,183
2208,172
2209,171
2210,151
2211,243
2212,109
2213,171
2214,222
2215,256
2216,223
2217,236
2218,217
2219,184
2220,178
2221,243
2222,220
2223,172
2224,115
2225,219
2226,218
2227,120
2228,157
2229,172
2230,243
2231,230
2232,118
2233,186
2234,161
2235,234
2236,142
2237,249
2238,228
2239,163
2240,161
2241,186
2242,182
2243,207
2244,137
2245,190
2246,164
2247,220
2248,225
2249,160
2250,230
2251,255
2252,140
2253,214
2254,250
2255,221
2256,115
2257,224
2258,169
2259,47
2260,207
2261,212
2262,228
2263,129
2264,243
2265,38
2266,223
2267,230
2268,0
2269,172
2270,169
2271,64
2272,249
2273,181
2274,231
2275,142
2276,256
2277,239
2278,171
2279,178
2280,224
2281,194
2282,172
2283,81
2284,254
2285,242
2286,138
2287,217
2288,236
2289,233
2290,193
2291,201
2292,244
2293,137
2294,176
2295,143
2296,170
2297,173
2298,251
2299,230
2300,194
2301,209
2302,249
2303,243
2304,239
2305,233
2306,178
2307,141
2308,197
2309,211
2310,181
2311,145
2312,248
2313,218
2314,251
2315,256
2316,198
2317,7
2318,119
2319,208
2320,211
2321,212
2322,243
2323,248
2324,246
2325,203
2326,156
2327,236
2328,84
2329,199
2330,214
2331,164
2332,191
2333,187
2334,223
2335,165
2336,174
2337,220
2338,225
2339,145
2340,236
2341,187
2342,256
2343,210
2344,203
2345,216
2346,223
2347,215
2348,242
2349,204
2350,193
2351,239
2352,91
2353,129
2354,156
2355,246
2356,225
2357,209
2358,200
2359,80
2360,221
2361,118
2362,100
2363,234
2364,217
2365,191
2366,146
2367,245
2368,133
2369,121
2370,245
2371,214
2372,155
2373,245
2374,226
2375,221
2376,225
2377,0
2378,255
2379,247
2380,211
2381,183
2382,146
2383,237
2384,226
2385,219
2386,180
2387,203
2388,226
2389,152
2390,235
2391,158
2392,147
2393,212
2394,134
2395,146
2396,177
2397,243
2398,160
2399,228
