0,196
1,185
2,178
3,219
4,187
5,40
6,195
7,241
8,228
9,130
10,138
11,229
12,201
13,179
14,235
15,185
16,217
17,196
18,239
19,240
20,238
21,99
22,170
23,201
24,243
25,225
26,60
27,19
28,222
29,158
30,101
31,174
32,186
33,237
34,227
35,223
36,235
37,222
38,205
39,236
40,203
41,248
42,193
43,95
44,225
45,210
46,166
47,237
48,138
49,162
50,139
51,218
52,77
53,210
54,204
55,190
56,164
57,202
58,203
59,253
60,236
61,149
62,174
63,222
64,207
65,215
66,250
67,240
68,182
69,131
70,197
71,206
72,195
73,230
74,236
75,110
76,225
77,0
78,206
79,204
80,237
81,237
82,134
83,165
84,221
85,216
86,171
87,206
88,126
89,204
90,189
91,244
92,183
93,167
94,133
95,212
96,219
97,177
98,249
99,197
100,256
101,251
102,203
103,91
104,249
105,214
106,212
107,222
108,159
109,0
110,140
111,167
112,206
113,235
114,249
115,214
116,231
117,223
118,229
119,238
120,178
121,203
122,87
123,72
124,187
125,207
126,232
127,83
128,210
129,143
130,165
131,216
132,214
133,239
134,154
135,189
136,163
137,179
138,51
139,151
140,254
141,235
142,227
143,126
144,176
145,189
146,194
147,183
148,204
149,206
150,82
151,222
152,233
153,192
154,185
155,239
156,250
157,149
158,49
159,128
160,227
161,194
162,219
163,90
164,237
165,3
166,138
167,174
168,171
169,252
170,221
171,151
172,203
173,131
174,245
175,202
176,223
177,219
178,232
179,0
180,141
181,59
182,197
183,231
184,198
185,199
186,223
187,175
188,147
189,229
190,248
191,223
192,97
193,253
194,191
195,237
196,162
197,202
198,159
199,203
200,189
201,213
202,189
203,158
204,253
205,174
206,170
207,216
208,215
209,123
210,165
211,223
212,244
213,233
214,95
215,178
216,215
217,182
218,238
219,198
220,122
221,234
222,210
223,66
224,226
225,252
226,244
227,192
228,223
229,227
230,162
231,181
232,237
233,217
234,195
235,203
236,139
237,212
238,152
239,223
240,233
241,156
242,245
243,172
244,239
245,224
246,228
247,252
248,204
249,223
250,160
251,107
252,204
253,182
254,227
255,249
256,254
257,218
258,184
259,186
260,146
261,191
262,232
263,61
264,217
265,220
266,156
267,148
268,216
269,192
270,158
271,206
272,189
273,252
274,208
275,201
276,223
277,130
278,250
279,164
280,96
281,216
282,221
283,216
284,158
285,220
286,198
287,214
288,221
289,211
290,158
291,230
292,177
293,102
294,195
295,164
296,102
297,100
298,72
299,220
300,164
301,192
302,241
303,177
304,224
305,224
306,141
307,216
308,217
309,249
310,228
311,174
312,183
313,249
314,251
315,178
316,104
317,135
318,234
319,175
320,218
321,49
322,172
323,208
324,199
325,233
326,101
327,243
328,211
329,68
330,233
331,252
332,139
333,225
334,223
335,223
336,208
337,211
338,223
339,118
340,119
341,250
342,236
343,201
344,171
345,162
346,138
347,117
348,62
349,66
350,100
351,192
352,121
353,160
354,204
355,224
356,209
357,224
358,227
359,118
360,204
361,172
362,208
363,149
364,234
365,196
366,210
367,237
368,240
369,75
370,186
371,204
372,169
373,174
374,252
375,117
376,220
377,233
378,150
379,209
380,196
381,114
382,167
383,208
384,165
385,252
386,196
387,97
388,190
389,224
390,243
391,187
392,240
393,130
394,157
395,0
396,220
397,214
398,165
399,238
400,88
401,185
402,217
403,190
404,200
405,206
406,224
407,107
408,210
409,224
410,184
411,136
412,231
413,252
414,213
415,61
416,144
417,74
418,216
419,109
420,229
421,194
422,221
423,245
424,208
425,238
426,231
427,127
428,172
429,181
430,230
431,230
432,224
433,248
434,192
435,165
436,162
437,233
438,195
439,228
440,205
441,126
442,188
443,186
444,180
445,160
446,0
447,204
448,122
449,224
450,56
451,204
452,199
453,159
454,236
455,223
456,193
457,249
458,207
459,253
460,232
461,245
462,249
463,187
464,225
465,173
466,163
467,174
468,75
469,157
470,97
471,188
472,200
473,144
474,180
475,241
476,217
477,168
478,229
479,124
480,185
481,239
482,242
483,248
484,146
485,158
486,230
487,0
488,162
489,235
490,185
491,155
492,196
493,0
494,174
495,145
496,233
497,235
498,234
499,235
500,188
501,193
502,244
503,248
504,142
505,246
506,129
507,201
508,102
509,6
510,228
511,231
512,224
513,252
514,160
515,233
516,175
517,160
518,100
519,230
520,25
521,226
522,184
523,85
524,194
525,224
526,223
527,225
528,197
529,219
530,189
531,210
532,79
533,184
534,251
535,101
536,228
537,225
538,115
539,55
540,198
541,247
542,218
543,206
544,221
545,164
546,187
547,152
548,90
549,256
550,182
551,143
552,221
553,168
554,122
555,198
556,0
557,235
558,172
559,192
560,117
561,214
562,185
563,109
564,229
565,181
566,253
567,254
568,225
569,245
570,206
571,116
572,234
573,237
574,197
575,208
576,233
577,111
578,232
579,255
580,194
581,85
582,223
583,254
584,248
585,109
586,192
587,213
588,184
589,76
590,241
591,227
592,252
593,159
594,186
595,229
596,238
597,248
598,156
599,238
600,168
601,199
602,145
603,223
604,168
605,129
606,180
607,171
608,220
609,136
610,223
611,250
612,176
613,251
614,48
615,253
616,135
617,177
618,151
619,104
620,197
621,204
622,128
623,234
624,160
625,199
626,218
627,203
628,211
629,150
630,204
631,207
632,233
633,225
634,209
635,200
636,173
637,127
638,22
639,228
640,103
641,145
642,181
643,151
644,232
645,233
646,241
647,216
648,194
649,187
650,170
651,252
652,111
653,146
654,0
655,210
656,128
657,248
658,238
659,98
660,223
661,204
662,181
663,191
664,224
665,107
666,230
667,99
668,221
669,62
670,188
671,222
672,0
673,244
674,194
675,221
676,112
677,126
678,196
679,226
680,244
681,156
682,248
683,182
684,210
685,230
686,164
687,194
688,191
689,71
690,241
691,232
692,196
693,206
694,153
695,227
696,115
697,237
698,0
699,175
700,214
701,223
702,137
703,255
704,193
705,218
706,108
707,248
708,39
709,162
710,251
711,250
712,253
713,220
714,120
715,189
716,188
717,218
718,152
719,86
720,112
721,222
722,62
723,224
724,227
725,160
726,128
727,254
728,67
729,205
730,209
731,46
732,227
733,91
734,242
735,142
736,173
737,184
738,216
739,186
740,225
741,217
742,78
743,111
744,195
745,161
746,88
747,255
748,204
749,244
750,203
751,18
752,215
753,115
754,250
755,101
756,231
757,198
758,204
759,233
760,196
761,95
762,210
763,232
764,181
765,246
766,163
767,188
768,120
769,228
770,171
771,223
772,138
773,233
774,208
775,123
776,188
777,233
778,200
779,73
780,213
781,176
782,84
783,242
784,216
785,251
786,237
787,102
788,88
789,230
790,253
791,130
792,180
793,240
794,191
795,227
796,130
797,172
798,231
799,256
800,170
801,239
802,210
803,151
804,169
805,225
806,247
807,197
808,251
809,220
810,229
811,73
812,192
813,236
814,188
815,211
816,208
817,147
818,10
819,199
820,251
821,212
822,0
823,222
824,226
825,189
826,189
827,232
828,193
829,235
830,195
831,188
832,213
833,0
834,196
835,149
836,129
837,123
838,150
839,164
840,236
841,229
842,242
843,232
844,194
845,236
846,127
847,183
848,239
849,171
850,214
851,190
852,184
853,248
854,126
855,168
856,111
857,247
858,173
859,149
860,235
861,198
862,181
863,230
864,181
865,166
866,229
867,239
868,164
869,232
870,181
871,226
872,220
873,219
874,247
875,242
876,214
877,220
878,196
879,216
880,236
881,156
882,0
883,235
884,175
885,220
886,86
887,227
888,189
889,59
890,250
891,209
892,212
893,194
894,184
895,254
896,239
897,221
898,165
899,186
900,84
901,212
902,198
903,148
904,74
905,186
906,88
907,1
908,188
909,223
910,218
911,205
912,76
913,114
914,244
915,216
916,131
917,173
918,143
919,202
920,204
921,178
922,189
923,244
924,251
925,156
926,228
927,136
928,239
929,225
930,228
931,235
932,189
933,240
934,176
935,244
936,229
937,132
938,0
939,251
940,234
941,213
942,87
943,185
944,205
945,236
946,218
947,182
948,169
949,256
950,177
951,244
952,156
953,231
954,242
955,149
956,239
957,243
958,206
959,214
960,226
961,252
962,250
963,165
964,195
965,209
966,250
967,254
968,226
969,162
970,224
971,109
972,197
973,118
974,180
975,136
976,226
977,171
978,226
979,228
980,124
981,255
982,161
983,226
984,240
985,90
986,0
987,235
988,142
989,171
990,137
991,135
992,174
993,236
994,208
995,158
996,202
997,219
998,180
999,251
1000,245
1001,203
1002,250
1003,61
1004,180
1005,195
1006,196
1007,197
1008,132
1009,80
1010,46
1011,183
1012,248
1013,216
1014,232
1015,191
1016,222
1017,226
1018,184
1019,227
1020,209
1021,121
1022,239
1023,174
1024,69
1025,254
1026,145
1027,226
1028,250
1029,194
1030,194
1031,86
1032,105
1033,243
1034,197
1035,248
1036,72
1037,30
1038,182
1039,46
1040,195
1041,164
1042,137
1043,212
1044,132
1045,216
1046,207
1047,194
1048,156
1049,138
1050,226
1051,252
1052,220
1053,162
1054,149
1055,143
1056,186
1057,245
1058,115
1059,202
1060,211
1061,148
1062,216
1063,218
1064,203
1065,229
1066,61
1067,215
1068,216
1069,249
1070,252
1071,190
1072,125
1073,200
1074,71
1075,254
1076,223
1077,249
1078,210
1079,246
1080,155
1081,205
1082,125
1083,184
1084,229
1085,174
1086,158
1087,174
1088,110
1089,186
1090,134
1091,183
1092,81
1093,113
1094,84
1095,209
1096,88
1097,108
1098,117
1099,189
1100,221
1101,235
1102,149
1103,160
1104,242
1105,164
1106,186
1107,250
1108,234
1109,227
1110,254
1111,232
1112,248
1113,240
1114,166
1115,221
1116,206
1117,153
1118,184
1119,200
1120,228
1121,142
1122,127
1123,164
1124,135
1125,243
1126,10
1127,177
1128,93
1129,204
1130,249
1131,256
1132,220
1133,240
1134,72
1135,224
1136,175
1137,168
1138,175
1139,119
1140,236
1141,238
1142,234
1143,130
1144,62
1145,193
1146,187
1147,190
1148,201
1149,136
1150,124
1151,246
1152,113
1153,211
1154,244
1155,144
1156,253
1157,237
1158,225
1159,246
1160,177
1161,228
1162,186
1163,232
1164,110
1165,156
1166,242
1167,188
1168,154
1169,140
1170,238
1171,191
1172,182
1173,204
1174,189
1175,232
1176,134
1177,219
1178,180
1179,246
1180,125
1181,160
1182,167
1183,213
1184,141
1185,240
1186,256
1187,59
1188,190
1189,229
1190,233
1191,233
1192,200
1193,251
1194,248
1195,239
1196,178
1197,184
1198,178
1199,27
1200,75
1201,255
1202,220
1203,239
1204,64
1205,237
1206,219
1207,225
1208,141
1209,234
1210,210
1211,207
1212,212
1213,15
1214,248
1215,0
1216,226
1217,0
1218,187
1219,243
1220,246
1221,162
1222,106
1223,212
1224,146
1225,97
1226,197
1227,178
1228,0
1229,151
1230,156
1231,177
1232,147
1233,241
1234,111
1235,72
1236,142
1237,122
1238,206
1239,245
1240,188
1241,230
1242,200
1243,216
1244,177
1245,52
1246,254
1247,239
1248,178
1249,211
1250,167
1251,189
1252,170
1253,246
1254,208
1255,185
1256,218
1257,153
1258,207
1259,245
1260,234
1261,240
1262,172
1263,253
1264,217
1265,199
1266,159
1267,205
1268,181
1269,244
1270,194
1271,219
1272,223
1273,233
1274,89
1275,195
1276,39
1277,222
1278,221
1279,194
1280,154
1281,202
1282,141
1283,194
1284,245
1285,8
1286,173
1287,86
1288,168
1289,207
1290,127
1291,106
1292,166
1293,110
1294,218
1295,181
1296,236
1297,235
1298,151
1299,250
1300,0
1301,241
1302,216
1303,173
1304,201
1305,96
1306,116
1307,195
1308,133
1309,168
1310,198
1311,196
1312,215
1313,151
1314,217
1315,256
1316,222
1317,194
1318,196
1319,118
1320,202
1321,104
1322,216
1323,245
1324,50
1325,152
1326,156
1327,252
1328,191
1329,219
1330,204
1331,182
1332,255
1333,217
1334,241
1335,162
1336,209
1337,135
1338,199
1339,159
1340,244
1341,254
1342,204
1343,213
1344,237
1345,225
1346,195
1347,253
1348,149
1349,182
1350,229
1351,243
1352,154
1353,222
1354,231
1355,90
1356,153
1357,119
1358,173
1359,0
1360,237
1361,236
1362,227
1363,169
1364,165
1365,176
1366,48
1367,221
1368,170
1369,235
1370,246
1371,197
1372,253
1373,214
1374,199
1375,208
1376,203
1377,207
1378,40
1379,172
1380,198
1381,174
1382,182
1383,234
1384,34
1385,148
1386,169
1387,196
1388,79
1389,247
1390,210
1391,207
1392,90
1393,236
1394,211
1395,218
1396,193
1397,242
1398,123
1399,207
1400,92
1401,210
1402,168
1403,140
1404,160
1405,157
1406,255
1407,0
1408,125
1409,131
1410,189
1411,232
1412,231
1413,235
1414,197
1415,224
1416,76
1417,224
1418,139
1419,50
1420,217
1421,225
1422,220
1423,256
1424,154
1425,198
1426,239
1427,136
1428,157
1429,185
1430,231
1431,101
1432,182
1433,236
1434,188
1435,133
1436,243
1437,232
1438,128
1439,214
1440,215
1441,246
1442,161
1443,252
1444,147
1445,244
1446,222
1447,227
1448,222
1449,182
1450,189
1451,146
1452,237
1453,137
1454,230
1455,234
1456,240
1457,197
1458,217
1459,192
1460,90
1461,194
1462,237
1463,206
1464,88
1465,221
1466,248
1467,226
1468,167
1469,182
1470,109
1471,244
1472,224
1473,217
1474,0
1475,202
1476,141
1477,209
1478,178
1479,202
1480,207
1481,26
1482,236
1483,117
1484,198
1485,206
1486,178
1487,251
1488,168
1489,218
1490,196
1491,251
1492,171
1493,252
1494,122
1495,232
1496,221
1497,198
1498,145
1499,200
1500,68
1501,201
1502,135
1503,158
1504,144
1505,151
1506,60
1507,222
1508,246
1509,160
1510,57
1511,239
1512,81
1513,162
1514,217
1515,166
1516,192
1517,208
1518,232
1519,210
1520,199
1521,215
1522,238
1523,249
1524,125
1525,224
1526,227
1527,188
1528,168
1529,182
1530,164
1531,222
1532,103
1533,0
1534,198
1535,204
1536,208
1537,172
1538,157
1539,236
1540,188
1541,250
1542,248
1543,228
1544,196
1545,108
1546,240
1547,153
1548,129
1549,143
1550,139
1551,177
1552,229
1553,225
1554,80
1555,233
1556,66
1557,207
1558,211
1559,149
1560,185
1561,166
1562,255
1563,195
1564,242
1565,137
1566,236
1567,235
1568,219
1569,167
1570,243
1571,243
1572,212
1573,232
1574,175
1575,196
1576,156
1577,235
1578,193
1579,239
1580,234
1581,242
1582,149
1583,199
1584,101
1585,167
1586,240
1587,240
1588,222
1589,212
1590,242
1591,200
1592,144
1593,144
1594,165
1595,237
1596,223
1597,146
1598,179
1599,152
1600,176
1601,179
1602,197
1603,204
1604,201
1605,241
1606,101
1607,229
1608,131
1609,188
1610,52
1611,209
1612,254
1613,206
1614,229
1615,199
1616,191
1617,176
1618,180
1619,225
1620,223
1621,87
1622,200
1623,204
1624,154
1625,178
1626,140
1627,213
1628,235
1629,131
1630,231
1631,235
1632,190
1633,214
1634,88
1635,214
1636,168
1637,205
1638,51
1639,150
1640,156
1641,205
1642,241
1643,131
1644,157
1645,249
1646,118
1647,224
1648,230
1649,186
1650,241
1651,228
1652,147
1653,193
1654,87
1655,242
1656,115
1657,220
1658,82
1659,153
1660,151
1661,249
1662,161
1663,151
1664,181
1665,245
1666,94
1667,183
1668,209
1669,66
1670,226
1671,110
1672,214
1673,39
1674,212
1675,195
1676,218
1677,226
1678,221
1679,5
1680,145
1681,226
1682,221
1683,155
1684,167
1685,190
1686,238
1687,223
1688,248
1689,211
1690,235
1691,80
1692,149
1693,162
1694,158
1695,40
1696,226
1697,110
1698,223
1699,202
1700,226
1701,251
1702,250
1703,243
1704,256
1705,197
1706,237
1707,256
1708,231
1709,232
1710,205
1711,200
1712,158
1713,144
1714,112
1715,178
1716,146
1717,185
1718,215
1719,185
1720,222
1721,187
1722,214
1723,62
1724,256
1725,221
1726,170
1727,216
1728,231
1729,231
1730,108
1731,200
1732,217
1733,38
1734,155
1735,42
1736,206
1737,250
1738,153
1739,246
1740,219
1741,64
1742,255
1743,186
1744,184
1745,135
1746,162
1747,200
1748,210
1749,149
1750,222
1751,185
1752,167
1753,216
1754,248
1755,205
1756,206
1757,149
1758,241
1759,208
1760,0
1761,48
1762,250
1763,194
1764,195
1765,37
1766,251
1767,183
1768,150
1769,223
1770,0
1771,200
1772,0
1773,176
1774,98
1775,143
1776,130
1777,234
1778,104
1779,166
1780,255
1781,100
1782,205
1783,194
1784,143
1785,190
1786,211
1787,233
1788,182
1789,249
1790,174
1791,0
1792,109
1793,183
1794,27
1795,56
1796,220
1797,11
1798,152
1799,198
1800,225
1801,201
1802,175
1803,132
1804,150
1805,170
1806,73
1807,168
1808,215
1809,125
1810,155
1811,209
1812,214
1813,223
1814,185
1815,195
1816,141
1817,70
1818,59
1819,239
1820,217
1821,148
1822,218
1823,244
1824,224
1825,210
1826,228
1827,178
1828,171
1829,45
1830,125
1831,200
1832,196
1833,244
1834,105
1835,170
1836,221
1837,190
1838,214
1839,113
1840,228
1841,158
1842,244
1843,146
1844,252
1845,34
1846,152
1847,216
1848,79
1849,175
1850,236
1851,80
1852,227
1853,186
1854,127
1855,221
1856,167
1857,213
1858,238
1859,178
1860,160
1861,199
1862,138
1863,189
1864,186
1865,196
1866,174
1867,253
1868,214
1869,235
1870,198
1871,173
1872,0
1873,213
1874,216
1875,227
1876,133
1877,203
1878,243
1879,177
1880,159
1881,86
1882,212
1883,166
1884,248
1885,66
1886,90
1887,247
1888,156
1889,182
1890,221
1891,162
1892,125
1893,214
1894,253
1895,221
1896,203
1897,219
1898,185
1899,170
1900,184
1901,244
1902,204
1903,175
1904,188
1905,188
1906,224
1907,214
1908,183
1909,129
1910,196
1911,216
1912,216
1913,97
1914,121
1915,138
1916,221
1917,196
1918,140
1919,168
1920,233
1921,220
1922,222
1923,197
1924,61
1925,198
1926,207
1927,140
1928,152
1929,186
1930,160
1931,255
1932,226
1933,215
1934,217
1935,243
1936,194
1937,195
1938,0
1939,71
1940,149
1941,225
1942,200
1943,170
1944,248
1945,189
1946,103
1947,202
1948,245
1949,88
1950,159
1951,133
1952,175
1953,29
1954,246
1955,91
1956,195
1957,230
1958,128
1959,176
1960,191
1961,68
1962,162
1963,93
1964,0
1965,161
1966,218
1967,198
1968,245
1969,255
1970,241
1971,253
1972,198
1973,59
1974,221
1975,35
1976,185
1977,228
1978,197
1979,245
1980,186
1981,224
1982,226
1983,235
1984,220
1985,159
1986,241
1987,188
1988,240
1989,195
1990,241
1991,167
1992,240
1993,201
1994,32
1995,203
1996,79
1997,203
1998,182
1999,200
2000,199
2001,216
2002,209
2003,225
2004,162
2005,175
2006,215
2007,227
2008,209
2009,222
2010,219
2011,229
2012,234
2013,218
2014,170
2015,152
2016,225
2017,207
2018,202
2019,229
2020,181
2021,231
2022,57
2023,218
2024,190
2025,237
2026,223
2027,106
2028,203
2029,114
2030,254
2031,224
2032,227
2033,234
2034,169
2035,226
2036,110
2037,138
2038,157
2039,195
2040,81
2041,220
2042,31
2043,180
2044,245
2045,149
2046,256
2047,246
2048,186
2049,164
2050,45
2051,158
2052,137
2053,210
2054,222
2055,228
2056,222
2057,212
2058,217
2059,214
2060,122
2061,223
2062,30
2063,0
2064,71
2065,244
2066,196
2067,85
2068,13
2069,112
2070,175
2071,216
2072,182
2073,215
2074,253
2075,244
2076,159
2077,158
2078,240
2079,150
2080,213
2081,232
2082,223
2083,206
2084,218
2085,147
2086,130
2087,161
2088,213
2089,234
2090,85
2091,254
2092,173
2093,232
2094,214
2095,195
2096,243
2097,173
2098,196
2099,137
2100,189
2101,245
2102,175
2103,149
2104,198
2105,140
2106,244
2107,220
2108,178
2109,235
2110,187
2111,219
2112,158
2113,162
2114,213
2115,233
2116,205
2117,241
2118,225
2119,246
2120,164
2121,4
2122,216
2123,146
2124,234
2125,225
2126,166
2127,159
2128,134
2129,159
2130,230
2131,108
2132,148
2133,166
2134,142
2135,187
2136,218
2137,90
2138,256
2139,207
2140,162
2141,227
2142,208
2143,229
2144,222
2145,222
2146,141
2147,204
2148,210
2149,208
2150,174
2151,254
2152,143
2153,229
2154,238
2155,244
2156,242
2157,208
2158,151
2159,176
2160,106
2161,171
2162,0
2163,229
2164,239
2165,136
2166,236
2167,180
2168,184
2169,252
2170,234
2171,178
2172,93
2173,128
2174,169
2175,164
2176,241
2177,251
2178,207
2179,220
2180,256
2181,152
2182,175
2183,151
2184,171
2185,187
2186,95
2187,2
2188,216
2189,210
2190,181
2191,214
2192,164
2193,46
2194,252
2195,83
2196,125
2197,220
2198,78
2199,141
2200,150
2201,193
2202,238
2203,0
2204,151
2205,135
2206,247
2207,158
2208,165
2209,150
2210,136
2211,243
2212,133
2213,173
2214,215
2215,256
2216,226
2217,234
2218,211
2219,192
2220,160
2221,241
2222,222
2223,175
2224,30
2225,226
2226,218
2227,120
2228,159
2229,172
2230,239
2231,228
2232,119
2233,148
2234,134
2235,230
2236,125
2237,246
2238,228
2239,149
2240,122
2241,193
2242,187
2243,196
2244,151
2245,177
2246,149
2247,205
2248,224
2249,104
2250,230
2251,255
2252,101
2253,208
2254,251
2255,220
2256,119
2257,219
2258,179
2259,11
2260,212
2261,213
2262,232
2263,180
2264,243
2265,31
2266,227
2267,225
2268,0
2269,164
2270,157
2271,20
2272,249
2273,173
2274,233
2275,114
2276,256
2277,235
2278,145
2279,154
2280,229
2281,130
2282,183
2283,119
2284,252
2285,237
2286,80
2287,213
2288,235
2289,219
2290,200
2291,210
2292,243
2293,137
2294,182
2295,151
2296,153
2297,172
2298,251
2299,221
2300,199
2301,200
2302,250
2303,245
2304,234
2305,234
2306,184
2307,154
2308,202
2309,209
2310,159
2311,123
2312,244
2313,222
2314,253
2315,256
2316,195
2317,0
2318,91
2319,210
2320,213
2321,209
2322,236
2323,250
2324,244
2325,198
2326,140
2327,233
2328,89
2329,187
2330,196
2331,161
2332,192
2333,193
2334,236
2335,198
2336,151
2337,223
2338,219
2339,138
2340,239
2341,191
2342,256
2343,195
2344,202
2345,204
2346,226
2347,220
2348,240
2349,223
2350,158
2351,238
2352,58
2353,85
2354,143
2355,235
2356,226
2357,212
2358,210
2359,32
2360,226
2361,123
2362,125
2363,224
2364,221
2365,179
2366,110
2367,246
2368,154
2369,98
2370,242
2371,215
2372,153
2373,247
2374,221
2375,225
2376,212
2377,0
2378,254
2379,249
2380,220
2381,186
2382,120
2383,239
2384,241
2385,215
2386,182
2387,206
2388,227
2389,132
2390,228
2391,89
2392,155
2393,179
2394,127
2395,131
2396,157
2397,247
2398,162
2399,231
