0,19
1,243
2,232
3,185
4,203
5,138
6,201
7,98
8,205
9,122
10,179
11,202
12,236
13,233
14,228
15,155
16,142
17,222
18,165
19,87
20,130
21,186
22,157
23,211
24,32
25,135
26,184
27,163
28,133
29,231
30,224
31,148
32,169
33,179
34,102
35,60
36,233
37,181
38,230
39,245
40,157
41,228
42,164
43,110
44,160
45,239
46,224
47,215
48,161
49,86
50,207
51,149
52,242
53,244
54,211
55,183
56,197
57,167
58,175
59,156
60,72
61,192
62,147
63,208
64,205
65,105
66,222
67,137
68,152
69,139
70,141
71,197
72,211
73,217
74,137
75,132
76,159
77,163
78,192
79,199
80,218
81,151
82,194
83,185
84,194
85,128
86,194
87,248
88,219
89,198
90,199
91,159
92,137
93,244
94,195
95,190
96,138
97,139
98,207
99,229
100,184
101,240
102,208
103,228
104,122
105,162
106,194
107,189
108,154
109,137
110,213
111,229
112,218
113,45
114,216
115,203
116,97
117,145
118,222
119,216
120,195
121,38
122,206
123,228
124,189
125,168
126,181
127,202
128,177
129,154
130,178
131,182
132,213
133,66
134,199
135,162
136,129
137,226
138,189
139,221
140,139
141,225
142,86
143,195
144,206
145,182
146,192
147,209
148,119
149,213
150,129
151,138
152,189
153,169
154,167
155,224
156,246
157,113
158,218
159,191
160,196
161,170
162,129
163,160
164,229
165,236
166,192
167,217
168,172
169,239
170,221
171,159
172,158
173,239
174,145
175,166
176,204
177,90
178,175
179,188
180,182
181,179
182,94
183,36
184,180
185,182
186,190
187,228
188,116
189,181
190,104
191,241
192,179
193,141
194,158
195,211
196,195
197,227
198,244
199,173
200,146
201,228
202,224
203,208
204,184
205,197
206,207
207,186
208,214
209,228
210,141
211,218
212,207
213,223
214,213
215,216
216,226
217,118
218,174
219,213
220,197
221,176
222,246
223,201
224,206
225,226
226,164
227,243
228,218
229,219
230,124
231,208
232,145
233,143
234,160
235,93
236,191
237,143
238,159
239,229
240,153
241,155
242,239
243,210
244,171
245,223
246,193
247,99
248,226
249,190
250,194
251,200
252,188
253,148
254,183
255,190
256,224
257,159
258,204
259,237
260,230
261,132
262,190
263,197
264,159
265,196
266,141
267,189
268,169
269,208
270,241
271,98
272,98
273,174
274,99
275,218
276,171
277,180
278,160
279,166
280,105
281,232
282,133
283,171
284,207
285,99
286,165
287,179
288,218
289,183
290,218
291,234
292,233
293,206
294,192
295,237
296,181
297,184
298,205
299,221
300,194
301,179
302,219
303,190
304,203
305,230
306,235
307,161
308,209
309,184
310,223
311,161
312,179
313,132
314,145
315,146
316,182
317,227
318,178
319,92
320,154
321,139
322,216
323,234
324,232
325,189
326,221
327,238
328,237
329,144
330,151
331,199
332,246
333,222
334,228
335,198
336,202
337,223
338,168
339,207
340,245
341,166
342,61
343,152
344,147
345,157
346,171
347,157
348,247
349,73
350,249
351,198
352,132
353,126
354,205
355,209
356,199
357,161
358,215
359,201
360,127
361,148
362,191
363,157
364,143
365,198
366,110
367,196
368,230
369,188
370,227
371,194
372,231
373,152
374,139
375,150
376,163
377,177
378,169
379,198
380,165
381,171
382,64
383,155
384,227
385,135
386,146
387,229
388,143
389,240
390,149
391,190
392,230
393,137
394,151
395,242
396,231
397,220
398,239
399,116
400,174
401,133
402,245
403,245
404,197
405,132
406,110
407,171
408,202
409,230
410,240
411,232
412,215
413,136
414,109
415,206
416,239
417,250
418,168
419,185
420,161
421,102
422,165
423,129
424,218
425,231
426,142
427,229
428,201
429,146
430,242
431,224
432,101
433,208
434,185
435,125
436,175
437,213
438,220
439,198
440,145
441,226
442,155
443,99
444,207
445,93
446,191
447,185
448,222
449,215
450,225
451,165
452,249
453,150
454,231
455,172
456,215
457,224
458,225
459,204
460,239
461,112
462,173
463,234
464,245
465,146
466,116
467,190
468,207
469,246
470,44
471,236
472,150
473,120
474,180
475,154
476,241
477,176
478,144
479,245
480,189
481,168
482,204
483,218
484,56
485,230
486,109
487,229
488,249
489,114
490,225
491,243
492,144
493,214
494,112
495,251
496,232
497,234
498,181
499,167
500,224
501,240
502,237
503,237
504,195
505,184
506,220
507,200
508,218
509,206
510,129
511,237
512,219
513,143
514,170
515,246
516,231
517,185
518,228
519,232
520,223
521,156
522,175
523,235
524,186
525,242
526,180
527,137
528,219
529,214
530,233
531,226
532,171
533,236
534,221
535,234
536,232
537,147
538,242
539,202
540,203
541,201
542,137
543,214
544,234
545,194
546,165
547,234
548,207
549,194
550,123
551,192
552,183
553,136
554,248
555,199
556,167
557,211
558,147
559,234
560,231
561,248
562,165
563,230
564,154
565,216
566,168
567,230
568,232
569,209
570,224
571,235
572,199
573,219
574,242
575,151
576,223
577,232
578,195
579,243
580,212
581,244
582,210
583,162
584,210
585,148
586,200
587,219
588,189
589,236
590,227
591,164
592,205
593,150
594,148
595,160
596,207
597,233
598,156
599,143
600,140
601,243
602,116
603,106
604,164
605,232
606,156
607,188
608,196
609,124
610,155
611,202
612,185
613,72
614,235
615,139
616,36
617,197
618,236
619,187
620,82
621,205
622,234
623,178
624,152
625,209
626,178
627,222
628,235
629,118
630,222
631,229
632,147
633,162
634,220
635,213
636,239
637,176
638,152
639,114
640,210
641,176
642,243
643,195
644,197
645,155
646,243
647,190
648,225
649,69
650,125
651,224
652,207
653,228
654,189
655,206
656,153
657,213
658,194
659,223
660,142
661,214
662,210
663,184
664,194
665,204
666,235
667,217
668,140
669,222
670,143
671,158
672,188
673,184
674,242
675,206
676,204
677,167
678,163
679,120
680,221
681,146
682,172
683,211
684,225
685,211
686,151
687,232
688,226
689,205
690,96
691,212
692,81
693,250
694,239
695,187
696,113
697,197
698,143
699,155
700,166
701,241
702,238
703,244
704,131
705,215
706,110
707,201
708,150
709,244
710,169
711,230
712,123
713,237
714,167
715,163
716,163
717,249
718,196
719,91
720,211
721,197
722,153
723,123
724,196
725,128
726,195
727,69
728,127
729,218
730,211
731,120
732,183
733,173
734,239
735,184
736,220
737,187
738,189
739,80
740,188
741,221
742,127
743,244
744,223
745,108
746,207
747,90
748,170
749,203
750,105
751,204
752,205
753,198
754,210
755,222
756,204
757,217
758,243
759,121
760,184
761,252
762,246
763,223
764,232
765,220
766,239
767,163
768,223
769,203
770,237
771,77
772,234
773,199
774,143
775,244
776,193
777,237
778,212
779,245
780,170
781,222
782,109
783,207
784,160
785,201
786,48
787,184
788,117
789,224
790,193
791,133
792,112
793,201
794,234
795,101
796,119
797,243
798,109
799,127
800,236
801,153
802,193
803,236
804,248
805,142
806,134
807,208
808,217
809,187
810,220
811,213
812,201
813,153
814,198
815,207
816,127
817,158
818,235
819,197
820,178
821,182
822,233
823,212
824,197
825,189
826,229
827,161
828,245
829,214
830,200
831,210
832,164
833,226
834,163
835,180
836,190
837,167
838,248
839,232
840,138
841,106
842,197
843,210
844,160
845,156
846,168
847,240
848,203
849,220
850,219
851,24
852,105
853,151
854,184
855,142
856,214
857,245
858,196
859,230
860,219
861,161
862,204
863,167
864,188
865,234
866,230
867,242
868,243
869,244
870,191
871,225
872,222
873,192
874,161
875,224
876,190
877,202
878,194
879,176
880,164
881,200
882,204
883,169
884,200
885,164
886,225
887,245
888,169
889,242
890,206
891,100
892,128
893,223
894,189
895,188
896,187
897,69
898,202
899,217
900,163
901,149
902,213
903,190
904,231
905,141
906,205
907,151
908,163
909,168
910,148
911,212
912,142
913,212
914,138
915,241
916,207
917,157
918,188
919,75
920,205
921,190
922,169
923,162
924,209
925,179
926,176
927,212
928,165
929,212
930,123
931,149
932,189
933,229
934,200
935,209
936,188
937,235
938,184
939,176
940,169
941,219
942,187
943,183
944,206
945,142
946,201
947,142
948,212
949,169
950,151
951,183
952,216
953,235
954,202
955,245
956,202
957,215
958,173
959,82
960,207
961,237
962,127
963,226
964,189
965,161
966,137
967,188
968,184
969,216
970,221
971,195
972,190
973,88
974,201
975,158
976,206
977,108
978,215
979,243
980,211
981,216
982,208
983,186
984,178
985,238
986,207
987,235
988,237
989,155
990,242
991,139
992,182
993,226
994,221
995,212
996,194
997,248
998,168
999,219
1000,215
1001,143
1002,182
1003,245
1004,219
1005,237
1006,146
1007,203
1008,196
1009,170
1010,233
1011,192
1012,181
1013,207
1014,218
1015,226
1016,145
1017,202
1018,219
1019,246
1020,217
1021,248
1022,102
1023,176
1024,173
1025,225
1026,208
1027,95
1028,198
1029,195
1030,237
1031,146
1032,101
1033,180
1034,207
1035,211
1036,228
1037,176
1038,227
1039,190
1040,183
1041,147
1042,205
1043,173
1044,156
1045,222
1046,201
1047,178
1048,236
1049,116
1050,188
1051,198
1052,198
1053,190
1054,173
1055,193
1056,242
1057,205
1058,156
1059,214
1060,232
1061,181
1062,198
1063,178
1064,227
1065,211
1066,159
1067,238
1068,246
1069,211
1070,233
1071,205
1072,132
1073,228
1074,243
1075,201
1076,223
1077,204
1078,171
1079,186
1080,226
1081,157
1082,174
1083,144
1084,217
1085,225
1086,216
1087,146
1088,193
1089,174
1090,226
1091,189
1092,225
1093,167
1094,217
1095,240
1096,117
1097,223
1098,211
1099,223
1100,207
1101,234
1102,234
1103,222
1104,168
1105,218
1106,215
1107,155
1108,227
1109,219
1110,198
1111,177
1112,128
1113,226
1114,223
1115,147
1116,230
1117,171
1118,182
1119,184
1120,220
1121,209
1122,168
1123,146
1124,184
1125,188
1126,247
1127,230
1128,190
1129,201
1130,198
1131,241
1132,183
1133,240
1134,176
1135,194
1136,227
1137,205
1138,250
1139,194
1140,247
1141,193
1142,200
1143,132
1144,177
1145,184
1146,66
1147,250
1148,151
1149,216
1150,83
1151,228
1152,185
1153,178
1154,179
1155,201
1156,210
1157,219
1158,207
1159,229
1160,183
1161,234
1162,99
1163,249
1164,156
1165,243
1166,184
1167,225
1168,239
1169,224
1170,187
1171,193
1172,221
1173,191
1174,244
1175,248
1176,219
1177,209
1178,248
1179,132
1180,183
1181,155
1182,144
1183,159
1184,223
1185,235
1186,224
1187,178
1188,103
1189,208
1190,222
1191,129
1192,246
1193,215
1194,229
1195,248
1196,216
1197,191
1198,164
1199,236
1200,164
1201,247
1202,116
1203,220
1204,182
1205,183
1206,130
1207,170
1208,165
1209,198
1210,168
1211,212
1212,213
1213,200
1214,71
1215,86
1216,133
1217,187
1218,115
1219,250
1220,204
1221,193
1222,28
1223,130
1224,176
1225,43
1226,240
1227,107
1228,158
1229,242
1230,125
1231,18
1232,141
1233,180
1234,88
1235,167
1236,196
1237,156
1238,150
1239,220
1240,179
1241,163
1242,124
1243,224
1244,228
1245,250
1246,189
1247,151
1248,241
1249,187
1250,229
1251,168
1252,180
1253,194
1254,57
1255,30
1256,180
1257,237
1258,157
1259,158
1260,163
1261,219
1262,19
1263,248
1264,193
1265,159
1266,74
1267,113
1268,238
1269,199
1270,235
1271,195
1272,193
1273,224
1274,247
1275,226
1276,151
1277,70
1278,205
1279,252
1280,193
1281,122
1282,235
1283,160
1284,145
1285,103
1286,165
1287,0
1288,156
1289,163
1290,237
1291,229
1292,105
1293,182
1294,144
1295,166
1296,244
1297,86
1298,164
1299,82
1300,249
1301,179
1302,240
1303,118
1304,214
1305,232
1306,221
1307,230
1308,66
1309,171
1310,142
1311,160
1312,131
1313,233
1314,228
1315,220
1316,79
1317,203
1318,132
1319,205
1320,85
1321,50
1322,181
1323,240
1324,68
1325,152
1326,143
1327,82
1328,147
1329,222
1330,187
1331,90
1332,101
1333,172
1334,163
1335,153
1336,106
1337,152
1338,0
1339,208
1340,67
1341,204
1342,218
1343,188
1344,138
1345,120
1346,247
1347,60
1348,212
1349,196
1350,232
1351,0
1352,167
1353,6
1354,226
1355,96
1356,226
1357,205
1358,185
1359,133
1360,227
1361,97
1362,187
1363,62
1364,245
1365,245
1366,169
1367,200
1368,136
1369,145
1370,226
1371,191
1372,92
1373,146
1374,239
1375,248
1376,142
1377,203
1378,172
1379,224
1380,218
1381,114
1382,211
1383,230
1384,225
1385,98
1386,241
1387,218
1388,61
1389,31
1390,17
1391,226
1392,156
1393,172
1394,197
1395,13
1396,147
1397,130
1398,194
1399,177
1400,191
1401,206
1402,164
1403,200
1404,227
1405,133
1406,208
1407,103
1408,128
1409,220
1410,176
1411,213
1412,220
1413,206
1414,235
1415,112
1416,178
1417,176
1418,242
1419,196
1420,161
1421,223
1422,246
1423,132
1424,130
1425,242
1426,17
1427,108
1428,226
1429,207
1430,15
1431,188
1432,211
1433,114
1434,173
1435,241
1436,144
1437,146
1438,232
1439,240
1440,237
1441,100
1442,142
1443,248
1444,220
1445,223
1446,141
1447,160
1448,194
1449,119
1450,39
1451,176
1452,205
1453,112
1454,236
1455,247
1456,195
1457,57
1458,170
1459,177
1460,202
1461,216
1462,69
1463,164
1464,81
1465,170
1466,214
1467,225
1468,227
1469,177
1470,130
1471,184
1472,142
1473,145
1474,224
1475,203
1476,200
1477,108
1478,222
1479,158
1480,110
1481,143
1482,239
1483,225
1484,226
1485,126
1486,247
1487,127
1488,244
1489,232
1490,196
1491,143
1492,232
1493,209
1494,251
1495,229
1496,248
1497,222
1498,215
1499,156
1500,130
1501,197
1502,197
1503,163
1504,126
1505,175
1506,81
1507,72
1508,186
1509,190
1510,121
1511,186
1512,176
1513,25
1514,138
1515,234
1516,194
1517,204
1518,227
1519,116
1520,195
1521,239
1522,180
1523,82
1524,142
1525,225
1526,194
1527,207
1528,194
1529,225
1530,130
1531,123
1532,179
1533,238
1534,154
1535,95
1536,119
1537,172
1538,149
1539,220
1540,187
1541,234
1542,46
1543,213
1544,158
1545,100
1546,185
1547,162
1548,98
1549,170
1550,39
1551,89
1552,167
1553,181
1554,199
1555,168
1556,139
1557,215
1558,177
1559,153
1560,228
1561,135
1562,245
1563,153
1564,159
1565,179
1566,116
1567,188
1568,241
1569,74
1570,183
1571,209
1572,245
1573,238
1574,208
1575,242
1576,133
1577,87
1578,87
1579,230
1580,215
1581,158
1582,95
1583,230
1584,183
1585,199
1586,219
1587,142
1588,202
1589,144
1590,234
1591,232
1592,210
1593,200
1594,193
1595,0
1596,162
1597,120
1598,80
1599,156
1600,226
1601,188
1602,157
1603,173
1604,239
1605,229
1606,198
1607,178
1608,236
1609,212
1610,252
1611,153
1612,198
1613,226
1614,181
1615,137
1616,233
1617,178
1618,187
1619,170
1620,147
1621,211
1622,238
1623,177
1624,219
1625,187
1626,82
1627,86
1628,237
1629,147
1630,172
1631,232
1632,206
1633,194
1634,195
1635,232
1636,196
1637,237
1638,87
1639,216
1640,220
1641,182
1642,174
1643,183
1644,225
1645,212
1646,216
1647,254
1648,254
1649,249
1650,236
1651,245
1652,170
1653,167
1654,139
1655,248
1656,197
1657,182
1658,251
1659,220
1660,233
1661,171
1662,196
1663,217
1664,151
1665,249
1666,172
1667,183
1668,23
1669,186
1670,204
1671,206
1672,251
1673,255
1674,203
1675,246
1676,219
1677,234
1678,148
1679,119
1680,230
1681,154
1682,222
1683,211
1684,173
1685,242
1686,169
1687,222
1688,239
1689,158
1690,123
1691,137
1692,219
1693,189
1694,104
1695,169
1696,210
1697,36
1698,215
1699,249
1700,145
1701,228
1702,165
1703,234
1704,216
1705,196
1706,228
1707,137
1708,162
1709,233
1710,203
1711,207
1712,145
1713,129
1714,56
1715,215
1716,232
1717,197
1718,125
1719,230
1720,143
1721,140
1722,178
1723,39
1724,58
1725,180
1726,238
1727,198
1728,183
1729,140
1730,111
1731,229
1732,154
1733,214
1734,155
1735,202
1736,142
1737,107
1738,207
1739,230
1740,85
1741,149
1742,158
1743,231
1744,249
1745,152
1746,161
1747,104
1748,203
1749,179
1750,92
1751,136
1752,106
1753,93
1754,186
1755,222
1756,227
1757,130
1758,235
1759,194
1760,84
1761,38
1762,225
1763,174
1764,218
1765,134
1766,150
1767,164
1768,232
1769,156
1770,201
1771,143
1772,129
1773,153
1774,107
1775,246
1776,243
1777,167
1778,114
1779,179
1780,220
1781,197
1782,9
1783,23
1784,202
1785,131
1786,112
1787,216
1788,204
1789,116
1790,240
1791,249
1792,220
1793,105
1794,197
1795,228
1796,155
1797,193
1798,221
1799,202
1800,185
1801,227
1802,234
1803,123
1804,228
1805,222
1806,210
1807,198
1808,218
1809,234
1810,190
1811,216
1812,163
1813,252
1814,140
1815,181
1816,202
1817,186
1818,161
1819,11
1820,144
1821,212
1822,194
1823,145
1824,207
1825,162
1826,138
1827,195
1828,198
1829,231
1830,210
1831,236
1832,211
1833,165
1834,96
1835,195
1836,161
1837,139
1838,242
1839,219
1840,233
1841,214
1842,218
1843,160
1844,143
1845,123
1846,60
1847,161
1848,226
1849,130
1850,186
1851,200
1852,216
1853,155
1854,171
1855,150
1856,201
1857,241
1858,193
1859,205
1860,227
1861,158
1862,145
1863,235
1864,244
1865,131
1866,180
1867,246
1868,99
1869,249
1870,234
1871,194
1872,188
1873,211
1874,221
1875,226
1876,172
1877,161
1878,197
1879,156
1880,240
1881,177
1882,249
1883,222
1884,164
1885,219
1886,190
1887,125
1888,168
1889,182
1890,238
1891,120
1892,252
1893,239
1894,197
1895,247
1896,72
1897,190
1898,200
1899,162
1900,86
1901,239
1902,137
1903,203
1904,184
1905,200
1906,0
1907,180
1908,239
1909,146
1910,174
1911,249
1912,181
1913,99
1914,96
1915,244
1916,239
1917,240
1918,241
1919,121
1920,191
1921,190
1922,249
1923,204
1924,106
1925,158
1926,199
1927,151
1928,101
1929,178
1930,76
1931,46
1932,247
1933,149
1934,32
1935,254
1936,201
1937,174
1938,190
1939,137
1940,118
1941,244
1942,249
1943,194
1944,128
1945,135
1946,217
1947,223
1948,227
1949,229
1950,183
1951,210
1952,225
1953,186
1954,156
1955,76
1956,215
1957,195
1958,201
1959,206
1960,222
1961,150
1962,62
1963,142
1964,79
1965,213
1966,232
1967,184
1968,204
1969,247
1970,148
1971,173
1972,231
1973,118
1974,201
1975,205
1976,176
1977,175
1978,202
1979,186
1980,167
1981,234
1982,236
1983,224
1984,183
1985,208
1986,208
1987,254
1988,229
1989,245
1990,104
1991,128
1992,239
1993,222
1994,151
1995,233
1996,21
1997,152
1998,232
1999,203
2000,156
2001,4
2002,121
2003,100
2004,204
2005,160
2006,204
2007,242
2008,2
2009,30
2010,248
2011,94
2012,230
2013,237
2014,143
2015,134
2016,199
2017,250
2018,185
2019,229
2020,245
2021,156
2022,203
2023,247
2024,182
2025,63
2026,211
2027,200
2028,140
2029,44
2030,225
2031,211
2032,4
2033,225
2034,90
2035,203
2036,229
2037,158
2038,244
2039,195
2040,202
2041,132
2042,150
2043,239
2044,151
2045,73
2046,234
2047,87
2048,0
2049,161
2050,207
2051,144
2052,139
2053,167
2054,242
2055,234
2056,10
2057,106
2058,203
2059,228
2060,158
2061,146
2062,131
2063,137
2064,190
2065,205
2066,230
2067,90
2068,145
2069,100
2070,212
2071,243
2072,92
2073,215
2074,211
2075,224
2076,224
2077,210
2078,178
2079,137
2080,208
2081,164
2082,118
2083,205
2084,214
2085,151
2086,197
2087,190
2088,234
2089,233
2090,180
2091,71
2092,240
2093,132
2094,154
2095,239
2096,151
2097,182
2098,163
2099,151
2100,9
2101,182
2102,153
2103,159
2104,213
2105,185
2106,192
2107,141
2108,182
2109,151
2110,236
2111,20
2112,166
2113,0
2114,48
2115,199
2116,5
2117,160
2118,171
2119,240
2120,205
2121,228
2122,162
2123,154
2124,245
2125,79
2126,162
2127,227
2128,219
2129,60
2130,149
2131,237
2132,46
2133,216
2134,152
2135,0
2136,207
2137,118
2138,178
2139,64
2140,101
2141,139
2142,186
2143,216
2144,163
2145,192
2146,72
2147,240
2148,99
2149,116
2150,168
2151,196
2152,136
2153,158
2154,214
2155,196
2156,184
2157,187
2158,221
2159,196
2160,104
2161,155
2162,160
2163,157
2164,191
2165,240
2166,156
2167,25
2168,0
2169,233
2170,238
2171,76
2172,217
2173,184
2174,212
2175,199
2176,184
2177,227
2178,166
2179,239
2180,136
2181,238
2182,0
2183,172
2184,136
2185,216
2186,118
2187,227
2188,232
2189,128
2190,202
2191,31
2192,208
2193,88
2194,203
2195,98
2196,227
2197,92
2198,214
2199,170
2200,208
2201,99
2202,226
2203,162
2204,95
2205,242
2206,103
2207,142
2208,168
2209,84
2210,112
2211,169
2212,137
2213,26
2214,154
2215,212
2216,215
2217,154
2218,40
2219,112
2220,199
2221,143
2222,213
2223,216
2224,135
2225,194
2226,213
2227,105
2228,161
2229,208
2230,249
2231,80
2232,162
2233,231
2234,226
2235,202
2236,120
2237,163
2238,167
2239,202
2240,144
2241,242
2242,183
2243,207
2244,243
2245,211
2246,190
2247,182
2248,0
2249,100
2250,171
2251,195
2252,219
2253,163
2254,127
2255,178
2256,167
2257,0
2258,190
2259,115
2260,186
2261,191
2262,199
2263,203
2264,241
2265,189
2266,140
2267,215
2268,231
2269,94
2270,46
2271,234
2272,153
2273,220
2274,189
2275,214
2276,166
2277,105
2278,0
2279,119
2280,171
2281,170
2282,171
2283,149
2284,75
2285,248
2286,116
2287,200
2288,246
2289,205
2290,157
2291,207
2292,46
2293,170
2294,125
2295,241
2296,154
2297,184
2298,226
2299,119
2300,201
2301,170
2302,194
2303,242
2304,179
2305,131
2306,0
2307,11
2308,220
2309,188
2310,211
2311,134
2312,218
2313,230
2314,139
2315,128
2316,86
2317,118
2318,251
2319,124
2320,234
2321,213
2322,146
2323,203
2324,203
2325,216
2326,137
2327,236
2328,138
2329,246
2330,123
2331,150
2332,201
2333,188
2334,188
2335,227
2336,100
2337,126
2338,186
2339,137
2340,219
2341,196
2342,185
2343,123
2344,238
2345,224
2346,145
2347,170
2348,210
2349,214
2350,183
2351,115
2352,198
2353,184
2354,197
2355,168
2356,161
2357,177
2358,204
2359,175
2360,198
2361,131
2362,205
2363,106
2364,226
2365,161
2366,244
2367,77
2368,219
2369,236
2370,193
2371,110
2372,238
2373,195
2374,26
2375,126
2376,216
2377,91
2378,84
2379,246
2380,153
2381,187
2382,164
2383,222
2384,0
2385,143
2386,211
2387,221
2388,142
2389,107
2390,216
2391,200
2392,135
2393,159
2394,100
2395,175
2396,221
2397,148
2398,210
2399,211
