0,177
1,191
2,181
3,218
4,184
5,94
6,178
7,242
8,230
9,122
10,139
11,227
12,173
13,172
14,228
15,163
16,206
17,210
18,242
19,239
20,226
21,98
22,153
23,204
24,243
25,226
26,69
27,91
28,217
29,155
30,0
31,185
32,188
33,235
34,226
35,228
36,236
37,222
38,206
39,238
40,199
41,249
42,169
43,67
44,220
45,207
46,166
47,235
48,108
49,178
50,159
51,217
52,64
53,217
54,209
55,202
56,185
57,197
58,203
59,253
60,235
61,145
62,169
63,213
64,201
65,213
66,251
67,244
68,162
69,161
70,193
71,201
72,159
73,230
74,225
75,148
76,224
77,32
78,206
79,215
80,238
81,234
82,129
83,165
84,219
85,217
86,178
87,196
88,129
89,199
90,143
91,241
92,194
93,177
94,138
95,224
96,234
97,183
98,250
99,175
100,256
101,247
102,149
103,77
104,246
105,211
106,221
107,222
108,144
109,0
110,128
111,186
112,203
113,236
114,247
115,224
116,221
117,230
118,231
119,236
120,179
121,212
122,93
123,74
124,189
125,200
126,237
127,54
128,202
129,144
130,158
131,209
132,225
133,235
134,169
135,179
136,183
137,186
138,38
139,145
140,253
141,235
142,224
143,131
144,191
145,164
146,208
147,188
148,201
149,205
150,90
151,220
152,234
153,189
154,187
155,244
156,249
157,163
158,47
159,125
160,235
161,191
162,219
163,132
164,241
165,0
166,113
167,186
168,163
169,251
170,211
171,160
172,193
173,133
174,244
175,169
176,220
177,217
178,241
179,0
180,148
181,30
182,141
183,217
184,199
185,210
186,221
187,170
188,128
189,227
190,246
191,216
192,59
193,253
194,199
195,242
196,161
197,217
198,212
199,201
200,169
201,212
202,193
203,199
204,252
205,161
206,139
207,225
208,208
209,88
210,159
211,204
212,245
213,231
214,93
215,181
216,200
217,187
218,239
219,165
220,132
221,236
222,188
223,93
224,221
225,252
226,239
227,160
228,222
229,223
230,169
231,149
232,238
233,213
234,187
235,207
236,140
237,213
238,89
239,229
240,221
241,151
242,244
243,159
244,242
245,234
246,222
247,251
248,205
249,210
250,162
251,113
252,210
253,206
254,231
255,248
256,254
257,221
258,178
259,180
260,134
261,186
262,230
263,87
264,220
265,232
266,175
267,143
268,230
269,197
270,189
271,212
272,176
273,252
274,192
275,173
276,229
277,91
278,244
279,172
280,170
281,217
282,235
283,218
284,125
285,221
286,177
287,224
288,217
289,196
290,179
291,231
292,187
293,124
294,198
295,145
296,139
297,80
298,158
299,219
300,162
301,196
302,234
303,180
304,228
305,222
306,140
307,213
308,220
309,249
310,212
311,152
312,162
313,246
314,253
315,165
316,148
317,183
318,212
319,191
320,242
321,57
322,160
323,209
324,198
325,229
326,105
327,247
328,200
329,118
330,236
331,250
332,154
333,210
334,226
335,222
336,186
337,217
338,217
339,110
340,64
341,250
342,235
343,201
344,168
345,146
346,119
347,103
348,5
349,88
350,106
351,192
352,92
353,152
354,205
355,198
356,213
357,225
358,217
359,109
360,198
361,185
362,197
363,159
364,234
365,195
366,203
367,240
368,240
369,57
370,188
371,206
372,130
373,181
374,249
375,94
376,223
377,232
378,129
379,209
380,192
381,116
382,113
383,210
384,189
385,252
386,206
387,101
388,189
389,226
390,243
391,191
392,238
393,186
394,185
395,0
396,223
397,213
398,161
399,240
400,116
401,165
402,219
403,142
404,163
405,210
406,222
407,45
408,197
409,222
410,185
411,103
412,234
413,250
414,184
415,115
416,171
417,31
418,204
419,90
420,222
421,208
422,218
423,247
424,208
425,239
426,230
427,66
428,120
429,147
430,232
431,236
432,216
433,244
434,186
435,177
436,170
437,231
438,205
439,232
440,183
441,122
442,191
443,190
444,182
445,170
446,18
447,202
448,115
449,232
450,57
451,198
452,204
453,213
454,238
455,220
456,202
457,246
458,212
459,250
460,232
461,244
462,250
463,167
464,219
465,199
466,143
467,164
468,135
469,125
470,103
471,178
472,189
473,149
474,195
475,244
476,225
477,165
478,222
479,113
480,161
481,238
482,246
483,247
484,158
485,139
486,229
487,30
488,179
489,232
490,172
491,151
492,208
493,68
494,172
495,170
496,236
497,222
498,233
499,235
500,182
501,194
502,240
503,248
504,114
505,238
506,117
507,204
508,155
509,13
510,239
511,230
512,224
513,251
514,165
515,234
516,167
517,176
518,89
519,227
520,39
521,226
522,178
523,75
524,193
525,219
526,214
527,225
528,225
529,215
530,171
531,205
532,55
533,179
534,246
535,49
536,229
537,225
538,88
539,87
540,200
541,243
542,214
543,188
544,232
545,160
546,158
547,152
548,64
549,256
550,190
551,97
552,225
553,158
554,80
555,193
556,0
557,236
558,138
559,188
560,162
561,207
562,195
563,126
564,228
565,176
566,253
567,254
568,229
569,246
570,207
571,101
572,230
573,228
574,208
575,199
576,226
577,127
578,227
579,255
580,202
581,62
582,220
583,254
584,247
585,99
586,187
587,200
588,199
589,96
590,226
591,223
592,252
593,113
594,181
595,233
596,241
597,248
598,143
599,237
600,165
601,202
602,121
603,216
604,166
605,152
606,168
607,210
608,190
609,116
610,225
611,247
612,175
613,247
614,0
615,253
616,133
617,179
618,115
619,156
620,187
621,224
622,124
623,232
624,175
625,188
626,222
627,205
628,209
629,171
630,185
631,205
632,232
633,210
634,202
635,194
636,173
637,72
638,125
639,220
640,51
641,200
642,190
643,110
644,235
645,224
646,237
647,232
648,180
649,206
650,155
651,251
652,134
653,119
654,0
655,192
656,126
657,243
658,237
659,108
660,216
661,200
662,179
663,190
664,232
665,104
666,229
667,95
668,228
669,112
670,176
671,216
672,60
673,241
674,200
675,203
676,142
677,126
678,199
679,225
680,244
681,139
682,248
683,164
684,202
685,236
686,169
687,186
688,202
689,136
690,246
691,224
692,199
693,187
694,147
695,228
696,146
697,233
698,0
699,171
700,216
701,232
702,130
703,255
704,188
705,225
706,139
707,244
708,42
709,124
710,246
711,250
712,249
713,221
714,114
715,171
716,164
717,225
718,141
719,91
720,141
721,226
722,34
723,228
724,224
725,176
726,102
727,253
728,71
729,183
730,225
731,78
732,229
733,110
734,236
735,130
736,158
737,184
738,219
739,202
740,253
741,200
742,60
743,149
744,189
745,178
746,96
747,255
748,196
749,241
750,209
751,0
752,200
753,140
754,249
755,97
756,232
757,195
758,192
759,230
760,189
761,105
762,228
763,226
764,170
765,240
766,158
767,197
768,80
769,218
770,165
771,227
772,144
773,231
774,196
775,129
776,184
777,235
778,200
779,141
780,221
781,179
782,122
783,240
784,220
785,251
786,238
787,83
788,77
789,230
790,252
791,81
792,205
793,237
794,203
795,230
796,118
797,156
798,230
799,256
800,158
801,256
802,216
803,139
804,171
805,240
806,234
807,201
808,248
809,214
810,227
811,137
812,181
813,239
814,201
815,205
816,211
817,145
818,62
819,210
820,253
821,214
822,0
823,225
824,226
825,193
826,193
827,224
828,171
829,237
830,178
831,204
832,224
833,81
834,172
835,139
836,182
837,104
838,148
839,117
840,236
841,225
842,237
843,224
844,193
845,239
846,141
847,203
848,224
849,147
850,216
851,133
852,196
853,248
854,111
855,150
856,69
857,239
858,156
859,92
860,235
861,181
862,151
863,224
864,165
865,130
866,217
867,242
868,172
869,221
870,199
871,229
872,200
873,206
874,245
875,239
876,203
877,218
878,185
879,222
880,246
881,148
882,7
883,233
884,182
885,210
886,113
887,229
888,213
889,66
890,250
891,217
892,194
893,197
894,195
895,253
896,238
897,212
898,139
899,154
900,127
901,179
902,206
903,119
904,75
905,183
906,84
907,65
908,191
909,229
910,237
911,203
912,24
913,204
914,243
915,224
916,120
917,168
918,147
919,214
920,205
921,184
922,197
923,244
924,250
925,168
926,227
927,135
928,238
929,229
930,229
931,233
932,168
933,236
934,175
935,246
936,231
937,132
938,39
939,250
940,240
941,213
942,119
943,199
944,205
945,241
946,221
947,186
948,157
949,256
950,196
951,234
952,155
953,229
954,241
955,133
956,234
957,245
958,215
959,217
960,218
961,250
962,250
963,158
964,181
965,198
966,248
967,251
968,207
969,185
970,213
971,124
972,194
973,109
974,163
975,172
976,225
977,152
978,226
979,236
980,114
981,255
982,143
983,231
984,233
985,96
986,0
987,237
988,161
989,178
990,140
991,162
992,74
993,218
994,193
995,162
996,193
997,222
998,177
999,252
1000,240
1001,210
1002,243
1003,95
1004,190
1005,186
1006,200
1007,201
1008,152
1009,69
1010,76
1011,187
1012,247
1013,215
1014,231
1015,216
1016,208
1017,228
1018,192
1019,223
1020,219
1021,97
1022,236
1023,176
1024,115
1025,254
1026,168
1027,222
1028,249
1029,157
1030,188
1031,142
1032,53
1033,245
1034,187
1035,248
1036,89
1037,62
1038,183
1039,156
1040,189
1041,149
1042,164
1043,211
1044,131
1045,219
1046,198
1047,194
1048,182
1049,156
1050,232
1051,250
1052,217
1053,106
1054,139
1055,139
1056,183
1057,248
1058,112
1059,202
1060,218
1061,145
1062,207
1063,219
1064,178
1065,230
1066,100
1067,206
1068,211
1069,248
1070,252
1071,186
1072,139
1073,209
1074,73
1075,253
1076,220
1077,239
1078,213
1079,248
1080,140
1081,203
1082,125
1083,176
1084,220
1085,186
1086,166
1087,164
1088,119
1089,183
1090,94
1091,193
1092,109
1093,119
1094,82
1095,223
1096,128
1097,109
1098,150
1099,204
1100,220
1101,233
1102,116
1103,187
1104,243
1105,159
1106,187
1107,250
1108,231
1109,227
1110,253
1111,227
1112,249
1113,238
1114,136
1115,194
1116,192
1117,171
1118,182
1119,185
1120,231
1121,153
1122,165
1123,149
1124,106
1125,243
1126,43
1127,181
1128,111
1129,216
1130,241
1131,256
1132,222
1133,242
1134,104
1135,227
1136,159
1137,151
1138,174
1139,101
1140,242
1141,240
1142,236
1143,133
1144,135
1145,156
1146,183
1147,211
1148,173
1149,149
1150,191
1151,245
1152,112
1153,196
1154,240
1155,131
1156,253
1157,230
1158,254
1159,244
1160,188
1161,228
1162,180
1163,234
1164,97
1165,182
1166,237
1167,193
1168,149
1169,122
1170,236
1171,200
1172,183
1173,212
1174,191
1175,231
1176,95
1177,223
1178,179
1179,244
1180,89
1181,191
1182,172
1183,222
1184,173
1185,242
1186,256
1187,65
1188,186
1189,224
1190,232
1191,231
1192,185
1193,250
1194,244
1195,232
1196,145
1197,172
1198,134
1199,65
1200,95
1201,255
1202,219
1203,236
1204,68
1205,237
1206,216
1207,221
1208,135
1209,237
1210,187
1211,176
1212,204
1213,89
1214,248
1215,0
1216,225
1217,0
1218,195
1219,241
1220,246
1221,171
1222,126
1223,229
1224,129
1225,49
1226,177
1227,202
1228,17
1229,169
1230,163
1231,167
1232,148
1233,239
1234,25
1235,52
1236,145
1237,145
1238,190
1239,245
1240,176
1241,198
1242,190
1243,216
1244,197
1245,118
1246,254
1247,242
1248,186
1249,205
1250,168
1251,203
1252,168
1253,244
1254,214
1255,217
1256,221
1257,152
1258,208
1259,244
1260,231
1261,234
1262,37
1263,251
1264,209
1265,191
1266,179
1267,212
1268,175
1269,238
1270,104
1271,225
1272,222
1273,233
1274,117
1275,165
1276,91
1277,214
1278,217
1279,191
1280,145
1281,194
1282,104
1283,213
1284,237
1285,74
1286,161
1287,33
1288,120
1289,206
1290,124
1291,106
1292,192
1293,113
1294,224
1295,179
1296,227
1297,235
1298,167
1299,252
1300,55
1301,236
1302,210
1303,207
1304,210
1305,90
1306,82
1307,180
1308,128
1309,180
1310,210
1311,193
1312,213
1313,154
1314,216
1315,256
1316,222
1317,194
1318,178
1319,135
1320,182
1321,100
1322,212
1323,246
1324,36
1325,171
1326,154
1327,250
1328,184
1329,217
1330,209
1331,179
1332,255
1333,217
1334,241
1335,157
1336,200
1337,125
1338,175
1339,201
1340,245
1341,251
1342,206
1343,204
1344,231
1345,219
1346,199
1347,255
1348,152
1349,179
1350,232
1351,236
1352,160
1353,219
1354,231
1355,32
1356,148
1357,97
1358,182
1359,73
1360,235
1361,233
1362,218
1363,160
1364,153
1365,184
1366,52
1367,231
1368,134
1369,231
1370,246
1371,201
1372,252
1373,202
1374,201
1375,202
1376,219
1377,221
1378,40
1379,184
1380,188
1381,188
1382,168
1383,234
1384,58
1385,151
1386,105
1387,192
1388,56
1389,246
1390,212
1391,200
1392,127
1393,229
1394,216
1395,200
1396,191
1397,241
1398,130
1399,211
1400,106
1401,221
1402,182
1403,142
1404,155
1405,144
1406,255
1407,0
1408,86
1409,116
1410,198
1411,215
1412,237
1413,233
1414,153
1415,222
1416,50
1417,223
1418,141
1419,42
1420,225
1421,226
1422,212
1423,256
1424,174
1425,192
1426,242
1427,140
1428,142
1429,177
1430,227
1431,99
1432,143
1433,233
1434,195
1435,141
1436,241
1437,228
1438,146
1439,229
1440,212
1441,246
1442,127
1443,248
1444,155
1445,248
1446,225
1447,227
1448,222
1449,174
1450,187
1451,138
1452,238
1453,114
1454,224
1455,229
1456,240
1457,191
1458,211
1459,186
1460,115
1461,202
1462,233
1463,209
1464,53
1465,222
1466,248
1467,230
1468,155
1469,170
1470,102
1471,243
1472,224
1473,220
1474,0
1475,213
1476,89
1477,199
1478,163
1479,210
1480,207
1481,2
1482,233
1483,52
1484,207
1485,211
1486,174
1487,247
1488,166
1489,232
1490,186
1491,251
1492,161
1493,250
1494,161
1495,233
1496,218
1497,197
1498,155
1499,198
1500,57
1501,193
1502,127
1503,145
1504,122
1505,88
1506,114
1507,223
1508,242
1509,156
1510,35
1511,241
1512,71
1513,179
1514,212
1515,167
1516,183
1517,213
1518,236
1519,202
1520,152
1521,204
1522,242
1523,249
1524,124
1525,208
1526,232
1527,185
1528,174
1529,180
1530,160
1531,223
1532,94
1533,0
1534,157
1535,198
1536,231
1537,175
1538,154
1539,232
1540,189
1541,248
1542,249
1543,219
1544,188
1545,123
1546,232
1547,154
1548,136
1549,145
1550,95
1551,177
1552,206
1553,218
1554,90
1555,232
1556,116
1557,199
1558,226
1559,171
1560,171
1561,162
1562,254
1563,170
1564,242
1565,106
1566,238
1567,233
1568,224
1569,169
1570,243
1571,239
1572,202
1573,231
1574,180
1575,188
1576,173
1577,237
1578,201
1579,240
1580,231
1581,232
1582,177
1583,197
1584,100
1585,166
1586,236
1587,230
1588,226
1589,206
1590,235
1591,195
1592,177
1593,109
1594,156
1595,240
1596,207
1597,140
1598,183
1599,171
1600,189
1601,195
1602,203
1603,228
1604,167
1605,238
1606,68
1607,230
1608,118
1609,182
1610,112
1611,234
1612,254
1613,183
1614,205
1615,224
1616,144
1617,115
1618,188
1619,211
1620,222
1621,85
1622,194
1623,198
1624,156
1625,179
1626,161
1627,193
1628,219
1629,144
1630,234
1631,239
1632,199
1633,213
1634,115
1635,183
1636,174
1637,185
1638,104
1639,134
1640,169
1641,213
1642,240
1643,84
1644,140
1645,251
1646,99
1647,226
1648,231
1649,198
1650,240
1651,180
1652,137
1653,158
1654,113
1655,241
1656,103
1657,236
1658,82
1659,179
1660,150
1661,247
1662,168
1663,118
1664,187
1665,243
1666,56
1667,152
1668,175
1669,97
1670,207
1671,111
1672,222
1673,52
1674,208
1675,191
1676,221
1677,221
1678,182
1679,50
1680,156
1681,214
1682,222
1683,149
1684,170
1685,252
1686,235
1687,223
1688,248
1689,198
1690,231
1691,95
1692,139
1693,159
1694,166
1695,72
1696,227
1697,121
1698,224
1699,207
1700,226
1701,249
1702,250
1703,242
1704,256
1705,190
1706,244
1707,256
1708,228
1709,232
1710,203
1711,202
1712,185
1713,193
1714,121
1715,166
1716,75
1717,209
1718,220
1719,181
1720,222
1721,191
1722,210
1723,59
1724,256
1725,224
1726,173
1727,224
1728,205
1729,230
1730,152
1731,200
1732,219
1733,46
1734,146
1735,34
1736,202
1737,250
1738,161
1739,245
1740,209
1741,105
1742,254
1743,191
1744,177
1745,137
1746,156
1747,219
1748,211
1749,164
1750,222
1751,180
1752,133
1753,216
1754,246
1755,196
1756,217
1757,201
1758,225
1759,200
1760,60
1761,32
1762,249
1763,202
1764,190
1765,20
1766,251
1767,176
1768,153
1769,223
1770,0
1771,218
1772,25
1773,166
1774,64
1775,164
1776,137
1777,227
1778,102
1779,144
1780,254
1781,121
1782,206
1783,196
1784,154
1785,185
1786,200
1787,236
1788,186
1789,248
1790,196
1791,56
1792,47
1793,205
1794,6
1795,18
1796,221
1797,32
1798,170
1799,180
1800,227
1801,185
1802,179
1803,115
1804,95
1805,162
1806,22
1807,160
1808,194
1809,127
1810,143
1811,211
1812,227
1813,204
1814,185
1815,181
1816,117
1817,92
1818,104
1819,239
1820,204
1821,160
1822,184
1823,244
1824,216
1825,205
1826,227
1827,169
1828,173
1829,68
1830,89
1831,185
1832,196
1833,239
1834,99
1835,164
1836,221
1837,195
1838,225
1839,102
1840,223
1841,152
1842,241
1843,135
1844,252
1845,52
1846,135
1847,210
1848,114
1849,187
1850,233
1851,160
1852,202
1853,185
1854,109
1855,191
1856,153
1857,215
1858,239
1859,190
1860,153
1861,171
1862,134
1863,190
1864,192
1865,188
1866,180
1867,250
1868,202
1869,234
1870,200
1871,141
1872,0
1873,191
1874,226
1875,230
1876,110
1877,210
1878,244
1879,164
1880,162
1881,66
1882,207
1883,175
1884,247
1885,87
1886,87
1887,247
1888,159
1889,154
1890,226
1891,121
1892,96
1893,210
1894,253
1895,195
1896,193
1897,201
1898,173
1899,192
1900,173
1901,242
1902,214
1903,159
1904,215
1905,189
1906,216
1907,219
1908,182
1909,147
1910,197
1911,221
1912,216
1913,166
1914,108
1915,132
1916,219
1917,193
1918,116
1919,143
1920,235
1921,218
1922,221
1923,199
1924,93
1925,217
1926,227
1927,142
1928,161
1929,201
1930,133
1931,255
1932,229
1933,229
1934,179
1935,244
1936,197
1937,187
1938,58
1939,116
1940,160
1941,220
1942,204
1943,158
1944,246
1945,194
1946,108
1947,205
1948,244
1949,96
1950,126
1951,146
1952,189
1953,24
1954,240
1955,107
1956,183
1957,230
1958,167
1959,146
1960,172
1961,131
1962,122
1963,139
1964,37
1965,155
1966,214
1967,205
1968,246
1969,255
1970,245
1971,253
1972,183
1973,122
1974,223
1975,37
1976,200
1977,232
1978,190
1979,242
1980,184
1981,214
1982,222
1983,231
1984,225
1985,108
1986,240
1987,199
1988,238
1989,191
1990,239
1991,175
1992,240
1993,116
1994,44
1995,207
1996,82
1997,150
1998,170
1999,202
2000,195
2001,208
2002,207
2003,225
2004,169
2005,166
2006,194
2007,226
2008,209
2009,225
2010,218
2011,231
2012,231
2013,228
2014,168
2015,161
2016,211
2017,195
2018,196
2019,231
2020,189
2021,231
2022,77
2023,218
2024,193
2025,234
2026,227
2027,148
2028,213
2029,112
2030,254
2031,228
2032,223
2033,239
2034,159
2035,227
2036,120
2037,149
2038,164
2039,199
2040,130
2041,220
2042,61
2043,166
2044,247
2045,153
2046,256
2047,247
2048,193
2049,157
2050,64
2051,163
2052,162
2053,225
2054,207
2055,228
2056,216
2057,217
2058,213
2059,218
2060,82
2061,225
2062,83
2063,0
2064,59
2065,226
2066,227
2067,111
2068,40
2069,46
2070,189
2071,206
2072,196
2073,218
2074,253
2075,244
2076,143
2077,99
2078,242
2079,135
2080,193
2081,227
2082,220
2083,183
2084,218
2085,135
2086,101
2087,164
2088,209
2089,239
2090,135
2091,254
2092,145
2093,233
2094,210
2095,187
2096,239
2097,162
2098,190
2099,107
2100,178
2101,245
2102,168
2103,147
2104,191
2105,167
2106,241
2107,214
2108,172
2109,241
2110,209
2111,196
2112,119
2113,174
2114,216
2115,231
2116,199
2117,243
2118,226
2119,246
2120,170
2121,31
2122,209
2123,132
2124,230
2125,236
2126,181
2127,187
2128,129
2129,165
2130,231
2131,154
2132,153
2133,193
2134,144
2135,192
2136,221
2137,123
2138,256
2139,203
2140,206
2141,232
2142,199
2143,226
2144,229
2145,220
2146,141
2147,141
2148,212
2149,207
2150,180
2151,254
2152,145
2153,223
2154,239
2155,242
2156,246
2157,203
2158,129
2159,196
2160,54
2161,191
2162,13
2163,238
2164,238
2165,146
2166,236
2167,156
2168,189
2169,252
2170,225
2171,178
2172,106
2173,123
2174,153
2175,160
2176,235
2177,251
2178,214
2179,210
2180,256
2181,196
2182,184
2183,118
2184,139
2185,198
2186,126
2187,0
2188,206
2189,206
2190,156
2191,212
2192,158
2193,20
2194,245
2195,105
2196,113
2197,223
2198,111
2199,144
2200,132
2201,200
2202,235
2203,0
2204,182
2205,119
2206,234
2207,151
2208,158
2209,134
2210,134
2211,241
2212,101
2213,125
2214,216
2215,256
2216,223
2217,240
2218,214
2219,160
2220,184
2221,241
2222,215
2223,172
2224,80
2225,222
2226,215
2227,92
2228,150
2229,126
2230,243
2231,228
2232,117
2233,210
2234,136
2235,236
2236,67
2237,244
2238,217
2239,158
2240,172
2241,191
2242,186
2243,205
2244,124
2245,184
2246,178
2247,211
2248,225
2249,162
2250,227
2251,255
2252,117
2253,198
2254,251
2255,221
2256,101
2257,226
2258,174
2259,10
2260,201
2261,198
2262,232
2263,88
2264,244
2265,71
2266,230
2267,227
2268,0
2269,161
2270,163
2271,81
2272,250
2273,155
2274,227
2275,107
2276,256
2277,238
2278,193
2279,138
2280,233
2281,126
2282,180
2283,87
2284,252
2285,230
2286,86
2287,210
2288,238
2289,235
2290,208
2291,199
2292,243
2293,34
2294,168
2295,130
2296,177
2297,189
2298,251
2299,239
2300,214
2301,205
2302,250
2303,245
2304,245
2305,238
2306,170
2307,154
2308,202
2309,207
2310,189
2311,119
2312,245
2313,202
2314,251
2315,256
2316,164
2317,2
2318,104
2319,207
2320,184
2321,214
2322,232
2323,250
2324,244
2325,198
2326,134
2327,224
2328,110
2329,198
2330,221
2331,158
2332,205
2333,171
2334,212
2335,128
2336,139
2337,228
2338,227
2339,150
2340,237
2341,178
2342,256
2343,210
2344,199
2345,213
2346,226
2347,214
2348,239
2349,185
2350,163
2351,240
2352,41
2353,157
2354,153
2355,245
2356,220
2357,215
2358,194
2359,11
2360,219
2361,92
2362,49
2363,228
2364,232
2365,184
2366,126
2367,246
2368,124
2369,127
2370,242
2371,215
2372,135
2373,245
2374,230
2375,229
2376,224
2377,0
2378,254
2379,248
2380,212
2381,178
2382,39
2383,233
2384,240
2385,221
2386,167
2387,192
2388,221
2389,122
2390,232
2391,134
2392,150
2393,180
2394,148
2395,109
2396,135
2397,246
2398,158
2399,227
