0,193
1,202
2,180
3,216
4,202
5,106
6,187
7,238
8,230
9,130
10,141
11,227
12,183
13,182
14,238
15,192
16,212
17,217
18,241
19,240
20,234
21,107
22,177
23,210
24,243
25,220
26,59
27,125
28,227
29,165
30,34
31,192
32,194
33,233
34,226
35,219
36,236
37,222
38,214
39,240
40,204
41,249
42,164
43,98
44,225
45,209
46,161
47,237
48,126
49,185
50,211
51,227
52,81
53,213
54,220
55,195
56,188
57,195
58,210
59,253
60,235
61,157
62,173
63,204
64,209
65,223
66,251
67,242
68,165
69,161
70,187
71,219
72,168
73,230
74,237
75,176
76,230
77,39
78,208
79,207
80,236
81,234
82,151
83,165
84,226
85,215
86,172
87,199
88,117
89,200
90,154
91,246
92,201
93,159
94,191
95,224
96,238
97,191
98,250
99,191
100,256
101,249
102,159
103,97
104,249
105,216
106,219
107,217
108,149
109,59
110,125
111,192
112,196
113,236
114,246
115,234
116,235
117,227
118,227
119,236
120,187
121,227
122,103
123,103
124,186
125,208
126,229
127,82
128,201
129,174
130,166
131,220
132,226
133,228
134,181
135,162
136,194
137,188
138,98
139,170
140,254
141,233
142,230
143,139
144,192
145,175
146,192
147,189
148,196
149,207
150,93
151,218
152,236
153,194
154,171
155,239
156,249
157,165
158,51
159,118
160,223
161,184
162,232
163,158
164,248
165,4
166,130
167,180
168,177
169,251
170,213
171,155
172,186
173,164
174,244
175,171
176,212
177,217
178,240
179,0
180,165
181,28
182,154
183,206
184,193
185,202
186,231
187,182
188,162
189,225
190,248
191,209
192,140
193,252
194,199
195,243
196,171
197,209
198,201
199,208
200,185
201,211
202,200
203,208
204,252
205,163
206,156
207,224
208,193
209,118
210,165
211,204
212,242
213,234
214,113
215,198
216,207
217,192
218,243
219,179
220,126
221,233
222,190
223,156
224,218
225,254
226,243
227,171
228,222
229,222
230,164
231,144
232,228
233,213
234,181
235,209
236,136
237,209
238,133
239,225
240,219
241,188
242,247
243,155
244,238
245,236
246,221
247,250
248,217
249,215
250,168
251,136
252,213
253,206
254,241
255,246
256,253
257,220
258,179
259,179
260,138
261,184
262,229
263,88
264,225
265,228
266,157
267,150
268,212
269,206
270,191
271,198
272,181
273,252
274,202
275,187
276,229
277,129
278,249
279,175
280,146
281,215
282,235
283,211
284,132
285,228
286,186
287,216
288,220
289,202
290,174
291,235
292,187
293,111
294,207
295,157
296,114
297,116
298,184
299,215
300,190
301,194
302,241
303,193
304,224
305,227
306,160
307,221
308,222
309,249
310,218
311,161
312,200
313,247
314,252
315,164
316,98
317,204
318,236
319,199
320,222
321,90
322,163
323,211
324,211
325,234
326,159
327,244
328,201
329,139
330,231
331,252
332,154
333,215
334,231
335,212
336,189
337,209
338,217
339,124
340,120
341,250
342,237
343,192
344,166
345,144
346,124
347,132
348,15
349,147
350,109
351,178
352,139
353,152
354,198
355,211
356,207
357,231
358,213
359,148
360,197
361,195
362,210
363,165
364,233
365,184
366,211
367,241
368,242
369,152
370,198
371,200
372,111
373,166
374,247
375,112
376,221
377,235
378,129
379,210
380,190
381,118
382,126
383,190
384,181
385,252
386,198
387,102
388,192
389,228
390,241
391,209
392,241
393,188
394,172
395,0
396,232
397,215
398,163
399,236
400,115
401,171
402,216
403,157
404,157
405,206
406,216
407,96
408,217
409,228
410,188
411,114
412,233
413,250
414,197
415,137
416,174
417,68
418,211
419,106
420,224
421,214
422,226
423,247
424,209
425,237
426,233
427,72
428,145
429,165
430,232
431,231
432,216
433,244
434,186
435,173
436,192
437,231
438,204
439,226
440,191
441,117
442,197
443,195
444,175
445,182
446,64
447,203
448,121
449,232
450,88
451,216
452,203
453,221
454,244
455,220
456,193
457,250
458,220
459,248
460,231
461,242
462,249
463,172
464,227
465,191
466,154
467,185
468,159
469,144
470,113
471,183
472,197
473,174
474,187
475,247
476,220
477,172
478,218
479,148
480,157
481,238
482,245
483,248
484,128
485,153
486,226
487,181
488,151
489,233
490,180
491,168
492,204
493,65
494,172
495,154
496,235
497,234
498,227
499,227
500,196
501,208
502,250
503,248
504,128
505,243
506,147
507,200
508,178
509,24
510,232
511,228
512,224
513,251
514,181
515,226
516,187
517,213
518,112
519,231
520,122
521,226
522,177
523,90
524,198
525,227
526,222
527,226
528,228
529,224
530,160
531,204
532,54
533,177
534,250
535,84
536,235
537,222
538,97
539,124
540,198
541,246
542,208
543,206
544,217
545,161
546,173
547,155
548,101
549,256
550,172
551,115
552,215
553,170
554,81
555,193
556,11
557,231
558,126
559,196
560,150
561,212
562,197
563,115
564,224
565,189
566,253
567,254
568,220
569,244
570,195
571,154
572,234
573,238
574,185
575,200
576,231
577,168
578,231
579,253
580,200
581,93
582,193
583,250
584,247
585,121
586,185
587,202
588,209
589,97
590,228
591,225
592,252
593,160
594,184
595,235
596,241
597,247
598,155
599,242
600,158
601,204
602,129
603,220
604,172
605,160
606,156
607,196
608,193
609,98
610,224
611,249
612,157
613,249
614,71
615,253
616,148
617,141
618,140
619,120
620,197
621,209
622,136
623,231
624,196
625,202
626,220
627,206
628,208
629,164
630,198
631,206
632,236
633,200
634,205
635,190
636,170
637,96
638,108
639,220
640,73
641,164
642,192
643,132
644,233
645,231
646,239
647,233
648,196
649,210
650,187
651,252
652,134
653,156
654,31
655,190
656,152
657,247
658,243
659,176
660,227
661,205
662,183
663,198
664,232
665,164
666,228
667,125
668,223
669,104
670,180
671,210
672,48
673,244
674,202
675,208
676,168
677,135
678,176
679,223
680,245
681,145
682,249
683,190
684,205
685,231
686,146
687,200
688,190
689,90
690,246
691,224
692,201
693,188
694,171
695,232
696,172
697,232
698,2
699,170
700,220
701,236
702,157
703,255
704,181
705,224
706,130
707,248
708,99
709,129
710,251
711,247
712,252
713,218
714,126
715,182
716,175
717,222
718,134
719,86
720,166
721,215
722,73
723,226
724,222
725,189
726,138
727,254
728,60
729,181
730,224
731,107
732,231
733,121
734,237
735,143
736,148
737,190
738,215
739,198
740,234
741,204
742,148
743,146
744,197
745,196
746,92
747,254
748,218
749,243
750,187
751,15
752,213
753,149
754,248
755,134
756,230
757,175
758,205
759,229
760,196
761,110
762,216
763,236
764,177
765,242
766,162
767,189
768,145
769,234
770,160
771,226
772,143
773,236
774,209
775,161
776,184
777,230
778,201
779,158
780,224
781,186
782,123
783,239
784,225
785,250
786,237
787,89
788,114
789,242
790,252
791,93
792,192
793,239
794,203
795,241
796,140
797,158
798,228
799,256
800,164
801,238
802,216
803,177
804,162
805,231
806,248
807,197
808,248
809,212
810,235
811,116
812,167
813,235
814,193
815,205
816,211
817,148
818,126
819,211
820,251
821,212
822,0
823,223
824,221
825,182
826,191
827,232
828,180
829,241
830,192
831,219
832,214
833,128
834,180
835,154
836,173
837,113
838,147
839,121
840,236
841,225
842,236
843,227
844,211
845,237
846,128
847,180
848,225
849,167
850,209
851,195
852,207
853,248
854,130
855,154
856,98
857,240
858,154
859,139
860,238
861,189
862,158
863,227
864,179
865,180
866,221
867,241
868,172
869,229
870,189
871,231
872,210
873,218
874,242
875,235
876,207
877,215
878,179
879,217
880,246
881,164
882,40
883,233
884,191
885,213
886,157
887,224
888,213
889,100
890,250
891,219
892,210
893,195
894,176
895,251
896,237
897,222
898,149
899,168
900,156
901,168
902,199
903,116
904,108
905,190
906,90
907,79
908,176
909,235
910,241
911,194
912,57
913,215
914,240
915,228
916,126
917,179
918,184
919,219
920,200
921,185
922,191
923,239
924,251
925,159
926,222
927,159
928,236
929,218
930,230
931,234
932,170
933,239
934,180
935,243
936,233
937,156
938,0
939,248
940,229
941,214
942,138
943,213
944,199
945,229
946,213
947,174
948,185
949,256
950,206
951,237
952,142
953,234
954,236
955,138
956,228
957,241
958,205
959,218
960,222
961,250
962,250
963,173
964,161
965,198
966,249
967,253
968,234
969,165
970,228
971,146
972,211
973,140
974,177
975,154
976,222
977,144
978,228
979,237
980,219
981,255
982,153
983,232
984,241
985,92
986,21
987,228
988,148
989,171
990,145
991,148
992,106
993,234
994,201
995,158
996,184
997,218
998,183
999,252
1000,240
1001,203
1002,249
1003,100
1004,187
1005,192
1006,204
1007,199
1008,155
1009,106
1010,110
1011,185
1012,246
1013,216
1014,228
1015,203
1016,217
1017,256
1018,202
1019,227
1020,205
1021,144
1022,231
1023,174
1024,129
1025,252
1026,202
1027,218
1028,244
1029,161
1030,192
1031,122
1032,99
1033,238
1034,174
1035,248
1036,125
1037,77
1038,182
1039,150
1040,185
1041,156
1042,172
1043,214
1044,146
1045,222
1046,189
1047,195
1048,172
1049,126
1050,224
1051,247
1052,211
1053,192
1054,155
1055,143
1056,185
1057,244
1058,152
1059,198
1060,220
1061,139
1062,205
1063,213
1064,191
1065,226
1066,76
1067,228
1068,216
1069,243
1070,252
1071,189
1072,169
1073,211
1074,183
1075,253
1076,210
1077,244
1078,210
1079,248
1080,171
1081,212
1082,132
1083,201
1084,218
1085,200
1086,167
1087,173
1088,220
1089,191
1090,99
1091,200
1092,100
1093,134
1094,93
1095,225
1096,117
1097,167
1098,148
1099,191
1100,219
1101,228
1102,125
1103,214
1104,242
1105,167
1106,179
1107,250
1108,231
1109,230
1110,254
1111,229
1112,242
1113,239
1114,137
1115,212
1116,215
1117,172
1118,181
1119,188
1120,226
1121,174
1122,162
1123,151
1124,124
1125,239
1126,159
1127,189
1128,120
1129,201
1130,248
1131,256
1132,215
1133,236
1134,107
1135,216
1136,160
1137,152
1138,195
1139,100
1140,241
1141,237
1142,232
1143,143
1144,158
1145,146
1146,190
1147,228
1148,174
1149,145
1150,181
1151,242
1152,127
1153,196
1154,239
1155,135
1156,252
1157,239
1158,220
1159,245
1160,200
1161,226
1162,174
1163,230
1164,124
1165,186
1166,245
1167,192
1168,161
1169,134
1170,237
1171,192
1172,178
1173,212
1174,192
1175,238
1176,122
1177,217
1178,187
1179,239
1180,104
1181,186
1182,186
1183,222
1184,182
1185,235
1186,256
1187,112
1188,172
1189,228
1190,232
1191,234
1192,197
1193,249
1194,240
1195,228
1196,162
1197,168
1198,151
1199,96
1200,103
1201,255
1202,228
1203,256
1204,88
1205,235
1206,216
1207,218
1208,141
1209,235
1210,205
1211,188
1212,209
1213,70
1214,250
1215,0
1216,217
1217,0
1218,186
1219,243
1220,248
1221,171
1222,151
1223,240
1224,138
1225,55
1226,204
1227,199
1228,49
1229,166
1230,156
1231,169
1232,150
1233,239
1234,96
1235,120
1236,196
1237,151
1238,200
1239,245
1240,178
1241,206
1242,201
1243,217
1244,185
1245,136
1246,254
1247,239
1248,189
1249,201
1250,171
1251,202
1252,188
1253,244
1254,216
1255,207
1256,215
1257,177
1258,212
1259,245
1260,224
1261,240
1262,80
1263,253
1264,199
1265,197
1266,198
1267,223
1268,175
1269,240
1270,146
1271,220
1272,215
1273,235
1274,125
1275,165
1276,100
1277,212
1278,221
1279,184
1280,141
1281,193
1282,128
1283,207
1284,238
1285,140
1286,173
1287,40
1288,131
1289,194
1290,111
1291,104
1292,186
1293,127
1294,222
1295,165
1296,232
1297,235
1298,165
1299,252
1300,82
1301,234
1302,213
1303,209
1304,189
1305,80
1306,132
1307,193
1308,155
1309,173
1310,208
1311,204
1312,223
1313,168
1314,213
1315,256
1316,223
1317,182
1318,169
1319,96
1320,192
1321,104
1322,214
1323,237
1324,78
1325,185
1326,165
1327,252
1328,186
1329,217
1330,202
1331,183
1332,255
1333,215
1334,242
1335,149
1336,223
1337,130
1338,184
1339,199
1340,245
1341,254
1342,190
1343,209
1344,229
1345,228
1346,212
1347,252
1348,160
1349,176
1350,228
1351,243
1352,154
1353,205
1354,231
1355,88
1356,179
1357,112
1358,200
1359,86
1360,234
1361,237
1362,226
1363,170
1364,142
1365,180
1366,75
1367,230
1368,175
1369,230
1370,246
1371,196
1372,252
1373,206
1374,198
1375,193
1376,207
1377,223
1378,40
1379,171
1380,192
1381,164
1382,188
1383,232
1384,23
1385,149
1386,151
1387,196
1388,82
1389,246
1390,210
1391,186
1392,124
1393,235
1394,212
1395,219
1396,190
1397,236
1398,155
1399,231
1400,61
1401,221
1402,214
1403,152
1404,162
1405,143
1406,254
1407,0
1408,119
1409,118
1410,196
1411,222
1412,229
1413,232
1414,151
1415,230
1416,88
1417,211
1418,148
1419,54
1420,225
1421,224
1422,223
1423,256
1424,183
1425,201
1426,242
1427,137
1428,178
1429,198
1430,233
1431,156
1432,154
1433,237
1434,200
1435,180
1436,244
1437,229
1438,160
1439,220
1440,214
1441,246
1442,165
1443,250
1444,178
1445,247
1446,218
1447,227
1448,224
1449,180
1450,201
1451,142
1452,235
1453,149
1454,222
1455,231
1456,234
1457,212
1458,203
1459,196
1460,104
1461,203
1462,230
1463,218
1464,85
1465,224
1466,249
1467,225
1468,145
1469,188
1470,122
1471,244
1472,223
1473,217
1474,0
1475,206
1476,141
1477,211
1478,150
1479,204
1480,210
1481,4
1482,229
1483,75
1484,201
1485,196
1486,196
1487,251
1488,174
1489,210
1490,201
1491,250
1492,161
1493,252
1494,170
1495,236
1496,210
1497,204
1498,149
1499,191
1500,102
1501,202
1502,139
1503,161
1504,174
1505,97
1506,119
1507,217
1508,244
1509,159
1510,83
1511,233
1512,112
1513,161
1514,205
1515,169
1516,176
1517,197
1518,231
1519,191
1520,171
1521,209
1522,242
1523,248
1524,119
1525,217
1526,227
1527,193
1528,160
1529,178
1530,148
1531,223
1532,104
1533,0
1534,182
1535,189
1536,233
1537,164
1538,176
1539,225
1540,184
1541,249
1542,250
1543,223
1544,208
1545,127
1546,238
1547,168
1548,146
1549,137
1550,121
1551,188
1552,217
1553,219
1554,79
1555,231
1556,72
1557,207
1558,209
1559,169
1560,160
1561,180
1562,254
1563,177
1564,242
1565,131
1566,235
1567,232
1568,221
1569,192
1570,243
1571,244
1572,203
1573,239
1574,187
1575,170
1576,175
1577,238
1578,193
1579,243
1580,226
1581,232
1582,150
1583,196
1584,120
1585,172
1586,237
1587,228
1588,220
1589,202
1590,227
1591,202
1592,179
1593,147
1594,156
1595,241
1596,228
1597,136
1598,190
1599,180
1600,198
1601,165
1602,205
1603,232
1604,169
1605,241
1606,101
1607,233
1608,145
1609,177
1610,133
1611,232
1612,254
1613,175
1614,227
1615,203
1616,153
1617,127
1618,186
1619,225
1620,222
1621,116
1622,191
1623,184
1624,131
1625,190
1626,178
1627,208
1628,218
1629,162
1630,232
1631,227
1632,198
1633,214
1634,136
1635,190
1636,194
1637,202
1638,114
1639,194
1640,176
1641,212
1642,240
1643,163
1644,152
1645,249
1646,124
1647,225
1648,232
1649,193
1650,242
1651,205
1652,122
1653,167
1654,117
1655,240
1656,94
1657,228
1658,79
1659,164
1660,145
1661,249
1662,181
1663,116
1664,182
1665,240
1666,94
1667,158
1668,178
1669,97
1670,199
1671,126
1672,214
1673,74
1674,209
1675,198
1676,221
1677,230
1678,190
1679,95
1680,135
1681,211
1682,219
1683,172
1684,176
1685,199
1686,228
1687,224
1688,239
1689,201
1690,226
1691,105
1692,131
1693,158
1694,181
1695,69
1696,229
1697,139
1698,222
1699,197
1700,226
1701,252
1702,250
1703,243
1704,256
1705,185
1706,235
1707,256
1708,230
1709,232
1710,205
1711,202
1712,173
1713,184
1714,138
1715,174
1716,101
1717,212
1718,208
1719,186
1720,225
1721,183
1722,219
1723,143
1724,256
1725,216
1726,185
1727,217
1728,209
1729,230
1730,172
1731,200
1732,218
1733,90
1734,148
1735,47
1736,194
1737,248
1738,172
1739,245
1740,222
1741,76
1742,255
1743,189
1744,162
1745,145
1746,171
1747,215
1748,215
1749,186
1750,214
1751,203
1752,133
1753,217
1754,248
1755,192
1756,209
1757,197
1758,244
1759,207
1760,175
1761,66
1762,250
1763,208
1764,195
1765,36
1766,252
1767,188
1768,153
1769,228
1770,0
1771,208
1772,19
1773,154
1774,79
1775,149
1776,111
1777,230
1778,122
1779,148
1780,254
1781,169
1782,213
1783,188
1784,154
1785,191
1786,214
1787,231
1788,194
1789,249
1790,194
1791,51
1792,72
1793,177
1794,83
1795,45
1796,216
1797,111
1798,174
1799,168
1800,207
1801,200
1802,179
1803,110
1804,141
1805,175
1806,60
1807,170
1808,197
1809,162
1810,161
1811,205
1812,214
1813,207
1814,163
1815,199
1816,132
1817,121
1818,115
1819,236
1820,214
1821,210
1822,182
1823,242
1824,219
1825,207
1826,227
1827,189
1828,162
1829,91
1830,86
1831,191
1832,190
1833,243
1834,131
1835,217
1836,212
1837,199
1838,214
1839,161
1840,228
1841,150
1842,244
1843,156
1844,249
1845,117
1846,155
1847,221
1848,135
1849,174
1850,234
1851,107
1852,198
1853,182
1854,142
1855,184
1856,165
1857,205
1858,238
1859,188
1860,144
1861,170
1862,147
1863,178
1864,196
1865,188
1866,166
1867,253
1868,216
1869,230
1870,197
1871,149
1872,0
1873,186
1874,223
1875,234
1876,163
1877,222
1878,244
1879,173
1880,156
1881,81
1882,210
1883,171
1884,247
1885,108
1886,87
1887,247
1888,156
1889,182
1890,227
1891,150
1892,111
1893,220
1894,253
1895,218
1896,192
1897,221
1898,177
1899,198
1900,185
1901,238
1902,217
1903,159
1904,201
1905,190
1906,211
1907,216
1908,196
1909,140
1910,203
1911,218
1912,218
1913,137
1914,132
1915,148
1916,218
1917,205
1918,114
1919,152
1920,233
1921,220
1922,220
1923,203
1924,172
1925,212
1926,220
1927,153
1928,176
1929,203
1930,134
1931,255
1932,235
1933,201
1934,196
1935,240
1936,201
1937,187
1938,49
1939,185
1940,177
1941,216
1942,210
1943,156
1944,246
1945,204
1946,135
1947,205
1948,245
1949,128
1950,132
1951,144
1952,213
1953,103
1954,238
1955,130
1956,184
1957,233
1958,196
1959,154
1960,167
1961,106
1962,139
1963,124
1964,78
1965,149
1966,218
1967,207
1968,245
1969,255
1970,242
1971,253
1972,185
1973,134
1974,215
1975,197
1976,218
1977,228
1978,190
1979,244
1980,182
1981,222
1982,231
1983,239
1984,218
1985,117
1986,243
1987,199
1988,239
1989,199
1990,239
1991,193
1992,242
1993,143
1994,52
1995,208
1996,90
1997,160
1998,178
1999,194
2000,182
2001,212
2002,208
2003,219
2004,191
2005,175
2006,198
2007,224
2008,207
2009,221
2010,219
2011,236
2012,236
2013,230
2014,175
2015,167
2016,232
2017,206
2018,200
2019,236
2020,200
2021,226
2022,59
2023,224
2024,186
2025,238
2026,223
2027,146
2028,210
2029,96
2030,254
2031,218
2032,229
2033,223
2034,179
2035,227
2036,156
2037,158
2038,163
2039,194
2040,158
2041,222
2042,43
2043,155
2044,246
2045,172
2046,256
2047,247
2048,188
2049,181
2050,78
2051,158
2052,159
2053,226
2054,219
2055,226
2056,209
2057,211
2058,215
2059,214
2060,92
2061,219
2062,123
2063,0
2064,79
2065,227
2066,234
2067,135
2068,87
2069,70
2070,191
2071,203
2072,199
2073,213
2074,253
2075,246
2076,152
2077,113
2078,231
2079,132
2080,200
2081,222
2082,229
2083,194
2084,217
2085,158
2086,114
2087,171
2088,212
2089,233
2090,129
2091,254
2092,157
2093,225
2094,212
2095,180
2096,241
2097,159
2098,195
2099,137
2100,201
2101,247
2102,163
2103,155
2104,189
2105,162
2106,240
2107,213
2108,178
2109,234
2110,201
2111,202
2112,132
2113,188
2114,218
2115,237
2116,201
2117,242
2118,223
2119,247
2120,178
2121,93
2122,220
2123,133
2124,226
2125,240
2126,155
2127,197
2128,151
2129,166
2130,231
2131,177
2132,161
2133,201
2134,143
2135,196
2136,217
2137,158
2138,256
2139,200
2140,210
2141,233
2142,207
2143,232
2144,225
2145,217
2146,158
2147,148
2148,224
2149,189
2150,181
2151,254
2152,159
2153,224
2154,238
2155,233
2156,246
2157,212
2158,150
2159,210
2160,87
2161,185
2162,27
2163,242
2164,242
2165,135
2166,236
2167,160
2168,170
2169,252
2170,229
2171,184
2172,112
2173,126
2174,170
2175,200
2176,241
2177,251
2178,207
2179,211
2180,256
2181,188
2182,171
2183,146
2184,163
2185,178
2186,131
2187,0
2188,212
2189,206
2190,162
2191,211
2192,153
2193,61
2194,251
2195,116
2196,130
2197,221
2198,150
2199,142
2200,145
2201,196
2202,232
2203,78
2204,182
2205,130
2206,244
2207,132
2208,185
2209,143
2210,148
2211,243
2212,137
2213,141
2214,208
2215,256
2216,225
2217,236
2218,214
2219,180
2220,191
2221,238
2222,203
2223,176
2224,41
2225,220
2226,218
2227,99
2228,156
2229,122
2230,236
2231,228
2232,158
2233,210
2234,160
2235,225
2236,94
2237,244
2238,223
2239,157
2240,193
2241,183
2242,185
2243,212
2244,140
2245,183
2246,171
2247,209
2248,214
2249,179
2250,237
2251,255
2252,130
2253,198
2254,250
2255,220
2256,113
2257,226
2258,182
2259,57
2260,214
2261,208
2262,229
2263,121
2264,242
2265,74
2266,233
2267,231
2268,0
2269,152
2270,162
2271,82
2272,249
2273,150
2274,227
2275,125
2276,256
2277,238
2278,185
2279,156
2280,232
2281,188
2282,176
2283,84
2284,252
2285,231
2286,119
2287,219
2288,240
2289,234
2290,214
2291,208
2292,243
2293,95
2294,169
2295,140
2296,193
2297,175
2298,250
2299,241
2300,204
2301,209
2302,250
2303,240
2304,245
2305,233
2306,154
2307,145
2308,211
2309,199
2310,176
2311,127
2312,245
2313,206
2314,251
2315,256
2316,170
2317,31
2318,117
2319,204
2320,197
2321,214
2322,229
2323,250
2324,244
2325,193
2326,154
2327,212
2328,168
2329,206
2330,207
2331,172
2332,198
2333,190
2334,238
2335,128
2336,157
2337,229
2338,227
2339,140
2340,236
2341,186
2342,256
2343,216
2344,199
2345,206
2346,213
2347,212
2348,231
2349,225
2350,194
2351,235
2352,127
2353,124
2354,149
2355,246
2356,211
2357,208
2358,211
2359,18
2360,213
2361,94
2362,106
2363,214
2364,223
2365,188
2366,132
2367,246
2368,117
2369,130
2370,247
2371,208
2372,135
2373,245
2374,226
2375,228
2376,220
2377,54
2378,255
2379,243
2380,208
2381,179
2382,121
2383,234
2384,242
2385,222
2386,163
2387,199
2388,222
2389,140
2390,237
2391,147
2392,146
2393,212
2394,135
2395,115
2396,155
2397,245
2398,184
2399,225
