0,73
1,244
2,235
3,199
4,213
5,142
6,187
7,101
8,207
9,126
10,158
11,203
12,235
13,238
14,242
15,158
16,144
17,222
18,160
19,112
20,145
21,163
22,176
23,207
24,56
25,177
26,184
27,146
28,146
29,220
30,228
31,156
32,179
33,181
34,115
35,55
36,235
37,181
38,233
39,244
40,152
41,230
42,164
43,76
44,201
45,239
46,228
47,203
48,179
49,76
50,198
51,156
52,241
53,244
54,212
55,175
56,182
57,155
58,181
59,153
60,108
61,211
62,159
63,215
64,210
65,147
66,223
67,152
68,147
69,132
70,128
71,190
72,212
73,214
74,155
75,127
76,144
77,183
78,158
79,211
80,220
81,159
82,193
83,195
84,189
85,152
86,193
87,249
88,216
89,213
90,190
91,151
92,127
93,239
94,186
95,198
96,157
97,135
98,212
99,222
100,192
101,239
102,208
103,228
104,150
105,135
106,194
107,181
108,159
109,131
110,221
111,218
112,200
113,62
114,213
115,207
116,115
117,163
118,220
119,208
120,202
121,0
122,188
123,228
124,205
125,177
126,175
127,198
128,179
129,140
130,181
131,195
132,213
133,69
134,185
135,171
136,154
137,217
138,189
139,207
140,135
141,211
142,83
143,206
144,206
145,179
146,186
147,204
148,118
149,208
150,118
151,129
152,178
153,167
154,161
155,225
156,245
157,71
158,214
159,204
160,198
161,185
162,113
163,158
164,224
165,229
166,168
167,218
168,172
169,234
170,215
171,162
172,158
173,239
174,136
175,166
176,176
177,110
178,156
179,177
180,196
181,174
182,125
183,74
184,192
185,191
186,183
187,222
188,84
189,185
190,106
191,241
192,172
193,135
194,164
195,227
196,183
197,228
198,241
199,175
200,158
201,222
202,234
203,200
204,184
205,206
206,232
207,195
208,207
209,209
210,153
211,218
212,211
213,219
214,220
215,190
216,217
217,81
218,172
219,208
220,214
221,177
222,246
223,198
224,204
225,223
226,180
227,243
228,219
229,217
230,106
231,210
232,139
233,141
234,144
235,110
236,196
237,152
238,170
239,233
240,202
241,155
242,227
243,207
244,160
245,227
246,188
247,83
248,224
249,167
250,198
251,175
252,190
253,135
254,203
255,173
256,227
257,173
258,202
259,238
260,228
261,133
262,194
263,202
264,152
265,193
266,130
267,183
268,172
269,206
270,239
271,92
272,111
273,165
274,97
275,215
276,174
277,176
278,172
279,169
280,94
281,223
282,139
283,171
284,195
285,130
286,148
287,151
288,213
289,197
290,213
291,232
292,231
293,198
294,159
295,238
296,174
297,177
298,200
299,217
300,192
301,170
302,205
303,196
304,202
305,234
306,223
307,167
308,198
309,179
310,223
311,123
312,184
313,119
314,145
315,151
316,207
317,227
318,167
319,93
320,182
321,152
322,214
323,233
324,228
325,196
326,221
327,238
328,228
329,143
330,154
331,192
332,247
333,221
334,225
335,190
336,175
337,206
338,167
339,175
340,244
341,148
342,17
343,149
344,165
345,150
346,180
347,154
348,248
349,186
350,248
351,204
352,133
353,112
354,221
355,204
356,192
357,157
358,205
359,192
360,152
361,154
362,203
363,146
364,170
365,194
366,105
367,207
368,232
369,199
370,203
371,201
372,231
373,148
374,176
375,142
376,172
377,171
378,146
379,194
380,175
381,164
382,124
383,156
384,220
385,135
386,119
387,204
388,146
389,235
390,169
391,180
392,236
393,123
394,161
395,242
396,232
397,221
398,238
399,116
400,173
401,120
402,244
403,243
404,196
405,133
406,93
407,186
408,205
409,230
410,241
411,230
412,216
413,153
414,100
415,207
416,238
417,250
418,159
419,185
420,168
421,77
422,170
423,127
424,215
425,230
426,102
427,229
428,206
429,141
430,242
431,232
432,85
433,246
434,186
435,121
436,155
437,214
438,222
439,183
440,149
441,223
442,157
443,140
444,196
445,128
446,188
447,184
448,222
449,223
450,216
451,175
452,245
453,147
454,230
455,163
456,218
457,225
458,216
459,196
460,231
461,123
462,173
463,232
464,245
465,140
466,121
467,198
468,213
469,246
470,122
471,234
472,160
473,108
474,180
475,155
476,240
477,184
478,185
479,245
480,195
481,154
482,206
483,212
484,69
485,232
486,132
487,233
488,249
489,152
490,228
491,242
492,146
493,213
494,127
495,252
496,231
497,230
498,167
499,173
500,229
501,239
502,237
503,225
504,183
505,205
506,216
507,188
508,213
509,208
510,135
511,235
512,220
513,140
514,162
515,246
516,229
517,180
518,235
519,227
520,222
521,156
522,150
523,233
524,174
525,241
526,182
527,181
528,217
529,209
530,234
531,225
532,160
533,229
534,222
535,216
536,227
537,125
538,243
539,200
540,210
541,204
542,126
543,206
544,231
545,197
546,166
547,232
548,211
549,196
550,123
551,199
552,219
553,182
554,249
555,220
556,127
557,193
558,162
559,230
560,232
561,247
562,176
563,227
564,150
565,211
566,156
567,232
568,227
569,207
570,222
571,231
572,207
573,230
574,243
575,150
576,220
577,237
578,191
579,242
580,216
581,245
582,206
583,170
584,198
585,159
586,191
587,174
588,203
589,236
590,204
591,164
592,204
593,154
594,146
595,150
596,208
597,235
598,137
599,146
600,151
601,243
602,143
603,108
604,151
605,236
606,155
607,181
608,185
609,119
610,160
611,199
612,207
613,70
614,230
615,133
616,51
617,180
618,238
619,189
620,98
621,193
622,230
623,173
624,149
625,209
626,167
627,224
628,231
629,150
630,223
631,231
632,139
633,149
634,216
635,215
636,238
637,179
638,150
639,150
640,207
641,159
642,243
643,198
644,207
645,156
646,244
647,192
648,223
649,76
650,137
651,218
652,209
653,228
654,199
655,211
656,170
657,213
658,191
659,226
660,149
661,220
662,203
663,181
664,199
665,199
666,223
667,224
668,128
669,214
670,143
671,154
672,191
673,182
674,242
675,207
676,198
677,181
678,152
679,154
680,220
681,152
682,156
683,218
684,231
685,201
686,152
687,233
688,220
689,200
690,117
691,220
692,72
693,249
694,240
695,189
696,135
697,198
698,147
699,153
700,152
701,240
702,240
703,244
704,152
705,214
706,105
707,189
708,149
709,245
710,150
711,226
712,135
713,228
714,160
715,157
716,162
717,249
718,188
719,100
720,212
721,196
722,163
723,107
724,179
725,135
726,200
727,73
728,132
729,192
730,206
731,123
732,178
733,186
734,240
735,189
736,216
737,174
738,193
739,82
740,201
741,220
742,128
743,244
744,224
745,103
746,199
747,131
748,170
749,195
750,90
751,206
752,202
753,192
754,212
755,218
756,201
757,219
758,243
759,160
760,153
761,252
762,246
763,220
764,225
765,218
766,235
767,171
768,199
769,198
770,239
771,86
772,224
773,197
774,148
775,232
776,201
777,238
778,213
779,245
780,157
781,232
782,94
783,202
784,172
785,203
786,59
787,171
788,135
789,219
790,160
791,124
792,111
793,212
794,234
795,107
796,107
797,245
798,90
799,107
800,232
801,162
802,190
803,236
804,246
805,154
806,151
807,211
808,215
809,179
810,210
811,214
812,184
813,156
814,207
815,209
816,123
817,156
818,236
819,195
820,171
821,184
822,230
823,213
824,201
825,190
826,226
827,152
828,243
829,211
830,215
831,206
832,186
833,224
834,176
835,192
836,194
837,171
838,248
839,228
840,129
841,98
842,171
843,217
844,149
845,117
846,194
847,228
848,205
849,221
850,206
851,74
852,129
853,167
854,193
855,166
856,211
857,245
858,176
859,218
860,218
861,159
862,204
863,161
864,196
865,232
866,224
867,243
868,243
869,243
870,188
871,220
872,220
873,204
874,172
875,229
876,187
877,193
878,190
879,174
880,125
881,208
882,205
883,179
884,201
885,157
886,227
887,245
888,171
889,242
890,193
891,82
892,110
893,218
894,180
895,181
896,172
897,103
898,204
899,212
900,182
901,161
902,192
903,206
904,229
905,153
906,208
907,152
908,192
909,177
910,138
911,221
912,128
913,209
914,125
915,240
916,208
917,181
918,180
919,62
920,182
921,172
922,186
923,211
924,211
925,192
926,184
927,221
928,177
929,211
930,130
931,107
932,187
933,227
934,196
935,212
936,165
937,234
938,202
939,179
940,174
941,217
942,188
943,199
944,216
945,138
946,202
947,141
948,218
949,177
950,158
951,145
952,218
953,233
954,202
955,245
956,207
957,216
958,182
959,105
960,201
961,237
962,143
963,222
964,195
965,120
966,139
967,181
968,149
969,232
970,229
971,180
972,206
973,54
974,189
975,184
976,207
977,129
978,216
979,241
980,202
981,218
982,187
983,178
984,170
985,238
986,204
987,228
988,239
989,163
990,242
991,153
992,185
993,224
994,204
995,214
996,198
997,248
998,152
999,230
1000,221
1001,157
1002,184
1003,243
1004,219
1005,225
1006,184
1007,207
1008,195
1009,190
1010,231
1011,196
1012,181
1013,202
1014,191
1015,225
1016,163
1017,202
1018,216
1019,246
1020,246
1021,248
1022,93
1023,173
1024,174
1025,220
1026,204
1027,104
1028,202
1029,196
1030,238
1031,170
1032,128
1033,169
1034,188
1035,207
1036,230
1037,174
1038,237
1039,193
1040,202
1041,152
1042,196
1043,156
1044,162
1045,228
1046,197
1047,183
1048,237
1049,124
1050,196
1051,206
1052,227
1053,192
1054,180
1055,191
1056,239
1057,212
1058,163
1059,214
1060,226
1061,176
1062,199
1063,172
1064,232
1065,214
1066,176
1067,224
1068,245
1069,206
1070,233
1071,188
1072,132
1073,236
1074,243
1075,196
1076,218
1077,198
1078,174
1079,192
1080,221
1081,152
1082,177
1083,137
1084,210
1085,215
1086,202
1087,146
1088,203
1089,142
1090,226
1091,178
1092,223
1093,177
1094,221
1095,240
1096,119
1097,208
1098,208
1099,219
1100,192
1101,223
1102,238
1103,223
1104,175
1105,216
1106,212
1107,152
1108,227
1109,221
1110,192
1111,166
1112,204
1113,220
1114,229
1115,177
1116,225
1117,160
1118,196
1119,171
1120,228
1121,211
1122,164
1123,166
1124,178
1125,167
1126,245
1127,228
1128,187
1129,209
1130,208
1131,239
1132,181
1133,234
1134,178
1135,190
1136,216
1137,205
1138,249
1139,189
1140,242
1141,193
1142,205
1143,147
1144,129
1145,171
1146,35
1147,250
1148,145
1149,196
1150,124
1151,230
1152,194
1153,192
1154,170
1155,184
1156,191
1157,218
1158,207
1159,227
1160,184
1161,234
1162,104
1163,248
1164,188
1165,241
1166,168
1167,229
1168,240
1169,219
1170,187
1171,185
1172,221
1173,193
1174,233
1175,248
1176,223
1177,160
1178,247
1179,135
1180,184
1181,160
1182,123
1183,144
1184,223
1185,235
1186,205
1187,212
1188,107
1189,187
1190,218
1191,133
1192,244
1193,216
1194,229
1195,248
1196,205
1197,190
1198,171
1199,234
1200,166
1201,247
1202,109
1203,218
1204,175
1205,178
1206,137
1207,175
1208,124
1209,198
1210,178
1211,207
1212,214
1213,204
1214,68
1215,72
1216,96
1217,181
1218,136
1219,251
1220,199
1221,196
1222,53
1223,117
1224,182
1225,48
1226,241
1227,113
1228,151
1229,241
1230,128
1231,35
1232,145
1233,166
1234,110
1235,175
1236,195
1237,174
1238,181
1239,215
1240,192
1241,143
1242,113
1243,220
1244,233
1245,248
1246,189
1247,144
1248,241
1249,176
1250,230
1251,170
1252,189
1253,180
1254,61
1255,63
1256,196
1257,239
1258,150
1259,142
1260,161
1261,214
1262,59
1263,249
1264,172
1265,172
1266,74
1267,99
1268,239
1269,194
1270,236
1271,196
1272,192
1273,225
1274,243
1275,223
1276,151
1277,90
1278,197
1279,251
1280,171
1281,102
1282,235
1283,145
1284,122
1285,46
1286,190
1287,0
1288,170
1289,167
1290,232
1291,223
1292,117
1293,214
1294,134
1295,164
1296,240
1297,53
1298,174
1299,43
1300,247
1301,150
1302,236
1303,212
1304,195
1305,228
1306,218
1307,218
1308,71
1309,174
1310,139
1311,168
1312,98
1313,196
1314,224
1315,224
1316,116
1317,193
1318,115
1319,214
1320,89
1321,66
1322,199
1323,239
1324,58
1325,139
1326,127
1327,74
1328,134
1329,211
1330,186
1331,112
1332,90
1333,181
1334,157
1335,157
1336,65
1337,148
1338,0
1339,208
1340,85
1341,210
1342,213
1343,191
1344,144
1345,127
1346,247
1347,121
1348,209
1349,173
1350,240
1351,0
1352,176
1353,0
1354,210
1355,116
1356,229
1357,216
1358,171
1359,144
1360,226
1361,104
1362,172
1363,42
1364,245
1365,243
1366,190
1367,178
1368,143
1369,139
1370,200
1371,207
1372,86
1373,141
1374,240
1375,245
1376,130
1377,195
1378,165
1379,210
1380,204
1381,123
1382,213
1383,231
1384,219
1385,79
1386,239
1387,197
1388,31
1389,49
1390,94
1391,222
1392,157
1393,172
1394,202
1395,38
1396,140
1397,102
1398,185
1399,174
1400,179
1401,204
1402,135
1403,206
1404,231
1405,139
1406,204
1407,90
1408,132
1409,211
1410,175
1411,203
1412,219
1413,203
1414,231
1415,100
1416,171
1417,128
1418,241
1419,192
1420,155
1421,227
1422,246
1423,99
1424,151
1425,230
1426,22
1427,118
1428,222
1429,190
1430,82
1431,189
1432,217
1433,95
1434,156
1435,240
1436,153
1437,151
1438,237
1439,241
1440,229
1441,98
1442,142
1443,244
1444,196
1445,218
1446,128
1447,152
1448,196
1449,106
1450,102
1451,187
1452,199
1453,122
1454,237
1455,246
1456,187
1457,75
1458,158
1459,166
1460,203
1461,222
1462,55
1463,166
1464,88
1465,213
1466,188
1467,216
1468,221
1469,164
1470,122
1471,213
1472,151
1473,178
1474,185
1475,205
1476,196
1477,93
1478,220
1479,153
1480,178
1481,148
1482,235
1483,223
1484,209
1485,146
1486,246
1487,121
1488,245
1489,232
1490,196
1491,38
1492,228
1493,208
1494,250
1495,233
1496,248
1497,216
1498,216
1499,165
1500,146
1501,200
1502,211
1503,153
1504,127
1505,181
1506,57
1507,46
1508,175
1509,192
1510,141
1511,183
1512,164
1513,38
1514,126
1515,233
1516,198
1517,202
1518,206
1519,124
1520,186
1521,236
1522,178
1523,118
1524,137
1525,217
1526,192
1527,210
1528,196
1529,230
1530,143
1531,126
1532,179
1533,241
1534,153
1535,102
1536,133
1537,164
1538,153
1539,223
1540,178
1541,235
1542,84
1543,216
1544,126
1545,80
1546,186
1547,165
1548,89
1549,178
1550,52
1551,78
1552,175
1553,199
1554,196
1555,169
1556,117
1557,210
1558,174
1559,159
1560,231
1561,128
1562,241
1563,162
1564,163
1565,155
1566,92
1567,184
1568,242
1569,66
1570,185
1571,186
1572,246
1573,238
1574,161
1575,236
1576,138
1577,52
1578,100
1579,236
1580,212
1581,139
1582,106
1583,231
1584,201
1585,184
1586,213
1587,148
1588,195
1589,155
1590,227
1591,203
1592,206
1593,206
1594,182
1595,40
1596,170
1597,150
1598,88
1599,138
1600,218
1601,185
1602,150
1603,167
1604,238
1605,223
1606,215
1607,173
1608,236
1609,200
1610,252
1611,149
1612,198
1613,219
1614,173
1615,111
1616,233
1617,170
1618,191
1619,178
1620,140
1621,212
1622,238
1623,187
1624,208
1625,190
1626,91
1627,94
1628,233
1629,106
1630,157
1631,217
1632,210
1633,199
1634,191
1635,233
1636,201
1637,238
1638,51
1639,216
1640,214
1641,175
1642,158
1643,195
1644,220
1645,210
1646,210
1647,254
1648,254
1649,251
1650,240
1651,245
1652,182
1653,150
1654,134
1655,249
1656,186
1657,183
1658,247
1659,219
1660,230
1661,179
1662,190
1663,218
1664,155
1665,249
1666,186
1667,186
1668,67
1669,159
1670,204
1671,202
1672,251
1673,255
1674,192
1675,245
1676,219
1677,234
1678,152
1679,116
1680,232
1681,170
1682,231
1683,192
1684,174
1685,236
1686,174
1687,224
1688,240
1689,146
1690,99
1691,139
1692,216
1693,181
1694,114
1695,170
1696,208
1697,0
1698,215
1699,249
1700,149
1701,204
1702,138
1703,222
1704,220
1705,196
1706,235
1707,155
1708,175
1709,236
1710,205
1711,225
1712,153
1713,136
1714,48
1715,213
1716,232
1717,193
1718,108
1719,227
1720,136
1721,117
1722,179
1723,38
1724,109
1725,195
1726,239
1727,187
1728,169
1729,141
1730,97
1731,218
1732,173
1733,191
1734,161
1735,200
1736,141
1737,136
1738,177
1739,226
1740,111
1741,151
1742,147
1743,234
1744,250
1745,152
1746,169
1747,110
1748,193
1749,195
1750,82
1751,157
1752,123
1753,107
1754,191
1755,200
1756,223
1757,155
1758,231
1759,191
1760,78
1761,64
1762,218
1763,180
1764,215
1765,144
1766,138
1767,160
1768,235
1769,163
1770,206
1771,144
1772,123
1773,155
1774,131
1775,246
1776,243
1777,154
1778,122
1779,175
1780,195
1781,199
1782,7
1783,66
1784,187
1785,108
1786,114
1787,213
1788,204
1789,112
1790,241
1791,249
1792,209
1793,79
1794,198
1795,233
1796,157
1797,191
1798,228
1799,199
1800,174
1801,231
1802,226
1803,120
1804,223
1805,223
1806,153
1807,215
1808,206
1809,219
1810,208
1811,202
1812,151
1813,249
1814,138
1815,178
1816,215
1817,184
1818,170
1819,32
1820,160
1821,200
1822,182
1823,137
1824,210
1825,162
1826,164
1827,198
1828,208
1829,227
1830,222
1831,235
1832,213
1833,208
1834,97
1835,211
1836,166
1837,148
1838,238
1839,220
1840,222
1841,225
1842,188
1843,150
1844,167
1845,135
1846,73
1847,145
1848,224
1849,116
1850,176
1851,188
1852,213
1853,155
1854,185
1855,138
1856,180
1857,242
1858,195
1859,203
1860,227
1861,191
1862,135
1863,234
1864,246
1865,132
1866,220
1867,243
1868,73
1869,249
1870,238
1871,229
1872,189
1873,191
1874,216
1875,229
1876,152
1877,154
1878,203
1879,161
1880,237
1881,148
1882,246
1883,211
1884,159
1885,209
1886,191
1887,139
1888,168
1889,182
1890,237
1891,110
1892,252
1893,240
1894,200
1895,248
1896,77
1897,198
1898,183
1899,170
1900,122
1901,234
1902,162
1903,203
1904,182
1905,203
1906,53
1907,175
1908,231
1909,136
1910,166
1911,248
1912,195
1913,96
1914,113
1915,245
1916,237
1917,239
1918,237
1919,102
1920,192
1921,178
1922,249
1923,204
1924,112
1925,160
1926,202
1927,128
1928,84
1929,169
1930,69
1931,81
1932,247
1933,167
1934,38
1935,254
1936,206
1937,155
1938,183
1939,116
1940,111
1941,240
1942,244
1943,184
1944,110
1945,146
1946,216
1947,221
1948,232
1949,231
1950,190
1951,217
1952,219
1953,193
1954,129
1955,92
1956,215
1957,189
1958,210
1959,202
1960,220
1961,160
1962,77
1963,171
1964,69
1965,211
1966,234
1967,179
1968,208
1969,249
1970,94
1971,189
1972,231
1973,114
1974,202
1975,215
1976,166
1977,184
1978,197
1979,190
1980,148
1981,230
1982,240
1983,223
1984,182
1985,203
1986,210
1987,254
1988,230
1989,242
1990,117
1991,87
1992,239
1993,225
1994,157
1995,235
1996,43
1997,151
1998,229
1999,198
2000,156
2001,0
2002,131
2003,107
2004,201
2005,157
2006,215
2007,243
2008,70
2009,77
2010,248
2011,117
2012,230
2013,234
2014,155
2015,132
2016,189
2017,249
2018,193
2019,224
2020,247
2021,150
2022,201
2023,248
2024,186
2025,81
2026,207
2027,203
2028,151
2029,73
2030,224
2031,200
2032,13
2033,221
2034,97
2035,206
2036,228
2037,154
2038,243
2039,193
2040,204
2041,120
2042,154
2043,240
2044,146
2045,59
2046,233
2047,75
2048,2
2049,166
2050,203
2051,136
2052,172
2053,154
2054,241
2055,236
2056,0
2057,114
2058,192
2059,225
2060,172
2061,140
2062,142
2063,153
2064,191
2065,179
2066,232
2067,110
2068,132
2069,85
2070,204
2071,244
2072,91
2073,217
2074,212
2075,223
2076,228
2077,208
2078,166
2079,143
2080,209
2081,163
2082,128
2083,203
2084,215
2085,148
2086,176
2087,202
2088,241
2089,235
2090,173
2091,32
2092,241
2093,126
2094,165
2095,237
2096,162
2097,173
2098,157
2099,155
2100,73
2101,184
2102,161
2103,165
2104,216
2105,193
2106,199
2107,177
2108,181
2109,146
2110,236
2111,92
2112,209
2113,2
2114,55
2115,219
2116,62
2117,137
2118,140
2119,234
2120,204
2121,193
2122,150
2123,185
2124,245
2125,62
2126,182
2127,230
2128,220
2129,106
2130,137
2131,236
2132,44
2133,221
2134,127
2135,0
2136,186
2137,105
2138,162
2139,44
2140,107
2141,136
2142,176
2143,215
2144,148
2145,191
2146,28
2147,240
2148,34
2149,117
2150,117
2151,183
2152,115
2153,176
2154,203
2155,194
2156,174
2157,178
2158,222
2159,206
2160,151
2161,165
2162,173
2163,153
2164,187
2165,237
2166,154
2167,0
2168,14
2169,243
2170,238
2171,51
2172,216
2173,205
2174,212
2175,178
2176,181
2177,224
2178,144
2179,221
2180,121
2181,238
2182,13
2183,158
2184,93
2185,208
2186,64
2187,229
2188,233
2189,102
2190,202
2191,25
2192,204
2193,105
2194,203
2195,80
2196,205
2197,50
2198,216
2199,183
2200,197
2201,59
2202,229
2203,163
2204,80
2205,240
2206,93
2207,142
2208,156
2209,64
2210,86
2211,166
2212,142
2213,50
2214,173
2215,213
2216,210
2217,144
2218,54
2219,124
2220,188
2221,144
2222,217
2223,219
2224,145
2225,202
2226,206
2227,111
2228,178
2229,204
2230,249
2231,72
2232,160
2233,225
2234,225
2235,183
2236,124
2237,164
2238,167
2239,207
2240,159
2241,245
2242,190
2243,211
2244,244
2245,211
2246,194
2247,199
2248,0
2249,120
2250,160
2251,204
2252,222
2253,160
2254,140
2255,180
2256,164
2257,82
2258,191
2259,146
2260,184
2261,184
2262,193
2263,197
2264,243
2265,186
2266,141
2267,207
2268,227
2269,81
2270,27
2271,237
2272,152
2273,214
2274,163
2275,217
2276,168
2277,99
2278,0
2279,122
2280,176
2281,176
2282,144
2283,147
2284,47
2285,248
2286,85
2287,201
2288,244
2289,193
2290,164
2291,218
2292,48
2293,171
2294,130
2295,243
2296,153
2297,204
2298,227
2299,117
2300,208
2301,154
2302,207
2303,241
2304,161
2305,122
2306,0
2307,8
2308,215
2309,191
2310,218
2311,116
2312,215
2313,229
2314,83
2315,136
2316,56
2317,141
2318,245
2319,146
2320,228
2321,201
2322,156
2323,198
2324,183
2325,206
2326,131
2327,236
2328,163
2329,240
2330,98
2331,180
2332,203
2333,193
2334,174
2335,231
2336,77
2337,106
2338,195
2339,153
2340,199
2341,209
2342,120
2343,167
2344,227
2345,226
2346,143
2347,177
2348,204
2349,218
2350,182
2351,156
2352,194
2353,170
2354,202
2355,175
2356,176
2357,158
2358,207
2359,195
2360,167
2361,147
2362,201
2363,104
2364,218
2365,130
2366,245
2367,65
2368,202
2369,229
2370,180
2371,112
2372,239
2373,196
2374,80
2375,117
2376,209
2377,94
2378,96
2379,235
2380,164
2381,163
2382,165
2383,223
2384,0
2385,123
2386,208
2387,212
2388,138
2389,101
2390,219
2391,201
2392,160
2393,155
2394,94
2395,157
2396,219
2397,146
2398,197
2399,210
