0,18
1,243
2,227
3,180
4,205
5,157
6,175
7,28
8,202
9,125
10,127
11,187
12,229
13,227
14,251
15,140
16,137
17,209
18,170
19,58
20,117
21,169
22,157
23,196
24,38
25,118
26,184
27,149
28,100
29,226
30,217
31,157
32,171
33,157
34,123
35,39
36,225
37,174
38,219
39,241
40,123
41,224
42,161
43,1
44,169
45,236
46,213
47,208
48,125
49,110
50,172
51,137
52,241
53,245
54,202
55,165
56,197
57,156
58,149
59,130
60,56
61,162
62,136
63,189
64,208
65,59
66,208
67,150
68,132
69,138
70,119
71,186
72,207
73,211
74,139
75,132
76,115
77,106
78,179
79,209
80,222
81,171
82,202
83,195
84,191
85,116
86,190
87,248
88,215
89,206
90,156
91,138
92,75
93,223
94,133
95,171
96,95
97,138
98,202
99,222
100,186
101,237
102,190
103,227
104,113
105,164
106,198
107,189
108,170
109,113
110,228
111,193
112,218
113,22
114,209
115,161
116,85
117,144
118,218
119,176
120,201
121,0
122,194
123,226
124,205
125,138
126,179
127,190
128,163
129,98
130,168
131,199
132,210
133,61
134,191
135,131
136,83
137,220
138,191
139,196
140,134
141,211
142,86
143,168
144,209
145,198
146,177
147,206
148,88
149,215
150,113
151,140
152,148
153,164
154,154
155,217
156,238
157,123
158,208
159,195
160,208
161,144
162,114
163,137
164,225
165,233
166,150
167,224
168,166
169,231
170,197
171,163
172,143
173,239
174,138
175,111
176,204
177,82
178,134
179,198
180,143
181,155
182,41
183,81
184,188
185,146
186,142
187,200
188,76
189,166
190,111
191,242
192,172
193,141
194,138
195,206
196,149
197,214
198,244
199,167
200,156
201,220
202,219
203,187
204,166
205,181
206,184
207,175
208,219
209,219
210,160
211,200
212,205
213,215
214,196
215,216
216,192
217,44
218,177
219,206
220,200
221,168
222,243
223,150
224,188
225,219
226,156
227,241
228,210
229,219
230,78
231,203
232,109
233,143
234,144
235,100
236,173
237,105
238,160
239,232
240,133
241,128
242,239
243,213
244,150
245,216
246,192
247,23
248,221
249,172
250,172
251,200
252,170
253,132
254,190
255,170
256,221
257,158
258,196
259,237
260,221
261,106
262,192
263,199
264,129
265,198
266,147
267,187
268,158
269,209
270,239
271,85
272,129
273,159
274,73
275,219
276,150
277,178
278,158
279,142
280,104
281,232
282,97
283,153
284,191
285,53
286,128
287,88
288,192
289,166
290,203
291,234
292,232
293,209
294,198
295,236
296,151
297,188
298,205
299,212
300,194
301,158
302,222
303,170
304,203
305,233
306,239
307,127
308,213
309,174
310,226
311,104
312,168
313,126
314,149
315,108
316,196
317,224
318,165
319,49
320,144
321,87
322,210
323,223
324,224
325,159
326,211
327,238
328,233
329,144
330,141
331,180
332,247
333,216
334,218
335,196
336,135
337,215
338,164
339,206
340,243
341,99
342,117
343,146
344,96
345,138
346,175
347,156
348,246
349,130
350,249
351,197
352,128
353,88
354,185
355,204
356,193
357,151
358,213
359,155
360,110
361,155
362,179
363,147
364,153
365,202
366,63
367,200
368,233
369,170
370,223
371,210
372,234
373,121
374,101
375,150
376,168
377,152
378,142
379,193
380,142
381,155
382,60
383,143
384,227
385,126
386,94
387,230
388,110
389,243
390,131
391,190
392,226
393,96
394,153
395,239
396,236
397,212
398,240
399,101
400,182
401,124
402,232
403,245
404,195
405,108
406,73
407,140
408,194
409,226
410,238
411,232
412,208
413,148
414,82
415,194
416,239
417,248
418,177
419,181
420,146
421,96
422,151
423,123
424,202
425,231
426,103
427,225
428,190
429,140
430,233
431,216
432,69
433,230
434,162
435,122
436,149
437,200
438,210
439,183
440,143
441,225
442,135
443,76
444,191
445,108
446,194
447,188
448,226
449,211
450,207
451,137
452,251
453,147
454,225
455,165
456,212
457,217
458,212
459,201
460,232
461,153
462,166
463,231
464,236
465,131
466,94
467,192
468,200
469,246
470,134
471,221
472,161
473,122
474,175
475,145
476,233
477,191
478,126
479,245
480,187
481,148
482,187
483,207
484,71
485,227
486,116
487,219
488,248
489,108
490,219
491,228
492,130
493,214
494,105
495,249
496,219
497,233
498,145
499,180
500,211
501,239
502,229
503,240
504,127
505,188
506,185
507,200
508,199
509,205
510,120
511,223
512,214
513,122
514,164
515,244
516,231
517,153
518,217
519,229
520,219
521,160
522,133
523,235
524,180
525,238
526,195
527,167
528,202
529,213
530,232
531,227
532,157
533,216
534,223
535,184
536,231
537,140
538,240
539,207
540,241
541,166
542,132
543,191
544,222
545,186
546,165
547,235
548,213
549,170
550,136
551,174
552,163
553,172
554,247
555,181
556,167
557,210
558,140
559,236
560,216
561,247
562,146
563,227
564,142
565,200
566,108
567,220
568,206
569,173
570,204
571,235
572,195
573,183
574,233
575,142
576,220
577,236
578,174
579,235
580,226
581,245
582,196
583,143
584,181
585,159
586,191
587,219
588,189
589,231
590,223
591,166
592,190
593,151
594,141
595,161
596,211
597,238
598,159
599,129
600,141
601,239
602,96
603,95
604,140
605,234
606,157
607,178
608,194
609,126
610,130
611,186
612,215
613,60
614,226
615,142
616,38
617,148
618,237
619,176
620,58
621,201
622,226
623,183
624,118
625,193
626,176
627,212
628,220
629,136
630,216
631,223
632,106
633,163
634,199
635,210
636,230
637,176
638,164
639,100
640,209
641,188
642,230
643,183
644,189
645,152
646,233
647,184
648,203
649,82
650,118
651,203
652,210
653,225
654,177
655,206
656,137
657,211
658,194
659,221
660,145
661,219
662,173
663,175
664,190
665,184
666,235
667,216
668,131
669,220
670,121
671,146
672,181
673,164
674,242
675,201
676,204
677,169
678,154
679,100
680,213
681,140
682,151
683,204
684,221
685,211
686,148
687,222
688,210
689,177
690,105
691,215
692,34
693,246
694,239
695,180
696,137
697,180
698,131
699,157
700,136
701,229
702,235
703,244
704,157
705,214
706,91
707,162
708,151
709,234
710,177
711,229
712,118
713,237
714,169
715,97
716,163
717,246
718,198
719,100
720,207
721,192
722,164
723,95
724,196
725,137
726,191
727,27
728,118
729,216
730,210
731,107
732,176
733,204
734,238
735,189
736,220
737,155
738,185
739,70
740,175
741,222
742,89
743,243
744,229
745,112
746,205
747,108
748,167
749,201
750,91
751,196
752,205
753,195
754,212
755,221
756,204
757,218
758,238
759,174
760,201
761,252
762,242
763,210
764,228
765,222
766,240
767,162
768,222
769,192
770,233
771,96
772,234
773,187
774,147
775,244
776,201
777,233
778,208
779,245
780,187
781,230
782,91
783,194
784,117
785,189
786,79
787,171
788,97
789,224
790,207
791,113
792,110
793,200
794,227
795,134
796,117
797,243
798,124
799,111
800,229
801,162
802,187
803,236
804,247
805,141
806,121
807,202
808,209
809,190
810,220
811,209
812,156
813,135
814,207
815,208
816,148
817,175
818,232
819,195
820,177
821,173
822,221
823,209
824,200
825,177
826,229
827,141
828,246
829,216
830,208
831,214
832,135
833,218
834,155
835,153
836,192
837,196
838,248
839,232
840,95
841,101
842,177
843,218
844,143
845,139
846,148
847,240
848,192
849,220
850,214
851,0
852,129
853,156
854,185
855,158
856,196
857,245
858,176
859,228
860,217
861,139
862,202
863,166
864,159
865,227
866,226
867,241
868,244
869,247
870,176
871,215
872,222
873,182
874,157
875,223
876,169
877,197
878,170
879,178
880,147
881,188
882,201
883,176
884,194
885,150
886,228
887,243
888,169
889,239
890,187
891,77
892,109
893,205
894,166
895,171
896,179
897,54
898,186
899,208
900,199
901,135
902,213
903,160
904,231
905,142
906,202
907,145
908,187
909,161
910,137
911,209
912,118
913,216
914,138
915,241
916,198
917,169
918,194
919,78
920,178
921,161
922,128
923,183
924,193
925,170
926,131
927,200
928,152
929,212
930,114
931,107
932,139
933,209
934,184
935,161
936,197
937,227
938,193
939,130
940,168
941,219
942,157
943,150
944,211
945,142
946,201
947,126
948,205
949,119
950,140
951,156
952,221
953,234
954,189
955,242
956,200
957,215
958,168
959,127
960,187
961,227
962,95
963,205
964,192
965,74
966,131
967,192
968,139
969,220
970,225
971,165
972,173
973,88
974,187
975,133
976,199
977,132
978,214
979,239
980,211
981,188
982,159
983,152
984,169
985,237
986,190
987,227
988,236
989,130
990,242
991,147
992,158
993,203
994,221
995,203
996,172
997,241
998,122
999,210
1000,210
1001,161
1002,179
1003,245
1004,220
1005,231
1006,186
1007,194
1008,200
1009,192
1010,232
1011,203
1012,161
1013,202
1014,214
1015,227
1016,170
1017,202
1018,219
1019,246
1020,206
1021,247
1022,128
1023,151
1024,110
1025,231
1026,204
1027,81
1028,194
1029,192
1030,233
1031,187
1032,124
1033,148
1034,207
1035,190
1036,220
1037,166
1038,226
1039,170
1040,214
1041,155
1042,198
1043,167
1044,160
1045,223
1046,194
1047,155
1048,225
1049,142
1050,188
1051,196
1052,221
1053,189
1054,168
1055,179
1056,241
1057,206
1058,138
1059,208
1060,232
1061,168
1062,200
1063,178
1064,217
1065,212
1066,176
1067,236
1068,244
1069,211
1070,224
1071,211
1072,168
1073,225
1074,240
1075,184
1076,215
1077,197
1078,167
1079,171
1080,234
1081,147
1082,172
1083,138
1084,212
1085,226
1086,217
1087,114
1088,197
1089,165
1090,225
1091,182
1092,212
1093,165
1094,213
1095,237
1096,125
1097,223
1098,214
1099,211
1100,206
1101,227
1102,240
1103,221
1104,170
1105,217
1106,219
1107,143
1108,224
1109,204
1110,175
1111,142
1112,182
1113,230
1114,229
1115,175
1116,229
1117,168
1118,193
1119,155
1120,229
1121,209
1122,165
1123,154
1124,163
1125,143
1126,245
1127,222
1128,179
1129,212
1130,173
1131,240
1132,155
1133,240
1134,160
1135,193
1136,230
1137,182
1138,249
1139,196
1140,248
1141,204
1142,191
1143,138
1144,100
1145,139
1146,40
1147,252
1148,147
1149,215
1150,118
1151,230
1152,189
1153,192
1154,177
1155,196
1156,197
1157,203
1158,210
1159,224
1160,161
1161,237
1162,107
1163,249
1164,156
1165,238
1166,160
1167,219
1168,231
1169,214
1170,185
1171,178
1172,215
1173,182
1174,241
1175,248
1176,219
1177,198
1178,246
1179,139
1180,165
1181,120
1182,156
1183,162
1184,221
1185,238
1186,224
1187,200
1188,124
1189,208
1190,211
1191,110
1192,247
1193,200
1194,226
1195,248
1196,198
1197,186
1198,154
1199,235
1200,157
1201,250
1202,129
1203,206
1204,182
1205,173
1206,148
1207,177
1208,66
1209,208
1210,180
1211,217
1212,214
1213,214
1214,77
1215,195
1216,119
1217,193
1218,134
1219,249
1220,215
1221,217
1222,50
1223,119
1224,176
1225,37
1226,242
1227,107
1228,137
1229,238
1230,120
1231,17
1232,146
1233,168
1234,158
1235,173
1236,187
1237,167
1238,159
1239,212
1240,185
1241,149
1242,127
1243,222
1244,232
1245,248
1246,230
1247,145
1248,239
1249,190
1250,235
1251,182
1252,185
1253,189
1254,118
1255,103
1256,183
1257,239
1258,177
1259,125
1260,168
1261,220
1262,92
1263,247
1264,185
1265,162
1266,60
1267,102
1268,240
1269,210
1270,235
1271,205
1272,187
1273,223
1274,247
1275,224
1276,160
1277,68
1278,213
1279,250
1280,213
1281,138
1282,232
1283,142
1284,153
1285,66
1286,183
1287,2
1288,158
1289,179
1290,233
1291,225
1292,86
1293,197
1294,108
1295,149
1296,243
1297,91
1298,176
1299,106
1300,246
1301,156
1302,240
1303,155
1304,205
1305,232
1306,224
1307,233
1308,85
1309,142
1310,118
1311,166
1312,61
1313,233
1314,229
1315,224
1316,104
1317,188
1318,124
1319,209
1320,108
1321,126
1322,183
1323,240
1324,124
1325,155
1326,159
1327,109
1328,128
1329,220
1330,186
1331,113
1332,131
1333,142
1334,181
1335,141
1336,99
1337,142
1338,91
1339,204
1340,95
1341,193
1342,220
1343,194
1344,90
1345,65
1346,247
1347,96
1348,212
1349,194
1350,235
1351,30
1352,192
1353,0
1354,222
1355,103
1356,232
1357,213
1358,178
1359,169
1360,226
1361,130
1362,176
1363,79
1364,242
1365,242
1366,155
1367,172
1368,127
1369,131
1370,222
1371,201
1372,88
1373,123
1374,238
1375,248
1376,159
1377,203
1378,171
1379,225
1380,220
1381,102
1382,209
1383,230
1384,219
1385,45
1386,241
1387,222
1388,0
1389,43
1390,24
1391,224
1392,180
1393,208
1394,213
1395,114
1396,140
1397,85
1398,190
1399,180
1400,182
1401,206
1402,139
1403,217
1404,231
1405,149
1406,206
1407,127
1408,148
1409,213
1410,175
1411,205
1412,220
1413,200
1414,234
1415,128
1416,175
1417,145
1418,243
1419,194
1420,175
1421,223
1422,246
1423,123
1424,148
1425,238
1426,52
1427,123
1428,232
1429,234
1430,94
1431,176
1432,202
1433,104
1434,123
1435,241
1436,146
1437,132
1438,236
1439,244
1440,237
1441,89
1442,160
1443,244
1444,220
1445,223
1446,154
1447,147
1448,176
1449,111
1450,103
1451,186
1452,199
1453,93
1454,236
1455,246
1456,188
1457,53
1458,178
1459,169
1460,202
1461,236
1462,21
1463,164
1464,124
1465,186
1466,214
1467,224
1468,231
1469,169
1470,116
1471,202
1472,150
1473,166
1474,224
1475,221
1476,209
1477,103
1478,220
1479,170
1480,169
1481,155
1482,234
1483,226
1484,221
1485,179
1486,248
1487,162
1488,244
1489,228
1490,196
1491,93
1492,225
1493,210
1494,251
1495,243
1496,248
1497,221
1498,224
1499,173
1500,151
1501,203
1502,186
1503,163
1504,151
1505,163
1506,148
1507,128
1508,186
1509,199
1510,134
1511,189
1512,162
1513,88
1514,150
1515,234
1516,202
1517,223
1518,226
1519,68
1520,195
1521,240
1522,181
1523,90
1524,147
1525,224
1526,203
1527,214
1528,194
1529,224
1530,174
1531,112
1532,148
1533,238
1534,130
1535,94
1536,163
1537,166
1538,149
1539,225
1540,187
1541,241
1542,70
1543,218
1544,145
1545,101
1546,187
1547,162
1548,92
1549,182
1550,40
1551,106
1552,150
1553,183
1554,178
1555,168
1556,117
1557,208
1558,178
1559,140
1560,234
1561,106
1562,245
1563,161
1564,145
1565,184
1566,104
1567,188
1568,240
1569,84
1570,185
1571,186
1572,242
1573,237
1574,220
1575,239
1576,132
1577,159
1578,47
1579,235
1580,215
1581,174
1582,103
1583,232
1584,182
1585,204
1586,213
1587,145
1588,192
1589,145
1590,234
1591,235
1592,208
1593,202
1594,188
1595,83
1596,159
1597,142
1598,123
1599,119
1600,220
1601,210
1602,140
1603,188
1604,239
1605,220
1606,213
1607,163
1608,231
1609,192
1610,252
1611,147
1612,199
1613,222
1614,209
1615,144
1616,235
1617,185
1618,179
1619,172
1620,152
1621,212
1622,239
1623,193
1624,212
1625,198
1626,107
1627,118
1628,230
1629,192
1630,180
1631,223
1632,207
1633,202
1634,188
1635,238
1636,198
1637,229
1638,88
1639,219
1640,221
1641,198
1642,218
1643,190
1644,231
1645,213
1646,220
1647,255
1648,254
1649,250
1650,237
1651,243
1652,168
1653,151
1654,162
1655,248
1656,192
1657,190
1658,248
1659,219
1660,231
1661,155
1662,198
1663,219
1664,161
1665,250
1666,138
1667,194
1668,148
1669,163
1670,204
1671,209
1672,247
1673,255
1674,211
1675,245
1676,222
1677,237
1678,178
1679,158
1680,229
1681,159
1682,222
1683,204
1684,180
1685,239
1686,181
1687,230
1688,238
1689,140
1690,93
1691,139
1692,226
1693,163
1694,145
1695,171
1696,188
1697,36
1698,214
1699,250
1700,150
1701,226
1702,149
1703,233
1704,232
1705,200
1706,228
1707,156
1708,190
1709,233
1710,202
1711,221
1712,149
1713,143
1714,52
1715,219
1716,230
1717,197
1718,91
1719,219
1720,154
1721,108
1722,199
1723,56
1724,92
1725,186
1726,239
1727,190
1728,176
1729,135
1730,137
1731,230
1732,143
1733,220
1734,146
1735,210
1736,141
1737,167
1738,205
1739,230
1740,100
1741,135
1742,155
1743,233
1744,252
1745,161
1746,138
1747,107
1748,180
1749,184
1750,73
1751,145
1752,144
1753,82
1754,194
1755,222
1756,227
1757,146
1758,234
1759,200
1760,95
1761,47
1762,222
1763,167
1764,218
1765,138
1766,162
1767,185
1768,232
1769,185
1770,198
1771,147
1772,138
1773,164
1774,126
1775,246
1776,243
1777,167
1778,125
1779,190
1780,222
1781,204
1782,110
1783,52
1784,202
1785,161
1786,91
1787,224
1788,207
1789,106
1790,238
1791,245
1792,220
1793,86
1794,203
1795,230
1796,148
1797,196
1798,224
1799,213
1800,190
1801,226
1802,234
1803,138
1804,233
1805,218
1806,222
1807,209
1808,218
1809,234
1810,198
1811,205
1812,160
1813,252
1814,158
1815,180
1816,202
1817,180
1818,169
1819,50
1820,145
1821,215
1822,194
1823,134
1824,208
1825,163
1826,169
1827,195
1828,196
1829,233
1830,212
1831,232
1832,214
1833,159
1834,74
1835,211
1836,168
1837,142
1838,242
1839,210
1840,232
1841,230
1842,219
1843,130
1844,186
1845,112
1846,119
1847,160
1848,222
1849,130
1850,174
1851,200
1852,209
1853,152
1854,192
1855,146
1856,206
1857,241
1858,199
1859,213
1860,227
1861,111
1862,139
1863,235
1864,246
1865,128
1866,205
1867,246
1868,123
1869,249
1870,238
1871,219
1872,198
1873,218
1874,222
1875,228
1876,169
1877,155
1878,197
1879,174
1880,232
1881,168
1882,249
1883,224
1884,167
1885,219
1886,192
1887,137
1888,171
1889,182
1890,236
1891,106
1892,252
1893,239
1894,203
1895,245
1896,81
1897,181
1898,200
1899,167
1900,88
1901,234
1902,191
1903,213
1904,171
1905,199
1906,62
1907,158
1908,238
1909,144
1910,172
1911,250
1912,197
1913,127
1914,97
1915,241
1916,254
1917,239
1918,232
1919,151
1920,189
1921,176
1922,249
1923,202
1924,88
1925,165
1926,209
1927,141
1928,151
1929,163
1930,206
1931,127
1932,247
1933,170
1934,133
1935,254
1936,211
1937,184
1938,190
1939,165
1940,122
1941,234
1942,247
1943,186
1944,140
1945,160
1946,214
1947,229
1948,233
1949,232
1950,192
1951,193
1952,216
1953,194
1954,133
1955,144
1956,215
1957,184
1958,204
1959,214
1960,225
1961,141
1962,73
1963,161
1964,83
1965,217
1966,233
1967,193
1968,206
1969,245
1970,130
1971,176
1972,228
1973,113
1974,193
1975,202
1976,176
1977,165
1978,181
1979,189
1980,161
1981,237
1982,236
1983,226
1984,181
1985,209
1986,204
1987,253
1988,229
1989,243
1990,181
1991,142
1992,239
1993,227
1994,141
1995,234
1996,71
1997,146
1998,232
1999,210
2000,152
2001,128
2002,103
2003,134
2004,176
2005,171
2006,206
2007,245
2008,84
2009,34
2010,249
2011,115
2012,229
2013,234
2014,121
2015,92
2016,159
2017,250
2018,184
2019,224
2020,244
2021,149
2022,198
2023,247
2024,186
2025,101
2026,200
2027,198
2028,145
2029,75
2030,227
2031,211
2032,22
2033,226
2034,135
2035,207
2036,228
2037,167
2038,241
2039,174
2040,205
2041,113
2042,172
2043,242
2044,120
2045,64
2046,234
2047,87
2048,85
2049,177
2050,216
2051,131
2052,138
2053,138
2054,237
2055,234
2056,0
2057,121
2058,194
2059,244
2060,169
2061,185
2062,166
2063,170
2064,199
2065,182
2066,232
2067,112
2068,125
2069,112
2070,202
2071,243
2072,109
2073,221
2074,205
2075,228
2076,226
2077,206
2078,169
2079,173
2080,201
2081,144
2082,117
2083,210
2084,219
2085,160
2086,179
2087,192
2088,246
2089,233
2090,180
2091,116
2092,240
2093,118
2094,159
2095,232
2096,190
2097,187
2098,158
2099,148
2100,25
2101,195
2102,169
2103,169
2104,214
2105,191
2106,178
2107,123
2108,183
2109,153
2110,229
2111,70
2112,192
2113,50
2114,77
2115,206
2116,63
2117,149
2118,173
2119,245
2120,208
2121,228
2122,151
2123,165
2124,245
2125,35
2126,180
2127,246
2128,221
2129,56
2130,157
2131,236
2132,30
2133,225
2134,155
2135,0
2136,207
2137,116
2138,182
2139,25
2140,107
2141,112
2142,172
2143,218
2144,142
2145,184
2146,37
2147,239
2148,99
2149,116
2150,128
2151,201
2152,73
2153,162
2154,214
2155,197
2156,186
2157,191
2158,219
2159,197
2160,92
2161,134
2162,156
2163,174
2164,190
2165,235
2166,156
2167,0
2168,14
2169,250
2170,239
2171,102
2172,217
2173,177
2174,212
2175,209
2176,177
2177,224
2178,158
2179,239
2180,137
2181,237
2182,0
2183,182
2184,136
2185,213
2186,67
2187,226
2188,234
2189,156
2190,191
2191,34
2192,212
2193,114
2194,205
2195,96
2196,227
2197,96
2198,224
2199,157
2200,190
2201,92
2202,227
2203,133
2204,120
2205,237
2206,93
2207,124
2208,170
2209,80
2210,132
2211,179
2212,162
2213,141
2214,159
2215,211
2216,212
2217,135
2218,52
2219,87
2220,199
2221,110
2222,194
2223,217
2224,159
2225,190
2226,219
2227,115
2228,162
2229,208
2230,249
2231,101
2232,147
2233,228
2234,231
2235,202
2236,132
2237,154
2238,172
2239,202
2240,158
2241,243
2242,177
2243,210
2244,245
2245,198
2246,197
2247,185
2248,0
2249,102
2250,158
2251,192
2252,223
2253,143
2254,138
2255,179
2256,166
2257,74
2258,194
2259,140
2260,188
2261,201
2262,196
2263,204
2264,233
2265,172
2266,137
2267,210
2268,224
2269,76
2270,115
2271,231
2272,160
2273,213
2274,195
2275,211
2276,172
2277,99
2278,0
2279,117
2280,205
2281,147
2282,156
2283,146
2284,83
2285,247
2286,81
2287,198
2288,244
2289,205
2290,169
2291,217
2292,45
2293,168
2294,116
2295,243
2296,168
2297,199
2298,227
2299,106
2300,222
2301,156
2302,194
2303,243
2304,171
2305,131
2306,0
2307,49
2308,220
2309,180
2310,217
2311,179
2312,220
2313,227
2314,159
2315,132
2316,82
2317,153
2318,251
2319,135
2320,235
2321,217
2322,125
2323,197
2324,204
2325,214
2326,123
2327,238
2328,151
2329,246
2330,100
2331,192
2332,202
2333,187
2334,204
2335,228
2336,101
2337,122
2338,201
2339,181
2340,218
2341,197
2342,170
2343,174
2344,234
2345,227
2346,182
2347,180
2348,211
2349,218
2350,174
2351,121
2352,194
2353,174
2354,202
2355,198
2356,175
2357,146
2358,211
2359,189
2360,190
2361,124
2362,188
2363,69
2364,233
2365,161
2366,244
2367,103
2368,204
2369,223
2370,193
2371,93
2372,237
2373,178
2374,113
2375,150
2376,216
2377,121
2378,65
2379,246
2380,163
2381,187
2382,178
2383,222
2384,12
2385,149
2386,213
2387,221
2388,167
2389,130
2390,203
2391,192
2392,169
2393,128
2394,102
2395,184
2396,219
2397,133
2398,217
2399,215
