0,48
1,233
2,233
3,188
4,207
5,139
6,180
7,43
8,195
9,126
10,121
11,200
12,229
13,224
14,251
15,155
16,141
17,209
18,184
19,75
20,126
21,169
22,169
23,193
24,142
25,135
26,185
27,153
28,96
29,217
30,215
31,148
32,160
33,162
34,127
35,31
36,230
37,179
38,227
39,241
40,111
41,221
42,169
43,26
44,158
45,235
46,222
47,207
48,148
49,100
50,167
51,122
52,240
53,242
54,202
55,187
56,194
57,164
58,169
59,160
60,76
61,181
62,160
63,192
64,209
65,84
66,192
67,142
68,137
69,158
70,132
71,181
72,209
73,209
74,159
75,138
76,139
77,139
78,178
79,206
80,214
81,180
82,202
83,199
84,191
85,132
86,194
87,247
88,217
89,210
90,160
91,147
92,121
93,227
94,155
95,165
96,93
97,147
98,206
99,224
100,188
101,238
102,210
103,224
104,130
105,145
106,204
107,177
108,168
109,142
110,227
111,184
112,219
113,41
114,211
115,160
116,91
117,145
118,216
119,179
120,201
121,0
122,207
123,233
124,193
125,126
126,178
127,192
128,174
129,91
130,201
131,188
132,213
133,60
134,195
135,158
136,76
137,221
138,198
139,197
140,135
141,222
142,94
143,174
144,206
145,179
146,195
147,205
148,132
149,219
150,112
151,130
152,174
153,163
154,147
155,226
156,244
157,119
158,201
159,187
160,210
161,159
162,121
163,144
164,225
165,225
166,162
167,221
168,176
169,216
170,188
171,170
172,157
173,237
174,108
175,134
176,197
177,76
178,169
179,199
180,150
181,153
182,133
183,87
184,174
185,157
186,144
187,207
188,72
189,177
190,95
191,238
192,190
193,133
194,137
195,209
196,144
197,221
198,243
199,165
200,132
201,216
202,217
203,188
204,156
205,181
206,194
207,182
208,208
209,234
210,160
211,206
212,197
213,218
214,195
215,212
216,195
217,47
218,165
219,203
220,207
221,173
222,245
223,156
224,183
225,216
226,179
227,240
228,210
229,214
230,96
231,201
232,115
233,139
234,114
235,104
236,178
237,155
238,158
239,226
240,162
241,139
242,240
243,212
244,136
245,219
246,189
247,75
248,221
249,165
250,188
251,196
252,169
253,123
254,199
255,180
256,209
257,156
258,190
259,238
260,223
261,136
262,178
263,199
264,128
265,195
266,124
267,178
268,195
269,212
270,231
271,87
272,129
273,159
274,91
275,217
276,166
277,184
278,156
279,161
280,106
281,235
282,116
283,157
284,207
285,91
286,164
287,167
288,193
289,186
290,199
291,232
292,229
293,206
294,177
295,233
296,159
297,183
298,204
299,209
300,217
301,154
302,220
303,174
304,212
305,236
306,241
307,130
308,214
309,183
310,235
311,113
312,180
313,133
314,155
315,157
316,197
317,223
318,167
319,96
320,153
321,133
322,207
323,227
324,226
325,165
326,208
327,239
328,233
329,145
330,168
331,176
332,246
333,207
334,217
335,180
336,172
337,200
338,173
339,203
340,243
341,138
342,82
343,146
344,123
345,132
346,155
347,166
348,247
349,133
350,249
351,200
352,132
353,104
354,196
355,204
356,191
357,150
358,217
359,151
360,150
361,170
362,198
363,160
364,156
365,204
366,95
367,208
368,237
369,184
370,227
371,207
372,238
373,128
374,65
375,158
376,165
377,171
378,157
379,193
380,153
381,161
382,86
383,159
384,230
385,135
386,96
387,235
388,115
389,243
390,132
391,193
392,233
393,118
394,150
395,240
396,227
397,218
398,242
399,142
400,160
401,113
402,237
403,244
404,213
405,115
406,94
407,149
408,192
409,224
410,239
411,230
412,209
413,110
414,99
415,204
416,235
417,249
418,155
419,197
420,141
421,113
422,175
423,135
424,202
425,228
426,120
427,225
428,173
429,143
430,235
431,213
432,78
433,227
434,163
435,110
436,153
437,205
438,197
439,182
440,146
441,226
442,131
443,97
444,183
445,146
446,194
447,186
448,233
449,210
450,206
451,142
452,243
453,143
454,224
455,161
456,212
457,225
458,211
459,200
460,232
461,142
462,160
463,231
464,239
465,126
466,133
467,192
468,194
469,246
470,122
471,233
472,162
473,128
474,181
475,174
476,239
477,171
478,114
479,244
480,187
481,157
482,190
483,202
484,117
485,224
486,120
487,224
488,249
489,114
490,218
491,231
492,171
493,207
494,106
495,249
496,224
497,236
498,162
499,173
500,212
501,238
502,230
503,241
504,137
505,200
506,186
507,187
508,201
509,199
510,132
511,212
512,220
513,128
514,158
515,242
516,227
517,176
518,235
519,227
520,212
521,171
522,120
523,240
524,179
525,233
526,190
527,168
528,211
529,214
530,238
531,223
532,161
533,199
534,220
535,196
536,230
537,124
538,236
539,213
540,164
541,160
542,140
543,191
544,226
545,177
546,155
547,233
548,213
549,167
550,147
551,171
552,160
553,160
554,245
555,213
556,159
557,218
558,153
559,234
560,206
561,246
562,140
563,227
564,148
565,210
566,103
567,216
568,206
569,198
570,212
571,227
572,192
573,192
574,235
575,140
576,217
577,246
578,188
579,241
580,222
581,242
582,182
583,135
584,176
585,165
586,185
587,205
588,191
589,232
590,225
591,154
592,188
593,162
594,132
595,152
596,213
597,239
598,157
599,141
600,143
601,240
602,137
603,118
604,152
605,222
606,155
607,158
608,200
609,139
610,135
611,186
612,197
613,123
614,221
615,138
616,5
617,164
618,237
619,180
620,67
621,189
622,224
623,188
624,124
625,198
626,174
627,211
628,221
629,149
630,221
631,223
632,109
633,161
634,201
635,210
636,233
637,175
638,161
639,138
640,213
641,185
642,229
643,185
644,189
645,162
646,238
647,184
648,199
649,86
650,130
651,205
652,211
653,222
654,180
655,208
656,131
657,197
658,204
659,222
660,156
661,205
662,193
663,180
664,196
665,194
666,235
667,216
668,128
669,221
670,124
671,172
672,184
673,165
674,242
675,201
676,214
677,146
678,159
679,102
680,223
681,132
682,135
683,211
684,219
685,215
686,157
687,236
688,208
689,185
690,110
691,216
692,75
693,246
694,239
695,161
696,127
697,183
698,148
699,148
700,126
701,228
702,232
703,245
704,117
705,218
706,43
707,179
708,135
709,234
710,256
711,232
712,93
713,235
714,167
715,120
716,168
717,247
718,203
719,100
720,206
721,193
722,166
723,77
724,198
725,136
726,194
727,28
728,114
729,220
730,211
731,117
732,176
733,186
734,238
735,192
736,221
737,148
738,189
739,87
740,182
741,226
742,108
743,241
744,224
745,126
746,204
747,84
748,165
749,194
750,107
751,193
752,209
753,195
754,213
755,218
756,203
757,218
758,240
759,136
760,191
761,251
762,240
763,222
764,222
765,217
766,240
767,164
768,224
769,184
770,237
771,99
772,237
773,181
774,143
775,245
776,188
777,241
778,218
779,243
780,256
781,213
782,93
783,194
784,98
785,190
786,103
787,188
788,91
789,228
790,256
791,129
792,126
793,215
794,230
795,125
796,129
797,240
798,113
799,123
800,235
801,182
802,189
803,249
804,244
805,140
806,128
807,203
808,216
809,188
810,213
811,203
812,179
813,140
814,205
815,205
816,137
817,190
818,222
819,195
820,201
821,174
822,229
823,209
824,193
825,175
826,226
827,140
828,246
829,210
830,218
831,202
832,133
833,224
834,169
835,165
836,197
837,182
838,248
839,231
840,134
841,137
842,165
843,211
844,154
845,142
846,158
847,241
848,189
849,221
850,203
851,19
852,143
853,159
854,192
855,151
856,197
857,245
858,172
859,230
860,225
861,171
862,206
863,173
864,179
865,224
866,230
867,236
868,242
869,242
870,179
871,211
872,217
873,190
874,163
875,222
876,167
877,185
878,184
879,170
880,137
881,200
882,207
883,174
884,195
885,141
886,221
887,243
888,173
889,240
890,202
891,98
892,123
893,200
894,196
895,174
896,172
897,79
898,185
899,212
900,185
901,136
902,210
903,165
904,230
905,137
906,214
907,148
908,189
909,163
910,122
911,228
912,118
913,217
914,150
915,241
916,194
917,170
918,194
919,101
920,170
921,152
922,128
923,163
924,201
925,190
926,159
927,203
928,147
929,218
930,122
931,122
932,167
933,207
934,175
935,160
936,199
937,217
938,200
939,138
940,163
941,220
942,159
943,153
944,213
945,157
946,190
947,138
948,204
949,146
950,150
951,147
952,222
953,238
954,198
955,242
956,193
957,206
958,155
959,122
960,213
961,227
962,91
963,209
964,197
965,102
966,145
967,197
968,119
969,219
970,232
971,170
972,179
973,97
974,185
975,150
976,191
977,125
978,213
979,239
980,206
981,202
982,165
983,152
984,154
985,236
986,193
987,217
988,236
989,132
990,243
991,160
992,164
993,204
994,222
995,204
996,174
997,239
998,136
999,211
1000,210
1001,153
1002,181
1003,247
1004,225
1005,232
1006,164
1007,184
1008,188
1009,197
1010,232
1011,195
1012,175
1013,204
1014,220
1015,227
1016,182
1017,212
1018,220
1019,246
1020,208
1021,246
1022,149
1023,160
1024,135
1025,225
1026,218
1027,118
1028,193
1029,182
1030,226
1031,157
1032,130
1033,156
1034,219
1035,192
1036,225
1037,190
1038,233
1039,188
1040,193
1041,144
1042,210
1043,172
1044,157
1045,226
1046,180
1047,183
1048,233
1049,139
1050,181
1051,189
1052,219
1053,178
1054,183
1055,191
1056,237
1057,210
1058,167
1059,206
1060,229
1061,164
1062,194
1063,177
1064,227
1065,214
1066,206
1067,238
1068,245
1069,211
1070,223
1071,215
1072,137
1073,217
1074,239
1075,175
1076,208
1077,197
1078,157
1079,180
1080,226
1081,144
1082,175
1083,132
1084,215
1085,222
1086,218
1087,143
1088,198
1089,182
1090,221
1091,181
1092,212
1093,165
1094,219
1095,230
1096,124
1097,216
1098,206
1099,213
1100,209
1101,228
1102,238
1103,223
1104,169
1105,213
1106,221
1107,148
1108,224
1109,201
1110,185
1111,138
1112,171
1113,226
1114,231
1115,178
1116,227
1117,171
1118,194
1119,144
1120,228
1121,210
1122,166
1123,174
1124,162
1125,151
1126,245
1127,217
1128,174
1129,215
1130,177
1131,236
1132,165
1133,240
1134,164
1135,179
1136,225
1137,197
1138,247
1139,189
1140,247
1141,198
1142,193
1143,150
1144,123
1145,138
1146,111
1147,251
1148,159
1149,217
1150,106
1151,228
1152,197
1153,201
1154,151
1155,197
1156,204
1157,209
1158,215
1159,242
1160,152
1161,238
1162,127
1163,249
1164,159
1165,239
1166,191
1167,215
1168,237
1169,215
1170,184
1171,180
1172,207
1173,194
1174,242
1175,248
1176,220
1177,202
1178,247
1179,140
1180,172
1181,147
1182,155
1183,152
1184,224
1185,249
1186,223
1187,201
1188,147
1189,210
1190,207
1191,145
1192,248
1193,212
1194,228
1195,246
1196,198
1197,185
1198,162
1199,236
1200,166
1201,248
1202,131
1203,221
1204,181
1205,177
1206,140
1207,183
1208,139
1209,207
1210,191
1211,210
1212,212
1213,208
1214,103
1215,151
1216,132
1217,193
1218,134
1219,249
1220,208
1221,214
1222,98
1223,130
1224,178
1225,103
1226,234
1227,107
1228,160
1229,242
1230,117
1231,35
1232,171
1233,190
1234,146
1235,173
1236,186
1237,192
1238,167
1239,214
1240,176
1241,151
1242,113
1243,232
1244,232
1245,248
1246,237
1247,140
1248,239
1249,172
1250,236
1251,183
1252,182
1253,198
1254,133
1255,115
1256,180
1257,241
1258,174
1259,129
1260,169
1261,223
1262,122
1263,247
1264,190
1265,164
1266,72
1267,109
1268,238
1269,202
1270,233
1271,207
1272,192
1273,222
1274,245
1275,231
1276,157
1277,99
1278,224
1279,251
1280,197
1281,152
1282,234
1283,160
1284,149
1285,95
1286,196
1287,9
1288,165
1289,183
1290,236
1291,226
1292,127
1293,213
1294,134
1295,142
1296,233
1297,116
1298,192
1299,112
1300,237
1301,167
1302,242
1303,160
1304,205
1305,233
1306,224
1307,234
1308,80
1309,183
1310,170
1311,176
1312,123
1313,233
1314,234
1315,223
1316,93
1317,185
1318,132
1319,214
1320,108
1321,129
1322,193
1323,241
1324,90
1325,164
1326,169
1327,113
1328,144
1329,227
1330,194
1331,106
1332,129
1333,153
1334,164
1335,169
1336,135
1337,138
1338,53
1339,221
1340,118
1341,209
1342,222
1343,211
1344,124
1345,136
1346,247
1347,138
1348,225
1349,169
1350,235
1351,72
1352,195
1353,45
1354,223
1355,112
1356,232
1357,211
1358,166
1359,153
1360,229
1361,127
1362,192
1363,83
1364,242
1365,236
1366,175
1367,181
1368,148
1369,135
1370,233
1371,209
1372,109
1373,153
1374,236
1375,248
1376,156
1377,202
1378,165
1379,220
1380,212
1381,131
1382,214
1383,232
1384,216
1385,130
1386,232
1387,223
1388,66
1389,71
1390,100
1391,230
1392,186
1393,213
1394,205
1395,126
1396,137
1397,111
1398,177
1399,185
1400,188
1401,216
1402,141
1403,211
1404,232
1405,149
1406,196
1407,119
1408,156
1409,217
1410,177
1411,203
1412,220
1413,216
1414,227
1415,129
1416,191
1417,187
1418,235
1419,197
1420,175
1421,222
1422,245
1423,115
1424,152
1425,236
1426,83
1427,124
1428,232
1429,244
1430,66
1431,203
1432,202
1433,133
1434,145
1435,242
1436,169
1437,152
1438,237
1439,243
1440,235
1441,106
1442,160
1443,234
1444,205
1445,223
1446,156
1447,154
1448,187
1449,103
1450,93
1451,190
1452,197
1453,108
1454,234
1455,245
1456,197
1457,94
1458,187
1459,181
1460,208
1461,226
1462,84
1463,168
1464,114
1465,201
1466,215
1467,223
1468,229
1469,173
1470,140
1471,203
1472,152
1473,168
1474,221
1475,211
1476,204
1477,110
1478,216
1479,179
1480,183
1481,144
1482,230
1483,231
1484,225
1485,144
1486,246
1487,153
1488,240
1489,225
1490,210
1491,90
1492,232
1493,216
1494,251
1495,231
1496,248
1497,235
1498,223
1499,170
1500,148
1501,194
1502,186
1503,178
1504,161
1505,183
1506,161
1507,109
1508,195
1509,193
1510,139
1511,201
1512,164
1513,145
1514,152
1515,234
1516,197
1517,231
1518,228
1519,108
1520,206
1521,238
1522,178
1523,116
1524,147
1525,226
1526,201
1527,219
1528,202
1529,226
1530,179
1531,133
1532,159
1533,239
1534,143
1535,116
1536,143
1537,164
1538,143
1539,220
1540,191
1541,241
1542,65
1543,217
1544,155
1545,126
1546,180
1547,178
1548,71
1549,186
1550,44
1551,124
1552,143
1553,194
1554,213
1555,166
1556,151
1557,214
1558,190
1559,152
1560,231
1561,142
1562,245
1563,152
1564,155
1565,158
1566,119
1567,175
1568,237
1569,147
1570,187
1571,200
1572,242
1573,238
1574,195
1575,247
1576,144
1577,139
1578,122
1579,230
1580,222
1581,140
1582,94
1583,232
1584,182
1585,204
1586,201
1587,149
1588,208
1589,151
1590,237
1591,225
1592,213
1593,205
1594,169
1595,82
1596,185
1597,140
1598,146
1599,145
1600,220
1601,205
1602,164
1603,176
1604,241
1605,226
1606,214
1607,166
1608,233
1609,213
1610,252
1611,182
1612,205
1613,226
1614,192
1615,157
1616,234
1617,178
1618,184
1619,171
1620,170
1621,209
1622,240
1623,187
1624,216
1625,201
1626,115
1627,143
1628,228
1629,203
1630,184
1631,223
1632,206
1633,191
1634,191
1635,234
1636,202
1637,232
1638,108
1639,213
1640,219
1641,178
1642,201
1643,193
1644,229
1645,215
1646,215
1647,254
1648,254
1649,249
1650,236
1651,241
1652,189
1653,140
1654,158
1655,248
1656,208
1657,182
1658,249
1659,224
1660,232
1661,154
1662,198
1663,220
1664,161
1665,248
1666,160
1667,190
1668,113
1669,182
1670,205
1671,203
1672,250
1673,255
1674,198
1675,244
1676,225
1677,234
1678,180
1679,150
1680,220
1681,150
1682,228
1683,204
1684,177
1685,239
1686,176
1687,234
1688,238
1689,155
1690,138
1691,152
1692,217
1693,184
1694,130
1695,181
1696,197
1697,81
1698,218
1699,247
1700,155
1701,232
1702,153
1703,232
1704,217
1705,199
1706,235
1707,148
1708,170
1709,230
1710,191
1711,225
1712,149
1713,144
1714,57
1715,220
1716,234
1717,197
1718,147
1719,225
1720,166
1721,167
1722,215
1723,79
1724,133
1725,190
1726,240
1727,196
1728,179
1729,139
1730,150
1731,231
1732,156
1733,218
1734,167
1735,200
1736,142
1737,165
1738,208
1739,230
1740,117
1741,151
1742,160
1743,234
1744,250
1745,164
1746,146
1747,127
1748,183
1749,193
1750,97
1751,164
1752,152
1753,112
1754,192
1755,212
1756,225
1757,152
1758,237
1759,203
1760,122
1761,73
1762,227
1763,181
1764,218
1765,186
1766,182
1767,181
1768,231
1769,165
1770,207
1771,136
1772,137
1773,166
1774,110
1775,245
1776,243
1777,165
1778,119
1779,191
1780,222
1781,203
1782,115
1783,64
1784,195
1785,192
1786,131
1787,234
1788,211
1789,113
1790,235
1791,249
1792,209
1793,140
1794,204
1795,237
1796,157
1797,196
1798,228
1799,203
1800,181
1801,228
1802,233
1803,132
1804,217
1805,220
1806,184
1807,209
1808,210
1809,233
1810,195
1811,205
1812,165
1813,249
1814,165
1815,178
1816,204
1817,189
1818,167
1819,90
1820,147
1821,225
1822,205
1823,156
1824,213
1825,168
1826,161
1827,196
1828,194
1829,235
1830,218
1831,238
1832,216
1833,158
1834,82
1835,202
1836,180
1837,158
1838,241
1839,220
1840,233
1841,229
1842,219
1843,154
1844,146
1845,140
1846,90
1847,161
1848,232
1849,118
1850,168
1851,212
1852,215
1853,161
1854,181
1855,161
1856,200
1857,244
1858,203
1859,215
1860,227
1861,129
1862,148
1863,233
1864,246
1865,120
1866,211
1867,247
1868,100
1869,248
1870,238
1871,218
1872,204
1873,216
1874,220
1875,232
1876,168
1877,176
1878,201
1879,167
1880,247
1881,186
1882,246
1883,225
1884,171
1885,221
1886,195
1887,146
1888,175
1889,171
1890,238
1891,146
1892,252
1893,240
1894,198
1895,246
1896,144
1897,203
1898,188
1899,155
1900,108
1901,231
1902,256
1903,197
1904,184
1905,200
1906,76
1907,152
1908,226
1909,140
1910,165
1911,249
1912,198
1913,113
1914,140
1915,241
1916,231
1917,238
1918,232
1919,140
1920,210
1921,185
1922,246
1923,202
1924,93
1925,174
1926,211
1927,137
1928,112
1929,167
1930,111
1931,138
1932,247
1933,163
1934,144
1935,254
1936,200
1937,183
1938,201
1939,166
1940,134
1941,235
1942,244
1943,189
1944,130
1945,162
1946,214
1947,222
1948,229
1949,231
1950,207
1951,203
1952,209
1953,212
1954,148
1955,152
1956,216
1957,183
1958,213
1959,256
1960,222
1961,144
1962,104
1963,164
1964,77
1965,221
1966,233
1967,189
1968,210
1969,242
1970,122
1971,193
1972,223
1973,139
1974,203
1975,198
1976,173
1977,204
1978,182
1979,192
1980,164
1981,256
1982,230
1983,229
1984,184
1985,212
1986,206
1987,253
1988,226
1989,233
1990,184
1991,130
1992,235
1993,227
1994,144
1995,234
1996,76
1997,147
1998,233
1999,194
2000,167
2001,104
2002,131
2003,118
2004,182
2005,173
2006,206
2007,237
2008,82
2009,65
2010,247
2011,101
2012,230
2013,211
2014,154
2015,118
2016,183
2017,249
2018,182
2019,225
2020,240
2021,172
2022,200
2023,245
2024,186
2025,89
2026,208
2027,207
2028,147
2029,72
2030,225
2031,208
2032,54
2033,228
2034,138
2035,217
2036,224
2037,150
2038,241
2039,190
2040,211
2041,119
2042,161
2043,233
2044,129
2045,106
2046,232
2047,101
2048,110
2049,173
2050,217
2051,149
2052,126
2053,173
2054,236
2055,236
2056,55
2057,112
2058,202
2059,233
2060,162
2061,183
2062,164
2063,141
2064,201
2065,177
2066,234
2067,106
2068,126
2069,119
2070,208
2071,243
2072,112
2073,217
2074,206
2075,234
2076,230
2077,210
2078,170
2079,166
2080,215
2081,162
2082,132
2083,213
2084,218
2085,152
2086,189
2087,191
2088,237
2089,224
2090,181
2091,84
2092,232
2093,118
2094,166
2095,231
2096,183
2097,195
2098,167
2099,168
2100,135
2101,186
2102,170
2103,157
2104,209
2105,194
2106,183
2107,153
2108,189
2109,174
2110,232
2111,96
2112,181
2113,39
2114,79
2115,217
2116,103
2117,148
2118,179
2119,244
2120,207
2121,215
2122,164
2123,189
2124,245
2125,64
2126,180
2127,224
2128,226
2129,139
2130,183
2131,240
2132,66
2133,221
2134,161
2135,94
2136,211
2137,128
2138,159
2139,138
2140,121
2141,158
2142,184
2143,220
2144,158
2145,189
2146,80
2147,239
2148,54
2149,146
2150,173
2151,197
2152,146
2153,181
2154,229
2155,203
2156,180
2157,185
2158,235
2159,196
2160,148
2161,163
2162,166
2163,167
2164,192
2165,232
2166,161
2167,33
2168,74
2169,241
2170,241
2171,116
2172,217
2173,178
2174,216
2175,208
2176,188
2177,218
2178,178
2179,244
2180,139
2181,236
2182,23
2183,182
2184,124
2185,229
2186,140
2187,232
2188,233
2189,164
2190,198
2191,62
2192,217
2193,112
2194,209
2195,110
2196,218
2197,120
2198,225
2199,175
2200,202
2201,96
2202,213
2203,169
2204,113
2205,233
2206,113
2207,126
2208,163
2209,108
2210,148
2211,179
2212,187
2213,103
2214,173
2215,212
2216,215
2217,157
2218,68
2219,118
2220,195
2221,112
2222,197
2223,219
2224,163
2225,196
2226,215
2227,118
2228,165
2229,208
2230,249
2231,111
2232,152
2233,222
2234,225
2235,190
2236,128
2237,158
2238,172
2239,209
2240,150
2241,239
2242,203
2243,207
2244,243
2245,212
2246,197
2247,188
2248,54
2249,104
2250,172
2251,190
2252,223
2253,161
2254,155
2255,197
2256,171
2257,38
2258,191
2259,161
2260,195
2261,170
2262,194
2263,212
2264,230
2265,182
2266,147
2267,199
2268,234
2269,119
2270,114
2271,234
2272,164
2273,216
2274,200
2275,201
2276,183
2277,109
2278,2
2279,125
2280,179
2281,173
2282,151
2283,152
2284,104
2285,246
2286,85
2287,208
2288,240
2289,200
2290,161
2291,221
2292,92
2293,175
2294,130
2295,243
2296,175
2297,205
2298,230
2299,116
2300,206
2301,156
2302,217
2303,241
2304,177
2305,139
2306,0
2307,103
2308,221
2309,187
2310,217
2311,182
2312,227
2313,222
2314,181
2315,148
2316,73
2317,179
2318,251
2319,138
2320,233
2321,218
2322,146
2323,207
2324,219
2325,212
2326,132
2327,239
2328,150
2329,242
2330,133
2331,205
2332,203
2333,186
2334,190
2335,227
2336,115
2337,133
2338,220
2339,204
2340,220
2341,206
2342,173
2343,184
2344,240
2345,225
2346,177
2347,186
2348,218
2349,218
2350,171
2351,154
2352,196
2353,171
2354,207
2355,249
2356,182
2357,160
2358,210
2359,190
2360,197
2361,142
2362,181
2363,102
2364,256
2365,161
2366,243
2367,126
2368,218
2369,204
2370,246
2371,120
2372,235
2373,175
2374,142
2375,134
2376,220
2377,128
2378,75
2379,242
2380,160
2381,195
2382,166
2383,216
2384,52
2385,136
2386,212
2387,218
2388,152
2389,145
2390,206
2391,197
2392,190
2393,159
2394,96
2395,191
2396,219
2397,152
2398,210
2399,214
