0,0
1,238
2,231
3,173
4,215
5,137
6,190
7,50
8,192
9,130
10,151
11,188
12,227
13,229
14,246
15,157
16,135
17,210
18,163
19,98
20,120
21,163
22,146
23,199
24,4
25,146
26,185
27,132
28,130
29,229
30,224
31,165
32,170
33,163
34,91
35,15
36,228
37,180
38,224
39,244
40,118
41,222
42,145
43,60
44,153
45,235
46,225
47,203
48,133
49,81
50,178
51,147
52,241
53,243
54,209
55,193
56,193
57,173
58,160
59,128
60,76
61,176
62,140
63,198
64,212
65,100
66,224
67,137
68,114
69,138
70,126
71,183
72,214
73,210
74,170
75,131
76,169
77,122
78,184
79,195
80,210
81,179
82,201
83,201
84,177
85,112
86,189
87,248
88,215
89,200
90,99
91,133
92,124
93,236
94,162
95,181
96,77
97,135
98,202
99,219
100,168
101,240
102,187
103,230
104,62
105,145
106,202
107,175
108,186
109,152
110,198
111,197
112,215
113,0
114,214
115,164
116,104
117,132
118,216
119,197
120,175
121,0
122,196
123,218
124,186
125,153
126,170
127,196
128,153
129,82
130,203
131,198
132,204
133,55
134,176
135,138
136,101
137,217
138,186
139,191
140,115
141,204
142,73
143,185
144,201
145,173
146,188
147,201
148,88
149,218
150,136
151,148
152,148
153,157
154,146
155,230
156,242
157,129
158,210
159,192
160,195
161,165
162,94
163,134
164,221
165,232
166,142
167,218
168,176
169,228
170,199
171,171
172,162
173,239
174,104
175,162
176,166
177,78
178,147
179,182
180,119
181,161
182,76
183,65
184,179
185,166
186,142
187,221
188,65
189,169
190,97
191,240
192,186
193,112
194,118
195,203
196,150
197,222
198,239
199,167
200,120
201,219
202,219
203,197
204,158
205,183
206,177
207,168
208,191
209,213
210,120
211,216
212,209
213,218
214,199
215,181
216,207
217,59
218,174
219,208
220,199
221,169
222,246
223,158
224,183
225,217
226,182
227,241
228,206
229,214
230,69
231,204
232,124
233,131
234,140
235,80
236,172
237,140
238,138
239,233
240,146
241,127
242,239
243,208
244,150
245,220
246,190
247,53
248,215
249,167
250,194
251,183
252,177
253,129
254,206
255,184
256,221
257,149
258,189
259,233
260,222
261,102
262,168
263,197
264,139
265,189
266,132
267,186
268,144
269,203
270,238
271,85
272,113
273,146
274,68
275,217
276,143
277,162
278,161
279,160
280,100
281,222
282,126
283,155
284,171
285,72
286,146
287,151
288,194
289,164
290,207
291,228
292,230
293,199
294,164
295,238
296,147
297,181
298,201
299,210
300,188
301,163
302,214
303,168
304,198
305,229
306,232
307,161
308,210
309,172
310,228
311,118
312,175
313,112
314,147
315,149
316,175
317,225
318,166
319,105
320,146
321,127
322,203
323,227
324,229
325,172
326,223
327,234
328,230
329,131
330,136
331,175
332,246
333,218
334,216
335,185
336,177
337,221
338,149
339,202
340,244
341,157
342,56
343,133
344,104
345,148
346,156
347,140
348,247
349,44
350,248
351,194
352,119
353,99
354,189
355,210
356,184
357,153
358,202
359,161
360,116
361,142
362,195
363,155
364,134
365,201
366,80
367,191
368,228
369,178
370,223
371,189
372,220
373,137
374,141
375,158
376,163
377,172
378,143
379,202
380,151
381,143
382,116
383,152
384,220
385,123
386,95
387,232
388,120
389,240
390,127
391,189
392,228
393,68
394,149
395,241
396,231
397,220
398,240
399,108
400,156
401,125
402,244
403,240
404,192
405,109
406,97
407,145
408,198
409,224
410,241
411,232
412,207
413,123
414,116
415,192
416,238
417,249
418,170
419,174
420,146
421,101
422,153
423,106
424,200
425,229
426,106
427,223
428,188
429,152
430,239
431,219
432,66
433,246
434,161
435,102
436,163
437,208
438,209
439,182
440,146
441,224
442,132
443,66
444,190
445,101
446,177
447,186
448,216
449,211
450,215
451,156
452,251
453,131
454,226
455,156
456,217
457,227
458,207
459,197
460,237
461,124
462,158
463,228
464,244
465,117
466,133
467,185
468,197
469,246
470,135
471,232
472,147
473,109
474,169
475,147
476,237
477,173
478,136
479,245
480,187
481,130
482,209
483,213
484,75
485,226
486,105
487,228
488,249
489,116
490,224
491,234
492,120
493,212
494,94
495,251
496,218
497,229
498,150
499,157
500,215
501,241
502,233
503,230
504,99
505,177
506,176
507,198
508,199
509,219
510,106
511,220
512,215
513,122
514,165
515,244
516,222
517,151
518,238
519,228
520,211
521,157
522,132
523,226
524,175
525,238
526,197
527,154
528,207
529,206
530,212
531,227
532,161
533,225
534,214
535,193
536,229
537,108
538,241
539,199
540,138
541,164
542,118
543,192
544,223
545,182
546,134
547,221
548,214
549,175
550,134
551,190
552,137
553,156
554,248
555,182
556,121
557,210
558,144
559,230
560,227
561,246
562,139
563,221
564,134
565,198
566,69
567,222
568,225
569,176
570,215
571,222
572,192
573,193
574,237
575,148
576,217
577,232
578,177
579,241
580,203
581,245
582,200
583,140
584,186
585,157
586,187
587,188
588,176
589,227
590,216
591,153
592,190
593,148
594,125
595,152
596,210
597,233
598,148
599,123
600,132
601,243
602,119
603,97
604,160
605,230
606,151
607,149
608,192
609,121
610,128
611,181
612,185
613,108
614,230
615,143
616,2
617,156
618,236
619,196
620,86
621,199
622,228
623,172
624,116
625,189
626,172
627,216
628,228
629,114
630,224
631,224
632,103
633,157
634,206
635,214
636,237
637,170
638,150
639,91
640,203
641,172
642,239
643,185
644,196
645,142
646,240
647,186
648,209
649,61
650,131
651,207
652,207
653,222
654,196
655,203
656,132
657,206
658,185
659,214
660,135
661,208
662,174
663,172
664,186
665,191
666,226
667,216
668,140
669,206
670,108
671,147
672,191
673,170
674,241
675,202
676,202
677,148
678,137
679,112
680,222
681,132
682,148
683,210
684,217
685,213
686,164
687,226
688,206
689,195
690,91
691,217
692,38
693,247
694,238
695,169
696,134
697,183
698,137
699,148
700,128
701,232
702,234
703,244
704,124
705,206
706,87
707,170
708,155
709,241
710,167
711,233
712,126
713,225
714,159
715,126
716,162
717,249
718,198
719,78
720,212
721,186
722,161
723,110
724,173
725,128
726,201
727,0
728,108
729,214
730,219
731,132
732,171
733,156
734,237
735,173
736,234
737,158
738,183
739,66
740,176
741,221
742,101
743,243
744,221
745,110
746,199
747,46
748,157
749,228
750,73
751,198
752,200
753,188
754,215
755,224
756,192
757,216
758,242
759,133
760,163
761,252
762,246
763,225
764,226
765,213
766,234
767,156
768,202
769,191
770,240
771,91
772,230
773,189
774,126
775,236
776,185
777,228
778,203
779,243
780,148
781,222
782,98
783,192
784,113
785,186
786,88
787,180
788,111
789,216
790,185
791,104
792,102
793,188
794,231
795,118
796,112
797,243
798,106
799,135
800,227
801,154
802,183
803,229
804,245
805,133
806,115
807,202
808,210
809,185
810,197
811,208
812,172
813,147
814,215
815,210
816,120
817,154
818,235
819,194
820,168
821,164
822,232
823,207
824,190
825,174
826,218
827,134
828,245
829,215
830,210
831,205
832,115
833,226
834,175
835,170
836,190
837,169
838,248
839,227
840,42
841,108
842,168
843,217
844,154
845,134
846,151
847,238
848,200
849,218
850,207
851,21
852,123
853,155
854,182
855,153
856,199
857,243
858,191
859,225
860,211
861,152
862,194
863,173
864,142
865,231
866,222
867,241
868,242
869,242
870,157
871,218
872,220
873,179
874,165
875,228
876,172
877,183
878,185
879,192
880,49
881,184
882,209
883,168
884,175
885,141
886,227
887,245
888,174
889,240
890,186
891,99
892,130
893,200
894,196
895,171
896,171
897,72
898,186
899,204
900,166
901,136
902,201
903,177
904,228
905,158
906,210
907,137
908,167
909,159
910,133
911,215
912,107
913,209
914,138
915,241
916,205
917,173
918,181
919,100
920,180
921,165
922,137
923,191
924,190
925,165
926,178
927,195
928,156
929,213
930,118
931,105
932,162
933,218
934,178
935,160
936,168
937,233
938,175
939,127
940,167
941,215
942,154
943,172
944,219
945,146
946,182
947,134
948,197
949,111
950,154
951,142
952,218
953,227
954,175
955,244
956,195
957,209
958,164
959,87
960,193
961,232
962,106
963,212
964,196
965,144
966,122
967,184
968,113
969,208
970,220
971,162
972,169
973,67
974,174
975,136
976,197
977,111
978,215
979,241
980,202
981,182
982,83
983,142
984,170
985,237
986,192
987,229
988,238
989,119
990,244
991,142
992,188
993,204
994,217
995,210
996,149
997,242
998,148
999,219
1000,209
1001,137
1002,168
1003,243
1004,226
1005,221
1006,173
1007,209
1008,185
1009,179
1010,229
1011,190
1012,171
1013,194
1014,196
1015,223
1016,171
1017,198
1018,219
1019,246
1020,165
1021,247
1022,122
1023,162
1024,124
1025,213
1026,207
1027,80
1028,193
1029,176
1030,230
1031,163
1032,155
1033,142
1034,193
1035,193
1036,235
1037,157
1038,222
1039,168
1040,179
1041,119
1042,212
1043,152
1044,134
1045,228
1046,188
1047,162
1048,231
1049,144
1050,171
1051,193
1052,212
1053,176
1054,177
1055,158
1056,241
1057,187
1058,160
1059,211
1060,225
1061,174
1062,198
1063,159
1064,215
1065,212
1066,161
1067,227
1068,244
1069,206
1070,223
1071,183
1072,118
1073,227
1074,243
1075,172
1076,218
1077,201
1078,157
1079,181
1080,216
1081,157
1082,177
1083,108
1084,198
1085,217
1086,210
1087,122
1088,200
1089,169
1090,226
1091,180
1092,212
1093,186
1094,207
1095,240
1096,134
1097,190
1098,208
1099,216
1100,203
1101,223
1102,239
1103,223
1104,164
1105,224
1106,213
1107,130
1108,231
1109,211
1110,177
1111,146
1112,159
1113,223
1114,227
1115,175
1116,219
1117,155
1118,175
1119,161
1120,217
1121,206
1122,168
1123,128
1124,169
1125,137
1126,245
1127,222
1128,183
1129,219
1130,161
1131,238
1132,152
1133,235
1134,173
1135,178
1136,234
1137,189
1138,249
1139,187
1140,249
1141,195
1142,193
1143,102
1144,110
1145,133
1146,7
1147,250
1148,155
1149,209
1150,84
1151,231
1152,184
1153,186
1154,156
1155,193
1156,183
1157,215
1158,205
1159,231
1160,143
1161,233
1162,98
1163,248
1164,164
1165,241
1166,193
1167,227
1168,239
1169,210
1170,183
1171,189
1172,210
1173,202
1174,239
1175,249
1176,218
1177,194
1178,247
1179,129
1180,180
1181,115
1182,123
1183,124
1184,222
1185,231
1186,219
1187,198
1188,99
1189,187
1190,218
1191,128
1192,240
1193,209
1194,230
1195,249
1196,200
1197,180
1198,156
1199,231
1200,157
1201,248
1202,142
1203,223
1204,201
1205,200
1206,144
1207,165
1208,138
1209,217
1210,178
1211,217
1212,212
1213,204
1214,93
1215,176
1216,78
1217,192
1218,119
1219,250
1220,198
1221,196
1222,78
1223,106
1224,168
1225,59
1226,241
1227,124
1228,149
1229,240
1230,121
1231,74
1232,156
1233,172
1234,115
1235,186
1236,180
1237,148
1238,145
1239,215
1240,181
1241,156
1242,105
1243,233
1244,230
1245,248
1246,225
1247,141
1248,239
1249,168
1250,234
1251,177
1252,193
1253,181
1254,121
1255,104
1256,175
1257,238
1258,178
1259,132
1260,142
1261,218
1262,111
1263,247
1264,198
1265,173
1266,53
1267,87
1268,241
1269,196
1270,236
1271,199
1272,204
1273,225
1274,243
1275,214
1276,147
1277,83
1278,219
1279,251
1280,164
1281,112
1282,234
1283,153
1284,166
1285,75
1286,198
1287,0
1288,160
1289,179
1290,237
1291,223
1292,106
1293,195
1294,111
1295,137
1296,237
1297,84
1298,119
1299,112
1300,241
1301,161
1302,235
1303,166
1304,203
1305,231
1306,225
1307,229
1308,97
1309,175
1310,123
1311,156
1312,140
1313,218
1314,214
1315,223
1316,83
1317,188
1318,151
1319,211
1320,136
1321,104
1322,179
1323,243
1324,52
1325,131
1326,157
1327,86
1328,132
1329,211
1330,194
1331,101
1332,103
1333,181
1334,138
1335,177
1336,125
1337,140
1338,65
1339,219
1340,99
1341,180
1342,217
1343,206
1344,126
1345,120
1346,247
1347,124
1348,206
1349,164
1350,220
1351,42
1352,185
1353,62
1354,220
1355,92
1356,228
1357,209
1358,162
1359,154
1360,204
1361,135
1362,176
1363,61
1364,243
1365,245
1366,177
1367,168
1368,156
1369,106
1370,223
1371,193
1372,116
1373,138
1374,242
1375,229
1376,143
1377,203
1378,169
1379,223
1380,214
1381,161
1382,215
1383,226
1384,222
1385,125
1386,240
1387,204
1388,28
1389,15
1390,110
1391,221
1392,173
1393,135
1394,205
1395,61
1396,138
1397,101
1398,178
1399,179
1400,190
1401,192
1402,139
1403,211
1404,225
1405,147
1406,206
1407,119
1408,131
1409,222
1410,185
1411,207
1412,218
1413,199
1414,226
1415,119
1416,157
1417,140
1418,249
1419,193
1420,167
1421,223
1422,244
1423,112
1424,126
1425,244
1426,11
1427,116
1428,210
1429,194
1430,42
1431,194
1432,215
1433,117
1434,119
1435,238
1436,156
1437,139
1438,232
1439,243
1440,230
1441,90
1442,150
1443,246
1444,201
1445,224
1446,154
1447,144
1448,188
1449,92
1450,149
1451,186
1452,198
1453,115
1454,237
1455,246
1456,191
1457,68
1458,169
1459,174
1460,199
1461,225
1462,100
1463,154
1464,127
1465,183
1466,206
1467,218
1468,232
1469,163
1470,103
1471,207
1472,146
1473,150
1474,180
1475,182
1476,208
1477,112
1478,214
1479,161
1480,172
1481,144
1482,244
1483,231
1484,220
1485,88
1486,247
1487,158
1488,242
1489,231
1490,204
1491,28
1492,231
1493,205
1494,251
1495,236
1496,248
1497,216
1498,211
1499,185
1500,145
1501,212
1502,195
1503,156
1504,114
1505,184
1506,165
1507,82
1508,176
1509,194
1510,133
1511,193
1512,163
1513,133
1514,167
1515,233
1516,194
1517,212
1518,222
1519,92
1520,193
1521,236
1522,179
1523,118
1524,139
1525,218
1526,199
1527,213
1528,186
1529,224
1530,169
1531,100
1532,151
1533,230
1534,155
1535,122
1536,119
1537,160
1538,143
1539,213
1540,179
1541,227
1542,91
1543,211
1544,147
1545,124
1546,184
1547,164
1548,83
1549,179
1550,46
1551,99
1552,139
1553,179
1554,200
1555,147
1556,137
1557,229
1558,195
1559,139
1560,228
1561,143
1562,240
1563,166
1564,136
1565,148
1566,107
1567,165
1568,240
1569,72
1570,194
1571,199
1572,245
1573,236
1574,157
1575,228
1576,131
1577,102
1578,139
1579,233
1580,212
1581,120
1582,113
1583,233
1584,175
1585,186
1586,211
1587,163
1588,198
1589,122
1590,229
1591,222
1592,204
1593,208
1594,182
1595,65
1596,175
1597,147
1598,111
1599,142
1600,220
1601,194
1602,154
1603,174
1604,239
1605,224
1606,200
1607,166
1608,231
1609,188
1610,252
1611,167
1612,201
1613,225
1614,158
1615,151
1616,232
1617,140
1618,190
1619,170
1620,163
1621,207
1622,239
1623,178
1624,214
1625,191
1626,117
1627,110
1628,230
1629,179
1630,176
1631,225
1632,204
1633,190
1634,182
1635,236
1636,198
1637,235
1638,100
1639,212
1640,223
1641,179
1642,181
1643,182
1644,218
1645,213
1646,218
1647,253
1648,254
1649,249
1650,232
1651,245
1652,203
1653,135
1654,142
1655,250
1656,207
1657,176
1658,247
1659,221
1660,238
1661,163
1662,205
1663,216
1664,147
1665,248
1666,151
1667,190
1668,149
1669,133
1670,206
1671,200
1672,251
1673,255
1674,204
1675,245
1676,224
1677,234
1678,183
1679,153
1680,225
1681,144
1682,219
1683,160
1684,176
1685,241
1686,165
1687,233
1688,240
1689,166
1690,128
1691,130
1692,228
1693,177
1694,117
1695,171
1696,190
1697,19
1698,224
1699,248
1700,143
1701,218
1702,152
1703,226
1704,233
1705,200
1706,243
1707,124
1708,170
1709,235
1710,192
1711,190
1712,135
1713,121
1714,44
1715,223
1716,226
1717,186
1718,79
1719,224
1720,149
1721,145
1722,199
1723,64
1724,96
1725,179
1726,237
1727,194
1728,185
1729,142
1730,158
1731,228
1732,172
1733,206
1734,139
1735,201
1736,135
1737,161
1738,182
1739,212
1740,99
1741,162
1742,143
1743,232
1744,250
1745,145
1746,134
1747,95
1748,161
1749,168
1750,91
1751,133
1752,126
1753,106
1754,186
1755,202
1756,228
1757,154
1758,237
1759,211
1760,86
1761,67
1762,221
1763,180
1764,215
1765,138
1766,166
1767,170
1768,232
1769,151
1770,214
1771,134
1772,129
1773,166
1774,119
1775,246
1776,243
1777,155
1778,110
1779,180
1780,199
1781,195
1782,97
1783,21
1784,192
1785,144
1786,113
1787,216
1788,207
1789,112
1790,238
1791,245
1792,202
1793,124
1794,199
1795,222
1796,134
1797,175
1798,217
1799,189
1800,165
1801,231
1802,228
1803,121
1804,213
1805,222
1806,185
1807,199
1808,202
1809,216
1810,176
1811,199
1812,175
1813,244
1814,170
1815,183
1816,192
1817,184
1818,165
1819,100
1820,148
1821,190
1822,186
1823,134
1824,202
1825,156
1826,139
1827,207
1828,201
1829,227
1830,216
1831,234
1832,216
1833,141
1834,95
1835,212
1836,166
1837,164
1838,236
1839,216
1840,248
1841,217
1842,194
1843,146
1844,189
1845,75
1846,41
1847,160
1848,222
1849,124
1850,184
1851,185
1852,211
1853,166
1854,178
1855,176
1856,177
1857,245
1858,195
1859,215
1860,228
1861,114
1862,142
1863,230
1864,246
1865,121
1866,182
1867,243
1868,86
1869,249
1870,237
1871,202
1872,190
1873,203
1874,218
1875,223
1876,146
1877,160
1878,196
1879,150
1880,227
1881,163
1882,245
1883,218
1884,167
1885,216
1886,193
1887,109
1888,163
1889,167
1890,239
1891,93
1892,252
1893,239
1894,199
1895,247
1896,98
1897,187
1898,186
1899,149
1900,84
1901,233
1902,145
1903,204
1904,164
1905,200
1906,70
1907,158
1908,233
1909,133
1910,165
1911,250
1912,186
1913,129
1914,102
1915,242
1916,238
1917,238
1918,232
1919,166
1920,198
1921,198
1922,247
1923,203
1924,106
1925,165
1926,209
1927,149
1928,128
1929,174
1930,104
1931,99
1932,247
1933,143
1934,102
1935,254
1936,207
1937,142
1938,178
1939,153
1940,106
1941,240
1942,247
1943,184
1944,113
1945,173
1946,211
1947,222
1948,231
1949,230
1950,181
1951,187
1952,204
1953,183
1954,131
1955,129
1956,217
1957,185
1958,198
1959,191
1960,218
1961,119
1962,94
1963,141
1964,75
1965,223
1966,232
1967,189
1968,202
1969,245
1970,123
1971,162
1972,234
1973,119
1974,187
1975,205
1976,170
1977,181
1978,178
1979,191
1980,144
1981,229
1982,236
1983,223
1984,175
1985,205
1986,212
1987,253
1988,230
1989,247
1990,168
1991,129
1992,236
1993,227
1994,140
1995,234
1996,69
1997,137
1998,230
1999,204
2000,151
2001,106
2002,167
2003,111
2004,186
2005,175
2006,215
2007,243
2008,38
2009,15
2010,248
2011,98
2012,231
2013,220
2014,129
2015,137
2016,183
2017,248
2018,193
2019,226
2020,242
2021,160
2022,196
2023,247
2024,184
2025,47
2026,195
2027,201
2028,145
2029,51
2030,231
2031,193
2032,24
2033,228
2034,134
2035,215
2036,232
2037,148
2038,242
2039,186
2040,208
2041,116
2042,156
2043,241
2044,125
2045,116
2046,231
2047,53
2048,86
2049,179
2050,219
2051,151
2052,136
2053,144
2054,233
2055,232
2056,34
2057,81
2058,198
2059,247
2060,175
2061,147
2062,149
2063,137
2064,193
2065,199
2066,218
2067,97
2068,129
2069,117
2070,197
2071,243
2072,101
2073,217
2074,206
2075,228
2076,231
2077,213
2078,153
2079,158
2080,205
2081,136
2082,129
2083,207
2084,211
2085,160
2086,175
2087,194
2088,224
2089,230
2090,181
2091,25
2092,240
2093,114
2094,179
2095,235
2096,150
2097,175
2098,159
2099,159
2100,118
2101,156
2102,178
2103,158
2104,217
2105,197
2106,180
2107,133
2108,171
2109,150
2110,229
2111,66
2112,202
2113,54
2114,68
2115,187
2116,65
2117,155
2118,93
2119,244
2120,210
2121,201
2122,161
2123,180
2124,245
2125,67
2126,157
2127,226
2128,215
2129,137
2130,149
2131,236
2132,82
2133,216
2134,145
2135,0
2136,204
2137,169
2138,157
2139,133
2140,133
2141,143
2142,188
2143,216
2144,146
2145,180
2146,61
2147,239
2148,45
2149,112
2150,176
2151,197
2152,118
2153,168
2154,189
2155,198
2156,168
2157,184
2158,221
2159,199
2160,164
2161,170
2162,171
2163,167
2164,188
2165,232
2166,120
2167,28
2168,96
2169,242
2170,240
2171,88
2172,216
2173,188
2174,218
2175,175
2176,181
2177,224
2178,163
2179,239
2180,129
2181,238
2182,28
2183,170
2184,109
2185,212
2186,100
2187,232
2188,233
2189,163
2190,204
2191,49
2192,202
2193,112
2194,202
2195,103
2196,210
2197,128
2198,206
2199,154
2200,180
2201,70
2202,221
2203,175
2204,141
2205,240
2206,100
2207,140
2208,162
2209,80
2210,97
2211,166
2212,152
2213,130
2214,176
2215,212
2216,214
2217,136
2218,90
2219,113
2220,204
2221,146
2222,215
2223,222
2224,126
2225,176
2226,211
2227,106
2228,182
2229,197
2230,249
2231,74
2232,167
2233,229
2234,228
2235,197
2236,127
2237,153
2238,175
2239,200
2240,138
2241,246
2242,211
2243,209
2244,245
2245,200
2246,177
2247,189
2248,16
2249,97
2250,173
2251,196
2252,223
2253,161
2254,136
2255,191
2256,175
2257,58
2258,198
2259,160
2260,187
2261,209
2262,197
2263,205
2264,239
2265,178
2266,135
2267,205
2268,230
2269,99
2270,102
2271,233
2272,117
2273,216
2274,178
2275,211
2276,178
2277,95
2278,0
2279,136
2280,175
2281,159
2282,161
2283,162
2284,77
2285,245
2286,87
2287,196
2288,240
2289,197
2290,138
2291,219
2292,56
2293,173
2294,120
2295,242
2296,171
2297,194
2298,228
2299,97
2300,209
2301,171
2302,188
2303,242
2304,160
2305,148
2306,0
2307,49
2308,221
2309,187
2310,201
2311,136
2312,231
2313,228
2314,167
2315,118
2316,75
2317,110
2318,250
2319,130
2320,235
2321,201
2322,136
2323,200
2324,197
2325,208
2326,121
2327,237
2328,160
2329,240
2330,123
2331,140
2332,204
2333,180
2334,172
2335,227
2336,114
2337,141
2338,191
2339,156
2340,205
2341,191
2342,184
2343,167
2344,230
2345,225
2346,183
2347,177
2348,206
2349,215
2350,170
2351,146
2352,202
2353,166
2354,199
2355,166
2356,174
2357,173
2358,213
2359,177
2360,174
2361,87
2362,207
2363,72
2364,246
2365,132
2366,244
2367,65
2368,204
2369,236
2370,191
2371,81
2372,238
2373,179
2374,108
2375,143
2376,211
2377,109
2378,81
2379,237
2380,144
2381,178
2382,169
2383,218
2384,6
2385,139
2386,210
2387,211
2388,139
2389,129
2390,199
2391,196
2392,149
2393,178
2394,98
2395,167
2396,221
2397,149
2398,206
2399,209
