0,32
1,240
2,225
3,177
4,202
5,137
6,175
7,87
8,193
9,124
10,113
11,174
12,227
13,234
14,251
15,134
16,139
17,212
18,161
19,84
20,117
21,171
22,126
23,198
24,57
25,106
26,182
27,133
28,105
29,219
30,214
31,150
32,184
33,169
34,103
35,34
36,223
37,171
38,228
39,245
40,143
41,219
42,145
43,125
44,162
45,236
46,210
47,195
48,153
49,81
50,157
51,143
52,241
53,245
54,201
55,187
56,193
57,158
58,164
59,117
60,71
61,181
62,144
63,185
64,206
65,124
66,209
67,138
68,117
69,136
70,138
71,171
72,209
73,208
74,155
75,133
76,133
77,82
78,190
79,217
80,216
81,183
82,198
83,202
84,191
85,115
86,194
87,248
88,215
89,202
90,142
91,148
92,100
93,225
94,163
95,170
96,107
97,131
98,194
99,219
100,163
101,238
102,177
103,223
104,142
105,156
106,202
107,172
108,137
109,124
110,213
111,168
112,220
113,13
114,208
115,134
116,59
117,142
118,216
119,186
120,203
121,0
122,191
123,218
124,201
125,139
126,177
127,194
128,159
129,67
130,184
131,193
132,203
133,79
134,191
135,144
136,78
137,221
138,194
139,195
140,118
141,207
142,78
143,168
144,207
145,173
146,162
147,208
148,94
149,214
150,116
151,148
152,149
153,167
154,155
155,219
156,243
157,168
158,206
159,182
160,194
161,154
162,84
163,138
164,232
165,233
166,100
167,215
168,166
169,221
170,189
171,169
172,148
173,239
174,89
175,150
176,168
177,73
178,128
179,182
180,160
181,161
182,96
183,132
184,184
185,151
186,121
187,204
188,71
189,164
190,96
191,239
192,189
193,151
194,142
195,204
196,118
197,219
198,243
199,158
200,98
201,220
202,211
203,183
204,156
205,182
206,176
207,167
208,206
209,215
210,151
211,198
212,205
213,222
214,196
215,204
216,194
217,36
218,168
219,204
220,209
221,175
222,245
223,149
224,187
225,211
226,186
227,242
228,207
229,220
230,69
231,189
232,107
233,141
234,90
235,100
236,180
237,134
238,141
239,231
240,172
241,126
242,239
243,209
244,141
245,218
246,189
247,45
248,215
249,176
250,167
251,179
252,160
253,119
254,199
255,174
256,213
257,152
258,188
259,236
260,217
261,110
262,190
263,197
264,118
265,195
266,125
267,175
268,175
269,210
270,235
271,91
272,117
273,159
274,95
275,216
276,147
277,170
278,157
279,156
280,96
281,226
282,133
283,155
284,188
285,121
286,140
287,132
288,191
289,161
290,191
291,232
292,228
293,204
294,172
295,235
296,150
297,182
298,200
299,200
300,189
301,156
302,214
303,174
304,205
305,225
306,241
307,137
308,204
309,171
310,229
311,94
312,170
313,120
314,162
315,145
316,171
317,224
318,139
319,107
320,139
321,131
322,196
323,231
324,226
325,172
326,200
327,237
328,229
329,139
330,157
331,165
332,247
333,209
334,215
335,182
336,167
337,203
338,161
339,214
340,243
341,148
342,72
343,135
344,50
345,152
346,166
347,152
348,247
349,80
350,248
351,184
352,118
353,89
354,194
355,209
356,185
357,154
358,207
359,114
360,116
361,150
362,185
363,137
364,139
365,198
366,108
367,205
368,232
369,163
370,223
371,196
372,231
373,120
374,71
375,169
376,165
377,165
378,151
379,193
380,153
381,156
382,100
383,147
384,232
385,120
386,94
387,232
388,116
389,242
390,131
391,189
392,232
393,118
394,139
395,241
396,224
397,208
398,239
399,118
400,160
401,116
402,239
403,243
404,180
405,119
406,89
407,143
408,196
409,225
410,240
411,225
412,206
413,88
414,102
415,190
416,235
417,248
418,156
419,185
420,139
421,94
422,150
423,112
424,196
425,228
426,124
427,221
428,187
429,134
430,234
431,223
432,65
433,231
434,160
435,90
436,145
437,202
438,209
439,176
440,131
441,224
442,123
443,105
444,172
445,119
446,184
447,178
448,223
449,212
450,205
451,139
452,251
453,149
454,226
455,127
456,214
457,212
458,211
459,197
460,231
461,108
462,162
463,230
464,244
465,141
466,91
467,181
468,198
469,246
470,148
471,226
472,160
473,131
474,164
475,147
476,239
477,166
478,87
479,244
480,188
481,103
482,189
483,205
484,115
485,225
486,114
487,216
488,249
489,108
490,212
491,232
492,136
493,209
494,106
495,251
496,219
497,229
498,153
499,163
500,194
501,238
502,232
503,241
504,95
505,210
506,174
507,171
508,199
509,200
510,113
511,192
512,214
513,122
514,140
515,244
516,228
517,147
518,217
519,222
520,214
521,159
522,104
523,230
524,165
525,241
526,186
527,171
528,201
529,207
530,246
531,223
532,162
533,230
534,218
535,167
536,230
537,116
538,241
539,199
540,169
541,152
542,121
543,186
544,223
545,178
546,152
547,232
548,207
549,165
550,118
551,170
552,147
553,179
554,246
555,192
556,148
557,212
558,148
559,230
560,207
561,247
562,165
563,224
564,133
565,195
566,114
567,224
568,220
569,176
570,205
571,226
572,192
573,158
574,241
575,152
576,221
577,240
578,182
579,241
580,205
581,245
582,175
583,120
584,175
585,149
586,186
587,193
588,182
589,227
590,223
591,141
592,178
593,146
594,123
595,134
596,205
597,236
598,147
599,147
600,146
601,242
602,115
603,94
604,139
605,225
606,154
607,138
608,189
609,106
610,144
611,183
612,196
613,95
614,226
615,122
616,18
617,147
618,237
619,171
620,78
621,188
622,226
623,177
624,118
625,185
626,166
627,207
628,225
629,138
630,221
631,214
632,96
633,155
634,197
635,211
636,236
637,169
638,145
639,109
640,209
641,172
642,233
643,182
644,185
645,135
646,239
647,164
648,205
649,94
650,132
651,204
652,208
653,221
654,182
655,202
656,144
657,197
658,192
659,210
660,129
661,201
662,177
663,167
664,179
665,182
666,232
667,213
668,117
669,214
670,87
671,156
672,169
673,166
674,243
675,199
676,207
677,160
678,137
679,99
680,211
681,116
682,135
683,203
684,216
685,216
686,148
687,220
688,206
689,177
690,99
691,220
692,48
693,248
694,238
695,158
696,139
697,182
698,160
699,128
700,133
701,239
702,235
703,244
704,72
705,206
706,70
707,177
708,145
709,240
710,158
711,233
712,113
713,230
714,158
715,112
716,154
717,246
718,191
719,87
720,206
721,187
722,161
723,74
724,202
725,111
726,188
727,3
728,112
729,218
730,208
731,80
732,178
733,190
734,236
735,180
736,220
737,159
738,186
739,66
740,179
741,212
742,113
743,245
744,224
745,109
746,207
747,81
748,158
749,194
750,81
751,189
752,199
753,197
754,208
755,217
756,202
757,216
758,239
759,135
760,148
761,252
762,247
763,206
764,226
765,223
766,234
767,173
768,229
769,173
770,235
771,86
772,205
773,179
774,133
775,241
776,188
777,234
778,201
779,243
780,168
781,222
782,104
783,190
784,115
785,177
786,88
787,151
788,110
789,218
790,177
791,118
792,116
793,220
794,227
795,110
796,124
797,243
798,96
799,122
800,223
801,149
802,183
803,237
804,244
805,147
806,136
807,199
808,208
809,186
810,217
811,204
812,177
813,140
814,210
815,205
816,123
817,166
818,226
819,187
820,181
821,164
822,227
823,202
824,195
825,179
826,224
827,137
828,246
829,215
830,207
831,199
832,131
833,221
834,153
835,182
836,191
837,173
838,248
839,229
840,111
841,124
842,160
843,215
844,141
845,134
846,146
847,238
848,186
849,219
850,205
851,125
852,109
853,169
854,184
855,151
856,196
857,243
858,165
859,225
860,213
861,160
862,201
863,162
864,162
865,222
866,222
867,243
868,242
869,244
870,166
871,203
872,216
873,176
874,178
875,215
876,163
877,183
878,170
879,153
880,99
881,190
882,211
883,158
884,184
885,143
886,225
887,245
888,173
889,240
890,172
891,87
892,144
893,198
894,171
895,171
896,165
897,63
898,186
899,204
900,202
901,144
902,213
903,162
904,228
905,142
906,209
907,134
908,167
909,155
910,124
911,201
912,87
913,207
914,148
915,241
916,192
917,175
918,179
919,92
920,152
921,144
922,150
923,191
924,187
925,161
926,154
927,198
928,143
929,213
930,117
931,120
932,138
933,196
934,176
935,140
936,187
937,222
938,206
939,113
940,177
941,215
942,153
943,151
944,218
945,151
946,171
947,119
948,202
949,126
950,166
951,147
952,218
953,234
954,179
955,244
956,185
957,207
958,156
959,87
960,179
961,233
962,103
963,214
964,184
965,109
966,107
967,192
968,134
969,229
970,230
971,172
972,157
973,81
974,169
975,140
976,198
977,145
978,209
979,241
980,198
981,175
982,111
983,136
984,167
985,236
986,194
987,216
988,237
989,123
990,240
991,135
992,173
993,190
994,221
995,200
996,163
997,240
998,76
999,217
1000,211
1001,146
1002,183
1003,243
1004,222
1005,233
1006,174
1007,188
1008,181
1009,198
1010,227
1011,194
1012,151
1013,182
1014,211
1015,224
1016,179
1017,187
1018,219
1019,245
1020,221
1021,247
1022,114
1023,172
1024,91
1025,215
1026,202
1027,104
1028,190
1029,176
1030,228
1031,176
1032,125
1033,148
1034,200
1035,185
1036,218
1037,168
1038,222
1039,164
1040,186
1041,126
1042,200
1043,152
1044,155
1045,228
1046,185
1047,162
1048,230
1049,136
1050,181
1051,192
1052,212
1053,177
1054,177
1055,138
1056,241
1057,212
1058,155
1059,204
1060,227
1061,158
1062,196
1063,176
1064,226
1065,211
1066,169
1067,237
1068,245
1069,208
1070,226
1071,183
1072,174
1073,224
1074,241
1075,178
1076,215
1077,193
1078,156
1079,173
1080,221
1081,148
1082,167
1083,139
1084,209
1085,217
1086,220
1087,126
1088,183
1089,123
1090,221
1091,172
1092,207
1093,177
1094,206
1095,240
1096,134
1097,200
1098,212
1099,214
1100,205
1101,222
1102,236
1103,223
1104,169
1105,215
1106,213
1107,129
1108,225
1109,198
1110,172
1111,149
1112,187
1113,219
1114,226
1115,170
1116,223
1117,172
1118,197
1119,139
1120,228
1121,200
1122,158
1123,141
1124,171
1125,125
1126,245
1127,221
1128,163
1129,201
1130,175
1131,233
1132,164
1133,234
1134,163
1135,184
1136,236
1137,183
1138,249
1139,190
1140,245
1141,197
1142,186
1143,114
1144,142
1145,132
1146,36
1147,252
1148,147
1149,218
1150,98
1151,226
1152,183
1153,196
1154,158
1155,193
1156,196
1157,200
1158,199
1159,233
1160,136
1161,237
1162,107
1163,248
1164,148
1165,240
1166,150
1167,229
1168,232
1169,203
1170,180
1171,181
1172,207
1173,181
1174,242
1175,249
1176,218
1177,202
1178,247
1179,119
1180,145
1181,157
1182,145
1183,144
1184,219
1185,234
1186,224
1187,203
1188,95
1189,208
1190,216
1191,147
1192,244
1193,199
1194,228
1195,249
1196,194
1197,180
1198,149
1199,236
1200,164
1201,247
1202,166
1203,209
1204,214
1205,193
1206,130
1207,174
1208,115
1209,218
1210,177
1211,215
1212,214
1213,211
1214,86
1215,133
1216,98
1217,198
1218,137
1219,249
1220,205
1221,208
1222,58
1223,106
1224,164
1225,71
1226,242
1227,116
1228,155
1229,236
1230,105
1231,74
1232,150
1233,174
1234,142
1235,176
1236,190
1237,185
1238,161
1239,209
1240,176
1241,150
1242,117
1243,226
1244,228
1245,250
1246,231
1247,127
1248,239
1249,175
1250,237
1251,186
1252,192
1253,179
1254,115
1255,143
1256,192
1257,239
1258,161
1259,112
1260,156
1261,215
1262,91
1263,248
1264,191
1265,154
1266,72
1267,98
1268,237
1269,198
1270,230
1271,189
1272,180
1273,227
1274,249
1275,224
1276,173
1277,89
1278,209
1279,251
1280,205
1281,132
1282,233
1283,133
1284,157
1285,92
1286,195
1287,0
1288,155
1289,198
1290,237
1291,225
1292,94
1293,201
1294,119
1295,131
1296,240
1297,100
1298,143
1299,110
1300,247
1301,149
1302,235
1303,173
1304,204
1305,231
1306,219
1307,232
1308,90
1309,156
1310,112
1311,184
1312,132
1313,232
1314,225
1315,221
1316,81
1317,195
1318,131
1319,206
1320,161
1321,93
1322,176
1323,243
1324,78
1325,160
1326,155
1327,104
1328,127
1329,214
1330,195
1331,101
1332,147
1333,150
1334,159
1335,143
1336,151
1337,142
1338,87
1339,214
1340,97
1341,212
1342,219
1343,197
1344,110
1345,82
1346,247
1347,111
1348,211
1349,170
1350,220
1351,31
1352,185
1353,26
1354,220
1355,92
1356,228
1357,212
1358,142
1359,165
1360,231
1361,127
1362,184
1363,58
1364,242
1365,243
1366,168
1367,171
1368,125
1369,129
1370,223
1371,199
1372,84
1373,131
1374,239
1375,244
1376,146
1377,202
1378,154
1379,222
1380,204
1381,128
1382,211
1383,235
1384,214
1385,108
1386,236
1387,212
1388,20
1389,62
1390,86
1391,221
1392,176
1393,170
1394,207
1395,82
1396,143
1397,125
1398,165
1399,179
1400,191
1401,197
1402,157
1403,212
1404,227
1405,143
1406,200
1407,126
1408,148
1409,221
1410,165
1411,204
1412,218
1413,196
1414,230
1415,102
1416,156
1417,142
1418,243
1419,204
1420,171
1421,221
1422,246
1423,121
1424,157
1425,234
1426,33
1427,118
1428,222
1429,195
1430,70
1431,185
1432,195
1433,127
1434,159
1435,238
1436,149
1437,145
1438,229
1439,244
1440,230
1441,90
1442,151
1443,241
1444,189
1445,225
1446,168
1447,145
1448,189
1449,107
1450,142
1451,184
1452,186
1453,108
1454,233
1455,248
1456,181
1457,74
1458,163
1459,158
1460,202
1461,218
1462,56
1463,150
1464,102
1465,196
1466,213
1467,220
1468,229
1469,156
1470,110
1471,190
1472,132
1473,157
1474,199
1475,195
1476,212
1477,102
1478,217
1479,180
1480,175
1481,138
1482,232
1483,229
1484,224
1485,108
1486,247
1487,179
1488,245
1489,214
1490,192
1491,72
1492,239
1493,214
1494,252
1495,234
1496,248
1497,224
1498,213
1499,195
1500,142
1501,202
1502,180
1503,157
1504,122
1505,154
1506,175
1507,94
1508,188
1509,186
1510,131
1511,187
1512,178
1513,120
1514,147
1515,237
1516,197
1517,224
1518,224
1519,114
1520,191
1521,241
1522,174
1523,108
1524,117
1525,223
1526,199
1527,204
1528,192
1529,226
1530,164
1531,110
1532,147
1533,236
1534,138
1535,111
1536,129
1537,160
1538,136
1539,215
1540,174
1541,234
1542,93
1543,209
1544,121
1545,122
1546,173
1547,164
1548,70
1549,180
1550,60
1551,78
1552,121
1553,185
1554,206
1555,165
1556,140
1557,218
1558,184
1559,135
1560,226
1561,108
1562,241
1563,151
1564,141
1565,163
1566,101
1567,162
1568,237
1569,162
1570,186
1571,182
1572,242
1573,237
1574,174
1575,233
1576,123
1577,143
1578,89
1579,230
1580,212
1581,176
1582,99
1583,233
1584,172
1585,193
1586,199
1587,135
1588,186
1589,124
1590,233
1591,227
1592,210
1593,202
1594,181
1595,85
1596,149
1597,145
1598,86
1599,153
1600,222
1601,204
1602,156
1603,182
1604,240
1605,225
1606,197
1607,164
1608,226
1609,184
1610,253
1611,165
1612,211
1613,223
1614,161
1615,151
1616,234
1617,182
1618,195
1619,164
1620,167
1621,206
1622,240
1623,179
1624,214
1625,187
1626,150
1627,128
1628,234
1629,179
1630,188
1631,219
1632,206
1633,193
1634,178
1635,232
1636,191
1637,232
1638,110
1639,211
1640,222
1641,163
1642,186
1643,190
1644,225
1645,206
1646,215
1647,254
1648,254
1649,251
1650,233
1651,244
1652,175
1653,151
1654,165
1655,249
1656,187
1657,179
1658,249
1659,222
1660,232
1661,163
1662,197
1663,216
1664,157
1665,249
1666,150
1667,196
1668,149
1669,182
1670,205
1671,190
1672,251
1673,255
1674,199
1675,245
1676,222
1677,235
1678,162
1679,156
1680,223
1681,154
1682,218
1683,173
1684,164
1685,238
1686,165
1687,230
1688,239
1689,158
1690,119
1691,145
1692,220
1693,184
1694,129
1695,180
1696,193
1697,46
1698,223
1699,249
1700,138
1701,228
1702,166
1703,226
1704,230
1705,200
1706,231
1707,131
1708,186
1709,227
1710,192
1711,225
1712,144
1713,171
1714,67
1715,223
1716,232
1717,187
1718,115
1719,217
1720,151
1721,150
1722,197
1723,56
1724,128
1725,186
1726,238
1727,194
1728,181
1729,148
1730,136
1731,228
1732,167
1733,220
1734,137
1735,201
1736,142
1737,194
1738,204
1739,220
1740,109
1741,144
1742,157
1743,233
1744,248
1745,146
1746,138
1747,115
1748,175
1749,189
1750,76
1751,158
1752,156
1753,96
1754,186
1755,213
1756,225
1757,149
1758,233
1759,200
1760,106
1761,37
1762,226
1763,169
1764,216
1765,170
1766,142
1767,170
1768,234
1769,144
1770,203
1771,123
1772,141
1773,165
1774,126
1775,245
1776,243
1777,167
1778,108
1779,194
1780,207
1781,198
1782,114
1783,29
1784,200
1785,109
1786,96
1787,222
1788,209
1789,116
1790,243
1791,248
1792,203
1793,90
1794,195
1795,222
1796,142
1797,180
1798,223
1799,205
1800,174
1801,231
1802,229
1803,154
1804,219
1805,224
1806,185
1807,203
1808,216
1809,224
1810,216
1811,202
1812,191
1813,248
1814,174
1815,175
1816,194
1817,184
1818,166
1819,131
1820,145
1821,216
1822,176
1823,148
1824,204
1825,156
1826,141
1827,203
1828,185
1829,238
1830,220
1831,233
1832,212
1833,149
1834,98
1835,220
1836,166
1837,170
1838,236
1839,217
1840,228
1841,227
1842,205
1843,138
1844,153
1845,104
1846,52
1847,164
1848,229
1849,137
1850,173
1851,199
1852,211
1853,188
1854,173
1855,149
1856,176
1857,239
1858,200
1859,208
1860,228
1861,107
1862,147
1863,232
1864,245
1865,136
1866,182
1867,244
1868,90
1869,248
1870,238
1871,218
1872,178
1873,203
1874,226
1875,214
1876,174
1877,180
1878,195
1879,161
1880,241
1881,186
1882,249
1883,222
1884,169
1885,220
1886,191
1887,123
1888,172
1889,160
1890,236
1891,108
1892,252
1893,239
1894,202
1895,247
1896,157
1897,188
1898,194
1899,146
1900,109
1901,231
1902,145
1903,193
1904,162
1905,197
1906,95
1907,138
1908,223
1909,143
1910,166
1911,249
1912,185
1913,136
1914,107
1915,241
1916,231
1917,238
1918,232
1919,153
1920,183
1921,186
1922,246
1923,201
1924,111
1925,180
1926,216
1927,141
1928,133
1929,158
1930,89
1931,135
1932,247
1933,148
1934,131
1935,254
1936,207
1937,167
1938,200
1939,172
1940,126
1941,233
1942,246
1943,183
1944,110
1945,144
1946,211
1947,225
1948,229
1949,230
1950,190
1951,199
1952,195
1953,180
1954,125
1955,180
1956,207
1957,183
1958,204
1959,202
1960,220
1961,135
1962,106
1963,170
1964,63
1965,223
1966,227
1967,191
1968,200
1969,245
1970,118
1971,178
1972,228
1973,143
1974,186
1975,198
1976,187
1977,180
1978,172
1979,198
1980,144
1981,230
1982,228
1983,225
1984,174
1985,203
1986,207
1987,253
1988,227
1989,238
1990,147
1991,140
1992,236
1993,224
1994,148
1995,225
1996,80
1997,147
1998,227
1999,194
2000,151
2001,112
2002,125
2003,104
2004,169
2005,162
2006,203
2007,237
2008,102
2009,55
2010,247
2011,138
2012,233
2013,196
2014,122
2015,103
2016,184
2017,249
2018,185
2019,226
2020,248
2021,127
2022,190
2023,248
2024,186
2025,90
2026,192
2027,208
2028,155
2029,101
2030,226
2031,206
2032,30
2033,220
2034,147
2035,217
2036,224
2037,154
2038,243
2039,171
2040,203
2041,108
2042,178
2043,238
2044,132
2045,99
2046,236
2047,67
2048,102
2049,168
2050,219
2051,123
2052,159
2053,148
2054,233
2055,232
2056,52
2057,138
2058,200
2059,247
2060,189
2061,140
2062,170
2063,133
2064,197
2065,181
2066,234
2067,98
2068,117
2069,117
2070,196
2071,243
2072,105
2073,215
2074,206
2075,222
2076,226
2077,207
2078,159
2079,178
2080,208
2081,142
2082,125
2083,207
2084,216
2085,166
2086,174
2087,192
2088,230
2089,231
2090,175
2091,84
2092,237
2093,114
2094,163
2095,236
2096,183
2097,176
2098,159
2099,154
2100,97
2101,174
2102,170
2103,161
2104,218
2105,177
2106,175
2107,164
2108,185
2109,169
2110,238
2111,74
2112,202
2113,70
2114,89
2115,226
2116,71
2117,138
2118,159
2119,243
2120,200
2121,211
2122,164
2123,173
2124,246
2125,68
2126,166
2127,219
2128,219
2129,103
2130,142
2131,236
2132,62
2133,224
2134,137
2135,44
2136,213
2137,150
2138,187
2139,105
2140,120
2141,139
2142,194
2143,216
2144,133
2145,189
2146,49
2147,238
2148,65
2149,112
2150,150
2151,201
2152,100
2153,186
2154,202
2155,175
2156,176
2157,185
2158,210
2159,195
2160,140
2161,176
2162,150
2163,163
2164,186
2165,230
2166,169
2167,41
2168,147
2169,242
2170,238
2171,97
2172,213
2173,174
2174,223
2175,199
2176,164
2177,219
2178,147
2179,239
2180,117
2181,238
2182,25
2183,165
2184,109
2185,212
2186,112
2187,226
2188,232
2189,140
2190,191
2191,24
2192,197
2193,108
2194,202
2195,100
2196,210
2197,102
2198,224
2199,175
2200,177
2201,71
2202,212
2203,165
2204,114
2205,237
2206,111
2207,116
2208,162
2209,69
2210,124
2211,162
2212,169
2213,93
2214,160
2215,221
2216,212
2217,145
2218,78
2219,113
2220,194
2221,94
2222,189
2223,206
2224,135
2225,178
2226,188
2227,101
2228,202
2229,203
2230,249
2231,106
2232,151
2233,218
2234,226
2235,198
2236,122
2237,163
2238,175
2239,205
2240,160
2241,242
2242,186
2243,201
2244,242
2245,205
2246,199
2247,182
2248,44
2249,80
2250,159
2251,194
2252,222
2253,161
2254,147
2255,191
2256,173
2257,106
2258,196
2259,136
2260,199
2261,177
2262,186
2263,206
2264,228
2265,171
2266,144
2267,199
2268,224
2269,103
2270,95
2271,233
2272,159
2273,212
2274,174
2275,200
2276,178
2277,110
2278,32
2279,136
2280,179
2281,157
2282,142
2283,153
2284,92
2285,247
2286,95
2287,209
2288,240
2289,196
2290,147
2291,221
2292,58
2293,173
2294,110
2295,243
2296,134
2297,198
2298,229
2299,116
2300,214
2301,170
2302,176
2303,244
2304,173
2305,127
2306,1
2307,74
2308,217
2309,186
2310,207
2311,142
2312,217
2313,230
2314,157
2315,127
2316,85
2317,149
2318,250
2319,140
2320,229
2321,215
2322,155
2323,190
2324,201
2325,207
2326,118
2327,237
2328,160
2329,240
2330,117
2331,167
2332,204
2333,184
2334,167
2335,232
2336,93
2337,133
2338,210
2339,197
2340,211
2341,200
2342,168
2343,167
2344,234
2345,226
2346,181
2347,155
2348,207
2349,216
2350,177
2351,126
2352,193
2353,172
2354,202
2355,172
2356,170
2357,142
2358,203
2359,202
2360,176
2361,112
2362,184
2363,63
2364,228
2365,159
2366,243
2367,126
2368,225
2369,223
2370,202
2371,105
2372,240
2373,173
2374,115
2375,130
2376,211
2377,125
2378,54
2379,237
2380,171
2381,186
2382,180
2383,224
2384,41
2385,171
2386,210
2387,213
2388,144
2389,133
2390,191
2391,197
2392,158
2393,187
2394,68
2395,185
2396,222
2397,136
2398,190
2399,209
