0,165
1,153
2,184
3,217
4,188
5,107
6,201
7,235
8,232
9,143
10,152
11,239
12,199
13,173
14,231
15,153
16,204
17,218
18,237
19,241
20,234
21,110
22,167
23,202
24,243
25,234
26,104
27,36
28,233
29,162
30,41
31,181
32,185
33,239
34,230
35,232
36,236
37,225
38,205
39,244
40,180
41,249
42,213
43,106
44,228
45,218
46,169
47,234
48,139
49,184
50,152
51,221
52,125
53,217
54,213
55,193
56,183
57,188
58,206
59,253
60,234
61,160
62,193
63,233
64,207
65,220
66,250
67,239
68,186
69,88
70,208
71,201
72,183
73,228
74,239
75,158
76,208
77,16
78,204
79,185
80,241
81,235
82,136
83,175
84,219
85,204
86,180
87,203
88,163
89,208
90,192
91,248
92,203
93,172
94,107
95,220
96,227
97,166
98,247
99,195
100,256
101,251
102,194
103,93
104,248
105,219
106,210
107,203
108,167
109,12
110,126
111,166
112,207
113,237
114,248
115,220
116,235
117,199
118,228
119,237
120,160
121,206
122,143
123,40
124,197
125,208
126,211
127,95
128,207
129,168
130,156
131,212
132,226
133,243
134,161
135,195
136,179
137,158
138,110
139,168
140,253
141,233
142,230
143,136
144,182
145,174
146,188
147,184
148,204
149,207
150,109
151,219
152,232
153,202
154,168
155,239
156,250
157,163
158,48
159,115
160,229
161,211
162,227
163,141
164,242
165,29
166,104
167,178
168,184
169,252
170,220
171,143
172,211
173,134
174,238
175,196
176,212
177,216
178,230
179,0
180,154
181,106
182,174
183,226
184,207
185,199
186,227
187,157
188,148
189,239
190,248
191,223
192,119
193,253
194,194
195,239
196,162
197,199
198,154
199,201
200,188
201,217
202,190
203,173
204,253
205,154
206,167
207,225
208,215
209,97
210,135
211,201
212,244
213,234
214,64
215,178
216,211
217,178
218,234
219,184
220,138
221,230
222,201
223,89
224,229
225,253
226,245
227,185
228,224
229,229
230,144
231,164
232,235
233,215
234,202
235,208
236,143
237,219
238,164
239,232
240,220
241,154
242,248
243,182
244,241
245,206
246,225
247,249
248,200
249,204
250,183
251,123
252,198
253,205
254,231
255,249
256,254
257,208
258,187
259,191
260,146
261,208
262,229
263,73
264,211
265,221
266,174
267,152
268,225
269,177
270,66
271,206
272,199
273,252
274,194
275,204
276,205
277,93
278,250
279,175
280,108
281,200
282,232
283,195
284,134
285,220
286,198
287,218
288,218
289,206
290,159
291,224
292,170
293,112
294,196
295,156
296,110
297,120
298,64
299,216
300,188
301,186
302,244
303,152
304,228
305,225
306,154
307,206
308,213
309,249
310,219
311,166
312,166
313,248
314,253
315,167
316,109
317,145
318,229
319,197
320,183
321,126
322,167
323,213
324,194
325,236
326,109
327,247
328,212
329,126
330,235
331,251
332,116
333,218
334,227
335,222
336,178
337,211
338,224
339,138
340,117
341,252
342,237
343,220
344,158
345,172
346,146
347,105
348,83
349,65
350,124
351,193
352,151
353,145
354,204
355,211
356,198
357,214
358,220
359,154
360,207
361,182
362,209
363,137
364,234
365,197
366,202
367,238
368,242
369,12
370,170
371,202
372,58
373,138
374,249
375,144
376,191
377,234
378,128
379,220
380,199
381,120
382,154
383,217
384,164
385,252
386,200
387,112
388,165
389,228
390,238
391,187
392,244
393,146
394,155
395,0
396,216
397,212
398,157
399,236
400,98
401,199
402,219
403,182
404,177
405,214
406,233
407,95
408,205
409,226
410,200
411,147
412,229
413,251
414,195
415,97
416,165
417,111
418,215
419,97
420,222
421,208
422,213
423,237
424,216
425,240
426,227
427,90
428,165
429,178
430,233
431,226
432,204
433,245
434,202
435,163
436,153
437,213
438,196
439,217
440,188
441,138
442,215
443,158
444,177
445,190
446,0
447,203
448,126
449,224
450,81
451,202
452,204
453,137
454,230
455,221
456,204
457,246
458,223
459,252
460,242
461,243
462,250
463,183
464,207
465,153
466,174
467,159
468,88
469,179
470,107
471,187
472,186
473,148
474,192
475,245
476,209
477,187
478,226
479,139
480,162
481,248
482,246
483,245
484,133
485,165
486,227
487,0
488,169
489,236
490,174
491,149
492,198
493,14
494,179
495,159
496,230
497,225
498,242
499,234
500,199
501,205
502,237
503,247
504,128
505,242
506,122
507,210
508,131
509,25
510,225
511,229
512,228
513,251
514,171
515,231
516,172
517,166
518,118
519,223
520,37
521,218
522,199
523,99
524,187
525,238
526,219
527,229
528,189
529,224
530,190
531,214
532,122
533,194
534,250
535,89
536,227
537,235
538,127
539,126
540,172
541,245
542,217
543,208
544,232
545,113
546,182
547,100
548,126
549,256
550,169
551,146
552,221
553,155
554,110
555,205
556,0
557,237
558,144
559,188
560,188
561,219
562,191
563,103
564,222
565,171
566,251
567,254
568,223
569,246
570,202
571,114
572,223
573,238
574,198
575,194
576,226
577,121
578,233
579,255
580,150
581,65
582,219
583,254
584,249
585,117
586,187
587,217
588,140
589,109
590,235
591,232
592,249
593,145
594,175
595,240
596,235
597,248
598,171
599,236
600,147
601,212
602,123
603,224
604,162
605,147
606,172
607,200
608,210
609,110
610,222
611,251
612,165
613,248
614,58
615,253
616,146
617,152
618,126
619,143
620,204
621,219
622,133
623,234
624,138
625,189
626,219
627,201
628,218
629,148
630,193
631,189
632,232
633,228
634,217
635,204
636,171
637,89
638,88
639,233
640,59
641,188
642,180
643,166
644,235
645,231
646,239
647,198
648,176
649,201
650,166
651,251
652,125
653,123
654,0
655,213
656,133
657,250
658,239
659,104
660,217
661,211
662,179
663,202
664,230
665,119
666,233
667,87
668,213
669,104
670,198
671,221
672,40
673,239
674,193
675,216
676,153
677,142
678,198
679,224
680,245
681,153
682,248
683,149
684,201
685,229
686,165
687,192
688,198
689,149
690,241
691,230
692,199
693,186
694,168
695,224
696,109
697,238
698,24
699,124
700,210
701,226
702,163
703,255
704,199
705,222
706,90
707,247
708,110
709,152
710,248
711,248
712,253
713,221
714,144
715,180
716,140
717,217
718,125
719,109
720,138
721,226
722,55
723,220
724,222
725,175
726,125
727,254
728,29
729,206
730,205
731,34
732,226
733,108
734,242
735,144
736,165
737,183
738,216
739,181
740,241
741,228
742,54
743,140
744,212
745,166
746,124
747,255
748,203
749,240
750,187
751,9
752,216
753,120
754,250
755,54
756,229
757,211
758,195
759,234
760,189
761,113
762,205
763,231
764,185
765,243
766,180
767,203
768,149
769,225
770,188
771,222
772,148
773,235
774,206
775,133
776,192
777,234
778,210
779,119
780,222
781,174
782,96
783,243
784,212
785,251
786,239
787,112
788,115
789,231
790,253
791,114
792,184
793,239
794,201
795,221
796,136
797,174
798,231
799,256
800,159
801,237
802,210
803,151
804,168
805,220
806,243
807,202
808,250
809,223
810,219
811,136
812,172
813,235
814,180
815,213
816,205
817,132
818,63
819,210
820,251
821,234
822,0
823,219
824,224
825,205
826,196
827,234
828,198
829,242
830,170
831,183
832,210
833,86
834,179
835,91
836,190
837,133
838,181
839,158
840,234
841,237
842,239
843,233
844,202
845,238
846,102
847,203
848,233
849,185
850,210
851,169
852,178
853,249
854,168
855,146
856,73
857,247
858,181
859,144
860,238
861,203
862,169
863,221
864,170
865,138
866,223
867,239
868,144
869,230
870,199
871,228
872,212
873,205
874,242
875,241
876,200
877,222
878,210
879,227
880,239
881,160
882,0
883,230
884,175
885,210
886,150
887,217
888,190
889,72
890,250
891,218
892,205
893,194
894,176
895,254
896,240
897,224
898,156
899,172
900,156
901,201
902,200
903,141
904,83
905,193
906,126
907,20
908,195
909,233
910,210
911,199
912,70
913,160
914,246
915,220
916,140
917,175
918,181
919,194
920,223
921,176
922,188
923,244
924,251
925,160
926,226
927,147
928,239
929,226
930,229
931,234
932,173
933,241
934,174
935,237
936,230
937,148
938,85
939,250
940,232
941,224
942,93
943,159
944,207
945,240
946,217
947,167
948,185
949,256
950,169
951,241
952,196
953,232
954,243
955,144
956,236
957,246
958,212
959,200
960,222
961,250
962,250
963,158
964,187
965,195
966,250
967,253
968,218
969,184
970,215
971,122
972,202
973,128
974,179
975,169
976,228
977,149
978,226
979,236
980,63
981,255
982,178
983,228
984,238
985,115
986,0
987,238
988,159
989,175
990,138
991,164
992,144
993,222
994,204
995,194
996,195
997,218
998,169
999,251
1000,243
1001,178
1002,250
1003,104
1004,191
1005,166
1006,206
1007,197
1008,157
1009,133
1010,104
1011,174
1012,248
1013,219
1014,224
1015,176
1016,219
1017,215
1018,179
1019,228
1020,205
1021,40
1022,243
1023,180
1024,118
1025,254
1026,156
1027,227
1028,251
1029,198
1030,205
1031,118
1032,112
1033,249
1034,192
1035,248
1036,114
1037,65
1038,182
1039,108
1040,185
1041,176
1042,181
1043,206
1044,153
1045,214
1046,170
1047,187
1048,167
1049,131
1050,214
1051,256
1052,220
1053,140
1054,125
1055,147
1056,181
1057,247
1058,158
1059,202
1060,215
1061,155
1062,210
1063,218
1064,201
1065,234
1066,64
1067,217
1068,223
1069,247
1070,252
1071,174
1072,146
1073,223
1074,45
1075,254
1076,229
1077,251
1078,215
1079,248
1080,155
1081,204
1082,150
1083,176
1084,226
1085,180
1086,199
1087,169
1088,65
1089,188
1090,122
1091,180
1092,92
1093,112
1094,122
1095,218
1096,111
1097,128
1098,127
1099,195
1100,211
1101,235
1102,136
1103,162
1104,243
1105,153
1106,177
1107,250
1108,227
1109,227
1110,254
1111,233
1112,248
1113,237
1114,159
1115,223
1116,177
1117,167
1118,175
1119,202
1120,225
1121,153
1122,158
1123,180
1124,135
1125,243
1126,27
1127,177
1128,92
1129,209
1130,249
1131,256
1132,203
1133,240
1134,116
1135,208
1136,170
1137,173
1138,177
1139,102
1140,234
1141,237
1142,236
1143,131
1144,130
1145,178
1146,185
1147,183
1148,177
1149,155
1150,128
1151,245
1152,119
1153,216
1154,246
1155,159
1156,253
1157,234
1158,210
1159,243
1160,189
1161,231
1162,172
1163,226
1164,136
1165,146
1166,238
1167,200
1168,160
1169,155
1170,236
1171,167
1172,190
1173,211
1174,183
1175,232
1176,132
1177,227
1178,189
1179,245
1180,104
1181,170
1182,182
1183,225
1184,156
1185,240
1186,256
1187,139
1188,123
1189,210
1190,234
1191,233
1192,206
1193,252
1194,248
1195,228
1196,160
1197,183
1198,153
1199,37
1200,87
1201,255
1202,231
1203,229
1204,98
1205,235
1206,224
1207,216
1208,147
1209,237
1210,183
1211,181
1212,213
1213,103
1214,249
1215,0
1216,228
1217,0
1218,183
1219,243
1220,246
1221,171
1222,117
1223,226
1224,138
1225,78
1226,186
1227,168
1228,42
1229,170
1230,164
1231,195
1232,156
1233,240
1234,63
1235,98
1236,130
1237,118
1238,217
1239,243
1240,172
1241,228
1242,197
1243,207
1244,167
1245,85
1246,255
1247,241
1248,170
1249,216
1250,175
1251,189
1252,175
1253,241
1254,212
1255,197
1256,220
1257,157
1258,216
1259,244
1260,236
1261,241
1262,98
1263,252
1264,214
1265,188
1266,214
1267,208
1268,178
1269,240
1270,167
1271,216
1272,216
1273,233
1274,111
1275,181
1276,95
1277,228
1278,219
1279,196
1280,156
1281,190
1282,132
1283,182
1284,244
1285,48
1286,180
1287,51
1288,163
1289,208
1290,151
1291,113
1292,151
1293,121
1294,212
1295,177
1296,232
1297,239
1298,169
1299,252
1300,53
1301,234
1302,214
1303,208
1304,221
1305,113
1306,107
1307,196
1308,147
1309,174
1310,197
1311,202
1312,212
1313,173
1314,220
1315,256
1316,216
1317,199
1318,191
1319,104
1320,198
1321,107
1322,215
1323,243
1324,34
1325,160
1326,186
1327,252
1328,183
1329,222
1330,190
1331,199
1332,255
1333,218
1334,241
1335,177
1336,197
1337,112
1338,198
1339,178
1340,246
1341,254
1342,202
1343,221
1344,237
1345,220
1346,197
1347,255
1348,184
1349,190
1350,230
1351,235
1352,164
1353,230
1354,238
1355,79
1356,174
1357,144
1358,202
1359,92
1360,236
1361,235
1362,202
1363,198
1364,162
1365,180
1366,64
1367,238
1368,154
1369,236
1370,241
1371,175
1372,253
1373,166
1374,192
1375,212
1376,207
1377,209
1378,10
1379,178
1380,218
1381,200
1382,185
1383,238
1384,40
1385,152
1386,164
1387,202
1388,66
1389,247
1390,216
1391,200
1392,111
1393,239
1394,223
1395,222
1396,200
1397,242
1398,142
1399,188
1400,113
1401,219
1402,168
1403,176
1404,156
1405,198
1406,255
1407,0
1408,118
1409,120
1410,182
1411,230
1412,229
1413,228
1414,206
1415,226
1416,97
1417,233
1418,143
1419,58
1420,216
1421,225
1422,213
1423,256
1424,135
1425,193
1426,243
1427,135
1428,146
1429,191
1430,235
1431,125
1432,165
1433,238
1434,196
1435,150
1436,243
1437,229
1438,150
1439,219
1440,211
1441,243
1442,116
1443,251
1444,125
1445,246
1446,227
1447,222
1448,225
1449,180
1450,174
1451,173
1452,238
1453,163
1454,226
1455,223
1456,242
1457,164
1458,217
1459,183
1460,123
1461,202
1462,240
1463,215
1464,37
1465,222
1466,249
1467,217
1468,138
1469,189
1470,129
1471,244
1472,215
1473,227
1474,0
1475,206
1476,157
1477,213
1478,190
1479,182
1480,202
1481,11
1482,217
1483,139
1484,203
1485,201
1486,177
1487,251
1488,168
1489,215
1490,179
1491,251
1492,190
1493,251
1494,164
1495,233
1496,228
1497,200
1498,149
1499,202
1500,66
1501,197
1502,98
1503,161
1504,175
1505,132
1506,86
1507,222
1508,247
1509,182
1510,96
1511,240
1512,95
1513,141
1514,220
1515,169
1516,204
1517,196
1518,231
1519,203
1520,209
1521,215
1522,242
1523,249
1524,165
1525,223
1526,223
1527,173
1528,170
1529,195
1530,165
1531,222
1532,147
1533,4
1534,150
1535,200
1536,235
1537,166
1538,152
1539,236
1540,181
1541,251
1542,249
1543,218
1544,209
1545,150
1546,243
1547,160
1548,176
1549,138
1550,167
1551,155
1552,226
1553,220
1554,112
1555,225
1556,89
1557,198
1558,213
1559,177
1560,189
1561,169
1562,255
1563,197
1564,241
1565,165
1566,235
1567,236
1568,216
1569,169
1570,243
1571,240
1572,199
1573,219
1574,159
1575,201
1576,177
1577,235
1578,197
1579,242
1580,233
1581,232
1582,161
1583,198
1584,125
1585,169
1586,239
1587,231
1588,223
1589,209
1590,241
1591,191
1592,151
1593,139
1594,167
1595,233
1596,208
1597,141
1598,184
1599,155
1600,190
1601,182
1602,200
1603,203
1604,199
1605,245
1606,96
1607,225
1608,121
1609,188
1610,136
1611,213
1612,254
1613,206
1614,233
1615,163
1616,155
1617,154
1618,190
1619,222
1620,230
1621,101
1622,185
1623,199
1624,154
1625,186
1626,155
1627,201
1628,238
1629,112
1630,234
1631,241
1632,191
1633,220
1634,110
1635,201
1636,181
1637,207
1638,62
1639,117
1640,170
1641,212
1642,242
1643,63
1644,181
1645,251
1646,106
1647,228
1648,228
1649,191
1650,239
1651,221
1652,138
1653,155
1654,105
1655,242
1656,154
1657,224
1658,96
1659,171
1660,162
1661,249
1662,139
1663,126
1664,190
1665,240
1666,138
1667,172
1668,211
1669,119
1670,226
1671,140
1672,210
1673,56
1674,216
1675,206
1676,218
1677,221
1678,220
1679,53
1680,124
1681,224
1682,210
1683,158
1684,174
1685,192
1686,238
1687,225
1688,248
1689,204
1690,231
1691,0
1692,157
1693,143
1694,157
1695,88
1696,197
1697,165
1698,219
1699,217
1700,213
1701,251
1702,252
1703,241
1704,256
1705,195
1706,243
1707,256
1708,233
1709,236
1710,191
1711,212
1712,171
1713,166
1714,136
1715,172
1716,122
1717,191
1718,215
1719,195
1720,222
1721,175
1722,219
1723,93
1724,256
1725,226
1726,180
1727,229
1728,218
1729,231
1730,153
1731,198
1732,218
1733,42
1734,145
1735,58
1736,205
1737,252
1738,165
1739,246
1740,202
1741,89
1742,254
1743,187
1744,180
1745,131
1746,183
1747,188
1748,220
1749,152
1750,230
1751,151
1752,153
1753,223
1754,252
1755,207
1756,216
1757,189
1758,244
1759,206
1760,27
1761,16
1762,250
1763,188
1764,179
1765,85
1766,251
1767,188
1768,155
1769,224
1770,12
1771,206
1772,25
1773,164
1774,75
1775,165
1776,139
1777,227
1778,126
1779,173
1780,255
1781,93
1782,205
1783,199
1784,90
1785,172
1786,195
1787,240
1788,193
1789,249
1790,195
1791,136
1792,68
1793,183
1794,0
1795,74
1796,205
1797,43
1798,166
1799,199
1800,146
1801,201
1802,176
1803,100
1804,111
1805,182
1806,85
1807,156
1808,199
1809,130
1810,179
1811,219
1812,213
1813,213
1814,196
1815,213
1816,139
1817,108
1818,94
1819,242
1820,217
1821,123
1822,198
1823,241
1824,203
1825,210
1826,230
1827,188
1828,184
1829,70
1830,116
1831,200
1832,198
1833,246
1834,92
1835,160
1836,221
1837,195
1838,208
1839,77
1840,225
1841,179
1842,246
1843,144
1844,252
1845,0
1846,120
1847,208
1848,114
1849,181
1850,236
1851,118
1852,205
1853,203
1854,143
1855,211
1856,187
1857,213
1858,239
1859,180
1860,159
1861,187
1862,127
1863,181
1864,183
1865,207
1866,178
1867,253
1868,204
1869,233
1870,195
1871,165
1872,65
1873,192
1874,220
1875,237
1876,51
1877,211
1878,241
1879,159
1880,122
1881,84
1882,217
1883,173
1884,247
1885,77
1886,120
1887,248
1888,146
1889,138
1890,231
1891,122
1892,119
1893,211
1894,253
1895,222
1896,196
1897,215
1898,205
1899,171
1900,185
1901,245
1902,208
1903,177
1904,205
1905,188
1906,215
1907,218
1908,181
1909,137
1910,199
1911,210
1912,171
1913,105
1914,136
1915,155
1916,223
1917,217
1918,141
1919,166
1920,234
1921,220
1922,217
1923,195
1924,135
1925,193
1926,216
1927,144
1928,171
1929,204
1930,142
1931,255
1932,234
1933,235
1934,197
1935,242
1936,203
1937,204
1938,39
1939,85
1940,164
1941,230
1942,204
1943,182
1944,246
1945,162
1946,127
1947,206
1948,244
1949,78
1950,167
1951,161
1952,180
1953,0
1954,242
1955,137
1956,178
1957,226
1958,145
1959,130
1960,140
1961,59
1962,156
1963,125
1964,100
1965,177
1966,216
1967,199
1968,242
1969,255
1970,240
1971,253
1972,209
1973,124
1974,231
1975,8
1976,187
1977,231
1978,193
1979,243
1980,192
1981,221
1982,229
1983,228
1984,220
1985,75
1986,241
1987,197
1988,237
1989,196
1990,240
1991,177
1992,242
1993,140
1994,55
1995,207
1996,105
1997,188
1998,205
1999,192
2000,197
2001,225
2002,205
2003,223
2004,164
2005,170
2006,202
2007,226
2008,218
2009,225
2010,223
2011,233
2012,237
2013,223
2014,180
2015,170
2016,234
2017,212
2018,192
2019,231
2020,173
2021,243
2022,85
2023,208
2024,199
2025,240
2026,221
2027,118
2028,208
2029,89
2030,254
2031,228
2032,220
2033,233
2034,181
2035,220
2036,128
2037,119
2038,161
2039,192
2040,132
2041,225
2042,16
2043,170
2044,245
2045,95
2046,256
2047,246
2048,186
2049,157
2050,54
2051,157
2052,144
2053,213
2054,206
2055,229
2056,209
2057,225
2058,216
2059,220
2060,138
2061,221
2062,66
2063,39
2064,80
2065,242
2066,189
2067,132
2068,50
2069,120
2070,173
2071,210
2072,189
2073,220
2074,253
2075,245
2076,156
2077,107
2078,242
2079,128
2080,200
2081,236
2082,226
2083,199
2084,216
2085,140
2086,153
2087,170
2088,216
2089,234
2090,142
2091,254
2092,155
2093,237
2094,217
2095,195
2096,241
2097,193
2098,177
2099,130
2100,201
2101,246
2102,168
2103,143
2104,197
2105,108
2106,242
2107,220
2108,157
2109,240
2110,153
2111,206
2112,152
2113,180
2114,210
2115,233
2116,208
2117,244
2118,228
2119,247
2120,173
2121,32
2122,217
2123,138
2124,229
2125,226
2126,177
2127,161
2128,155
2129,170
2130,232
2131,56
2132,148
2133,140
2134,163
2135,191
2136,229
2137,158
2138,256
2139,207
2140,183
2141,222
2142,178
2143,224
2144,231
2145,226
2146,153
2147,171
2148,220
2149,214
2150,202
2151,254
2152,162
2153,213
2154,237
2155,244
2156,246
2157,205
2158,156
2159,167
2160,119
2161,187
2162,68
2163,224
2164,234
2165,170
2166,234
2167,164
2168,190
2169,252
2170,227
2171,187
2172,106
2173,157
2174,186
2175,120
2176,244
2177,251
2178,204
2179,214
2180,256
2181,192
2182,159
2183,144
2184,154
2185,194
2186,149
2187,15
2188,208
2189,202
2190,159
2191,212
2192,149
2193,83
2194,251
2195,81
2196,99
2197,219
2198,83
2199,153
2200,174
2201,193
2202,242
2203,78
2204,171
2205,162
2206,242
2207,178
2208,171
2209,151
2210,139
2211,237
2212,108
2213,168
2214,225
2215,256
2216,220
2217,236
2218,211
2219,145
2220,192
2221,239
2222,220
2223,180
2224,61
2225,224
2226,216
2227,126
2228,156
2229,177
2230,246
2231,230
2232,127
2233,185
2234,153
2235,236
2236,117
2237,242
2238,218
2239,152
2240,139
2241,168
2242,195
2243,180
2244,146
2245,197
2246,162
2247,211
2248,223
2249,127
2250,225
2251,255
2252,115
2253,214
2254,250
2255,220
2256,127
2257,227
2258,185
2259,55
2260,207
2261,202
2262,232
2263,142
2264,243
2265,104
2266,218
2267,211
2268,0
2269,172
2270,161
2271,93
2272,250
2273,170
2274,231
2275,130
2276,256
2277,234
2278,162
2279,176
2280,222
2281,118
2282,166
2283,86
2284,252
2285,237
2286,143
2287,213
2288,232
2289,232
2290,194
2291,198
2292,243
2293,87
2294,156
2295,163
2296,104
2297,159
2298,252
2299,227
2300,194
2301,205
2302,250
2303,245
2304,234
2305,235
2306,172
2307,145
2308,202
2309,211
2310,177
2311,152
2312,249
2313,226
2314,251
2315,256
2316,195
2317,10
2318,109
2319,215
2320,199
2321,226
2322,238
2323,246
2324,245
2325,214
2326,148
2327,221
2328,99
2329,192
2330,184
2331,187
2332,189
2333,190
2334,236
2335,175
2336,158
2337,223
2338,196
2339,111
2340,237
2341,186
2342,256
2343,198
2344,208
2345,224
2346,230
2347,214
2348,239
2349,188
2350,161
2351,242
2352,21
2353,135
2354,143
2355,235
2356,228
2357,215
2358,206
2359,54
2360,224
2361,122
2362,93
2363,232
2364,210
2365,181
2366,136
2367,246
2368,101
2369,115
2370,240
2371,215
2372,126
2373,245
2374,230
2375,231
2376,214
2377,0
2378,255
2379,249
2380,204
2381,187
2382,93
2383,237
2384,244
2385,208
2386,175
2387,209
2388,233
2389,146
2390,235
2391,120
2392,166
2393,189
2394,128
2395,110
2396,160
2397,246
2398,176
2399,222
