0,171
1,181
2,185
3,218
4,194
5,47
6,195
7,241
8,230
9,152
10,138
11,235
12,203
13,174
14,234
15,162
16,186
17,207
18,230
19,239
20,241
21,118
22,175
23,206
24,243
25,235
26,15
27,40
28,211
29,169
30,25
31,183
32,173
33,241
34,234
35,229
36,237
37,222
38,206
39,236
40,204
41,250
42,222
43,81
44,224
45,213
46,175
47,237
48,138
49,182
50,177
51,218
52,87
53,211
54,219
55,185
56,174
57,181
58,204
59,253
60,234
61,155
62,193
63,226
64,202
65,225
66,251
67,239
68,185
69,170
70,208
71,209
72,173
73,230
74,240
75,122
76,225
77,0
78,210
79,190
80,241
81,245
82,129
83,167
84,217
85,195
86,152
87,209
88,148
89,209
90,191
91,245
92,184
93,165
94,91
95,218
96,235
97,163
98,245
99,194
100,256
101,250
102,201
103,93
104,243
105,208
106,211
107,213
108,159
109,0
110,175
111,163
112,210
113,232
114,247
115,228
116,223
117,194
118,231
119,234
120,165
121,202
122,97
123,58
124,199
125,207
126,219
127,106
128,202
129,166
130,163
131,201
132,230
133,243
134,153
135,215
136,148
137,188
138,146
139,161
140,253
141,233
142,220
143,106
144,185
145,176
146,184
147,179
148,212
149,198
150,115
151,213
152,233
153,183
154,179
155,236
156,249
157,158
158,54
159,109
160,229
161,178
162,221
163,157
164,248
165,44
166,116
167,172
168,152
169,252
170,219
171,121
172,207
173,126
174,218
175,189
176,214
177,209
178,205
179,0
180,123
181,76
182,190
183,230
184,199
185,206
186,225
187,160
188,159
189,225
190,250
191,226
192,123
193,252
194,187
195,240
196,129
197,189
198,150
199,198
200,211
201,218
202,193
203,123
204,252
205,154
206,195
207,220
208,224
209,137
210,161
211,203
212,243
213,233
214,109
215,195
216,219
217,188
218,224
219,178
220,150
221,228
222,212
223,89
224,227
225,252
226,245
227,185
228,222
229,232
230,154
231,171
232,237
233,215
234,187
235,203
236,173
237,206
238,110
239,234
240,222
241,162
242,247
243,189
244,239
245,177
246,225
247,251
248,200
249,206
250,178
251,139
252,196
253,188
254,227
255,249
256,254
257,216
258,191
259,186
260,146
261,202
262,233
263,45
264,209
265,224
266,208
267,146
268,211
269,160
270,184
271,208
272,198
273,252
274,201
275,191
276,214
277,82
278,246
279,179
280,107
281,208
282,222
283,204
284,151
285,220
286,199
287,219
288,216
289,207
290,189
291,222
292,170
293,116
294,200
295,173
296,133
297,85
298,103
299,204
300,171
301,192
302,239
303,136
304,231
305,223
306,158
307,217
308,218
309,249
310,226
311,169
312,173
313,247
314,253
315,198
316,111
317,125
318,222
319,199
320,220
321,24
322,172
323,217
324,199
325,227
326,114
327,246
328,215
329,136
330,231
331,252
332,80
333,227
334,222
335,221
336,189
337,216
338,228
339,119
340,122
341,251
342,237
343,211
344,163
345,172
346,143
347,130
348,67
349,63
350,112
351,176
352,106
353,156
354,203
355,206
356,201
357,208
358,219
359,125
360,210
361,202
362,201
363,154
364,230
365,204
366,184
367,229
368,240
369,0
370,171
371,207
372,90
373,172
374,251
375,141
376,207
377,237
378,127
379,227
380,170
381,98
382,142
383,225
384,156
385,252
386,195
387,109
388,164
389,227
390,241
391,187
392,236
393,145
394,171
395,0
396,216
397,215
398,159
399,234
400,51
401,181
402,217
403,171
404,156
405,212
406,227
407,65
408,197
409,228
410,213
411,142
412,231
413,250
414,197
415,101
416,120
417,121
418,219
419,130
420,231
421,180
422,216
423,241
424,200
425,239
426,229
427,69
428,133
429,190
430,227
431,228
432,180
433,246
434,195
435,169
436,114
437,198
438,189
439,233
440,211
441,160
442,200
443,146
444,178
445,185
446,24
447,207
448,120
449,224
450,71
451,183
452,197
453,156
454,229
455,226
456,198
457,250
458,216
459,251
460,238
461,244
462,248
463,192
464,217
465,180
466,172
467,171
468,85
469,161
470,121
471,190
472,202
473,139
474,186
475,218
476,210
477,168
478,228
479,133
480,151
481,238
482,246
483,249
484,152
485,149
486,224
487,6
488,172
489,232
490,194
491,149
492,206
493,12
494,173
495,153
496,231
497,229
498,238
499,233
500,189
501,215
502,247
503,245
504,148
505,245
506,114
507,207
508,147
509,73
510,224
511,226
512,219
513,250
514,171
515,235
516,188
517,208
518,108
519,228
520,12
521,222
522,183
523,91
524,195
525,212
526,228
527,221
528,188
529,212
530,191
531,212
532,118
533,194
534,249
535,56
536,229
537,235
538,136
539,155
540,173
541,247
542,216
543,184
544,229
545,151
546,196
547,126
548,117
549,256
550,176
551,151
552,223
553,154
554,87
555,204
556,0
557,234
558,141
559,187
560,117
561,200
562,192
563,111
564,223
565,175
566,226
567,254
568,215
569,245
570,216
571,105
572,206
573,234
574,208
575,200
576,221
577,107
578,233
579,255
580,160
581,108
582,196
583,251
584,244
585,112
586,199
587,222
588,127
589,75
590,240
591,232
592,250
593,127
594,172
595,233
596,243
597,247
598,163
599,240
600,121
601,211
602,129
603,215
604,163
605,160
606,191
607,177
608,216
609,128
610,223
611,251
612,195
613,246
614,68
615,253
616,142
617,114
618,104
619,133
620,198
621,214
622,128
623,235
624,172
625,196
626,209
627,205
628,211
629,198
630,201
631,201
632,233
633,235
634,216
635,198
636,167
637,92
638,74
639,225
640,44
641,143
642,182
643,82
644,239
645,227
646,240
647,218
648,161
649,184
650,186
651,251
652,109
653,134
654,0
655,214
656,125
657,245
658,242
659,18
660,227
661,208
662,177
663,185
664,231
665,99
666,234
667,66
668,197
669,72
670,197
671,225
672,49
673,240
674,196
675,213
676,179
677,153
678,209
679,223
680,243
681,146
682,245
683,165
684,202
685,224
686,139
687,202
688,204
689,121
690,226
691,231
692,207
693,191
694,157
695,222
696,102
697,235
698,0
699,168
700,224
701,235
702,168
703,254
704,182
705,224
706,116
707,247
708,0
709,163
710,248
711,248
712,252
713,209
714,140
715,167
716,166
717,217
718,91
719,98
720,114
721,228
722,61
723,223
724,216
725,168
726,141
727,254
728,44
729,200
730,202
731,4
732,232
733,53
734,240
735,157
736,197
737,167
738,218
739,214
740,230
741,230
742,54
743,114
744,203
745,162
746,110
747,255
748,199
749,242
750,191
751,0
752,217
753,122
754,249
755,41
756,229
757,211
758,194
759,236
760,182
761,136
762,202
763,224
764,197
765,242
766,158
767,206
768,158
769,225
770,181
771,222
772,145
773,234
774,208
775,131
776,204
777,227
778,200
779,117
780,220
781,185
782,81
783,241
784,215
785,250
786,239
787,150
788,54
789,228
790,253
791,99
792,187
793,238
794,195
795,204
796,126
797,172
798,229
799,256
800,148
801,236
802,214
803,149
804,164
805,210
806,247
807,206
808,248
809,224
810,224
811,145
812,184
813,234
814,182
815,214
816,210
817,142
818,76
819,210
820,251
821,224
822,0
823,219
824,232
825,204
826,177
827,232
828,198
829,237
830,157
831,190
832,216
833,70
834,163
835,53
836,165
837,123
838,170
839,159
840,233
841,234
842,237
843,225
844,195
845,235
846,118
847,193
848,237
849,167
850,213
851,178
852,186
853,249
854,163
855,128
856,79
857,245
858,182
859,112
860,237
861,208
862,182
863,223
864,175
865,136
866,217
867,238
868,185
869,227
870,200
871,230
872,219
873,193
874,243
875,243
876,208
877,218
878,201
879,213
880,221
881,153
882,2
883,232
884,187
885,218
886,70
887,221
888,189
889,50
890,250
891,220
892,202
893,187
894,167
895,252
896,238
897,230
898,180
899,156
900,114
901,201
902,203
903,156
904,108
905,192
906,120
907,34
908,195
909,228
910,195
911,208
912,53
913,155
914,242
915,219
916,151
917,172
918,159
919,208
920,213
921,168
922,190
923,242
924,246
925,173
926,234
927,139
928,241
929,230
930,226
931,234
932,184
933,239
934,173
935,230
936,229
937,144
938,17
939,252
940,237
941,211
942,113
943,169
944,203
945,241
946,219
947,170
948,159
949,256
950,163
951,239
952,164
953,236
954,241
955,143
956,238
957,245
958,212
959,184
960,223
961,251
962,250
963,174
964,187
965,202
966,249
967,253
968,232
969,160
970,206
971,132
972,182
973,137
974,170
975,157
976,231
977,161
978,227
979,238
980,50
981,255
982,174
983,229
984,241
985,78
986,0
987,239
988,142
989,172
990,146
991,154
992,139
993,243
994,196
995,185
996,204
997,219
998,179
999,250
1000,240
1001,200
1002,249
1003,42
1004,193
1005,177
1006,182
1007,197
1008,163
1009,104
1010,58
1011,183
1012,247
1013,217
1014,233
1015,186
1016,220
1017,231
1018,200
1019,231
1020,215
1021,131
1022,243
1023,187
1024,127
1025,254
1026,182
1027,223
1028,248
1029,178
1030,158
1031,113
1032,86
1033,248
1034,185
1035,248
1036,79
1037,31
1038,187
1039,144
1040,194
1041,167
1042,176
1043,216
1044,144
1045,222
1046,189
1047,194
1048,157
1049,132
1050,226
1051,255
1052,220
1053,109
1054,150
1055,128
1056,188
1057,242
1058,109
1059,196
1060,225
1061,147
1062,216
1063,222
1064,207
1065,240
1066,74
1067,205
1068,233
1069,249
1070,252
1071,186
1072,116
1073,208
1074,42
1075,253
1076,222
1077,252
1078,215
1079,246
1080,162
1081,216
1082,171
1083,189
1084,226
1085,158
1086,155
1087,178
1088,31
1089,194
1090,119
1091,183
1092,62
1093,102
1094,118
1095,186
1096,100
1097,106
1098,140
1099,189
1100,216
1101,238
1102,140
1103,160
1104,240
1105,153
1106,176
1107,250
1108,240
1109,228
1110,254
1111,233
1112,248
1113,242
1114,139
1115,218
1116,184
1117,143
1118,184
1119,210
1120,227
1121,127
1122,158
1123,129
1124,167
1125,239
1126,31
1127,189
1128,102
1129,215
1130,249
1131,256
1132,229
1133,235
1134,65
1135,210
1136,171
1137,177
1138,191
1139,109
1140,226
1141,237
1142,235
1143,123
1144,124
1145,177
1146,189
1147,188
1148,175
1149,160
1150,42
1151,244
1152,112
1153,213
1154,243
1155,179
1156,253
1157,236
1158,218
1159,240
1160,187
1161,228
1162,170
1163,226
1164,113
1165,136
1166,241
1167,183
1168,149
1169,178
1170,240
1171,158
1172,165
1173,202
1174,188
1175,235
1176,124
1177,230
1178,193
1179,245
1180,106
1181,144
1182,149
1183,216
1184,140
1185,244
1186,256
1187,139
1188,99
1189,209
1190,243
1191,232
1192,201
1193,250
1194,247
1195,228
1196,149
1197,165
1198,137
1199,0
1200,106
1201,255
1202,216
1203,230
1204,113
1205,234
1206,222
1207,216
1208,174
1209,232
1210,194
1211,180
1212,215
1213,147
1214,247
1215,0
1216,228
1217,0
1218,191
1219,242
1220,246
1221,152
1222,127
1223,208
1224,130
1225,85
1226,169
1227,156
1228,50
1229,148
1230,158
1231,187
1232,150
1233,236
1234,95
1235,72
1236,144
1237,115
1238,215
1239,233
1240,192
1241,231
1242,201
1243,216
1244,176
1245,65
1246,254
1247,243
1248,169
1249,210
1250,182
1251,180
1252,195
1253,245
1254,209
1255,183
1256,223
1257,138
1258,222
1259,244
1260,236
1261,243
1262,72
1263,253
1264,203
1265,196
1266,167
1267,199
1268,174
1269,241
1270,150
1271,215
1272,214
1273,237
1274,88
1275,195
1276,129
1277,204
1278,219
1279,199
1280,154
1281,192
1282,134
1283,183
1284,242
1285,0
1286,181
1287,48
1288,129
1289,204
1290,150
1291,103
1292,151
1293,106
1294,212
1295,175
1296,232
1297,237
1298,161
1299,250
1300,24
1301,236
1302,207
1303,173
1304,223
1305,115
1306,120
1307,201
1308,140
1309,173
1310,198
1311,157
1312,189
1313,134
1314,213
1315,256
1316,221
1317,179
1318,165
1319,117
1320,199
1321,108
1322,205
1323,243
1324,75
1325,152
1326,189
1327,252
1328,189
1329,225
1330,200
1331,201
1332,255
1333,224
1334,238
1335,185
1336,189
1337,112
1338,214
1339,121
1340,248
1341,254
1342,210
1343,206
1344,237
1345,221
1346,191
1347,254
1348,173
1349,191
1350,231
1351,241
1352,167
1353,236
1354,236
1355,66
1356,164
1357,139
1358,162
1359,108
1360,233
1361,244
1362,212
1363,169
1364,154
1365,172
1366,92
1367,233
1368,151
1369,235
1370,238
1371,179
1372,250
1373,202
1374,204
1375,207
1376,209
1377,213
1378,19
1379,182
1380,196
1381,202
1382,181
1383,236
1384,18
1385,161
1386,114
1387,206
1388,31
1389,247
1390,217
1391,208
1392,97
1393,236
1394,217
1395,224
1396,205
1397,238
1398,136
1399,179
1400,131
1401,221
1402,128
1403,166
1404,134
1405,172
1406,255
1407,0
1408,119
1409,118
1410,180
1411,231
1412,229
1413,218
1414,191
1415,224
1416,79
1417,236
1418,155
1419,0
1420,213
1421,219
1422,179
1423,256
1424,124
1425,185
1426,242
1427,132
1428,128
1429,190
1430,229
1431,133
1432,169
1433,235
1434,193
1435,151
1436,243
1437,232
1438,122
1439,228
1440,207
1441,243
1442,145
1443,250
1444,162
1445,243
1446,228
1447,198
1448,223
1449,173
1450,197
1451,147
1452,240
1453,159
1454,226
1455,200
1456,243
1457,182
1458,206
1459,189
1460,59
1461,171
1462,241
1463,198
1464,48
1465,221
1466,249
1467,209
1468,147
1469,201
1470,113
1471,241
1472,213
1473,217
1474,0
1475,188
1476,152
1477,209
1478,175
1479,177
1480,200
1481,0
1482,228
1483,86
1484,210
1485,206
1486,179
1487,251
1488,180
1489,212
1490,175
1491,251
1492,187
1493,251
1494,156
1495,237
1496,226
1497,201
1498,144
1499,210
1500,74
1501,200
1502,134
1503,169
1504,169
1505,111
1506,118
1507,221
1508,240
1509,200
1510,43
1511,244
1512,92
1513,176
1514,225
1515,184
1516,185
1517,203
1518,235
1519,203
1520,184
1521,223
1522,244
1523,249
1524,126
1525,223
1526,230
1527,176
1528,176
1529,180
1530,173
1531,221
1532,128
1533,0
1534,168
1535,208
1536,195
1537,167
1538,154
1539,237
1540,177
1541,250
1542,250
1543,219
1544,193
1545,92
1546,237
1547,169
1548,125
1549,149
1550,131
1551,137
1552,228
1553,217
1554,89
1555,236
1556,72
1557,205
1558,218
1559,168
1560,190
1561,174
1562,255
1563,175
1564,242
1565,161
1566,237
1567,233
1568,220
1569,181
1570,243
1571,240
1572,193
1573,207
1574,181
1575,206
1576,178
1577,230
1578,194
1579,244
1580,237
1581,238
1582,189
1583,199
1584,114
1585,162
1586,238
1587,231
1588,227
1589,184
1590,240
1591,195
1592,126
1593,147
1594,169
1595,228
1596,219
1597,122
1598,195
1599,159
1600,193
1601,155
1602,193
1603,181
1604,189
1605,243
1606,72
1607,226
1608,139
1609,186
1610,62
1611,199
1612,254
1613,180
1614,216
1615,192
1616,152
1617,148
1618,179
1619,196
1620,230
1621,110
1622,207
1623,193
1624,152
1625,181
1626,109
1627,211
1628,237
1629,128
1630,237
1631,241
1632,192
1633,219
1634,54
1635,209
1636,182
1637,185
1638,21
1639,126
1640,170
1641,207
1642,241
1643,143
1644,154
1645,252
1646,120
1647,224
1648,224
1649,199
1650,240
1651,213
1652,146
1653,172
1654,87
1655,241
1656,129
1657,216
1658,74
1659,162
1660,149
1661,250
1662,182
1663,140
1664,191
1665,240
1666,115
1667,204
1668,218
1669,84
1670,227
1671,97
1672,219
1673,43
1674,219
1675,208
1676,217
1677,202
1678,224
1679,39
1680,145
1681,221
1682,224
1683,166
1684,161
1685,195
1686,241
1687,227
1688,245
1689,206
1690,233
1691,56
1692,136
1693,158
1694,161
1695,89
1696,194
1697,169
1698,222
1699,207
1700,227
1701,250
1702,249
1703,240
1704,256
1705,191
1706,243
1707,256
1708,229
1709,236
1710,201
1711,215
1712,159
1713,158
1714,83
1715,180
1716,115
1717,189
1718,220
1719,196
1720,223
1721,175
1722,210
1723,85
1724,256
1725,222
1726,166
1727,220
1728,228
1729,231
1730,141
1731,193
1732,217
1733,70
1734,145
1735,64
1736,208
1737,251
1738,142
1739,244
1740,195
1741,110
1742,253
1743,191
1744,192
1745,127
1746,195
1747,216
1748,225
1749,164
1750,234
1751,136
1752,157
1753,226
1754,246
1755,204
1756,205
1757,137
1758,244
1759,210
1760,18
1761,6
1762,249
1763,210
1764,192
1765,85
1766,250
1767,195
1768,165
1769,224
1770,0
1771,209
1772,43
1773,174
1774,78
1775,182
1776,121
1777,230
1778,124
1779,190
1780,255
1781,83
1782,210
1783,211
1784,90
1785,176
1786,213
1787,234
1788,186
1789,249
1790,194
1791,90
1792,91
1793,190
1794,0
1795,74
1796,206
1797,92
1798,169
1799,195
1800,188
1801,202
1802,164
1803,88
1804,93
1805,170
1806,61
1807,124
1808,199
1809,104
1810,174
1811,227
1812,211
1813,212
1814,189
1815,189
1816,147
1817,92
1818,75
1819,238
1820,214
1821,45
1822,211
1823,238
1824,203
1825,216
1826,230
1827,191
1828,184
1829,101
1830,118
1831,184
1832,190
1833,241
1834,80
1835,152
1836,223
1837,185
1838,211
1839,64
1840,227
1841,176
1842,245
1843,145
1844,251
1845,40
1846,121
1847,213
1848,93
1849,181
1850,233
1851,151
1852,179
1853,202
1854,111
1855,197
1856,159
1857,216
1858,238
1859,189
1860,152
1861,180
1862,148
1863,177
1864,189
1865,216
1866,190
1867,253
1868,176
1869,226
1870,199
1871,163
1872,86
1873,200
1874,189
1875,234
1876,51
1877,188
1878,240
1879,166
1880,160
1881,84
1882,201
1883,161
1884,247
1885,46
1886,90
1887,248
1888,146
1889,159
1890,234
1891,139
1892,126
1893,220
1894,252
1895,212
1896,200
1897,213
1898,195
1899,159
1900,191
1901,246
1902,206
1903,181
1904,196
1905,198
1906,211
1907,215
1908,195
1909,124
1910,203
1911,218
1912,194
1913,104
1914,165
1915,159
1916,223
1917,203
1918,126
1919,178
1920,234
1921,218
1922,212
1923,206
1924,100
1925,189
1926,186
1927,144
1928,171
1929,177
1930,147
1931,255
1932,234
1933,227
1934,204
1935,241
1936,193
1937,203
1938,16
1939,131
1940,146
1941,226
1942,198
1943,163
1944,246
1945,196
1946,124
1947,195
1948,245
1949,100
1950,177
1951,133
1952,177
1953,0
1954,237
1955,107
1956,206
1957,236
1958,129
1959,147
1960,124
1961,94
1962,168
1963,85
1964,28
1965,155
1966,210
1967,181
1968,245
1969,255
1970,242
1971,253
1972,202
1973,142
1974,229
1975,0
1976,169
1977,228
1978,190
1979,247
1980,192
1981,228
1982,199
1983,236
1984,217
1985,77
1986,234
1987,203
1988,241
1989,197
1990,238
1991,177
1992,239
1993,120
1994,54
1995,206
1996,84
1997,178
1998,178
1999,208
2000,208
2001,209
2002,212
2003,225
2004,181
2005,193
2006,215
2007,229
2008,211
2009,220
2010,220
2011,231
2012,233
2013,233
2014,167
2015,163
2016,227
2017,214
2018,200
2019,226
2020,187
2021,234
2022,61
2023,220
2024,196
2025,240
2026,225
2027,134
2028,204
2029,92
2030,254
2031,227
2032,228
2033,235
2034,165
2035,226
2036,159
2037,132
2038,164
2039,201
2040,136
2041,221
2042,0
2043,188
2044,248
2045,135
2046,256
2047,247
2048,198
2049,160
2050,27
2051,149
2052,137
2053,210
2054,200
2055,228
2056,205
2057,226
2058,216
2059,216
2060,128
2061,227
2062,39
2063,0
2064,77
2065,240
2066,160
2067,115
2068,0
2069,83
2070,181
2071,208
2072,213
2073,224
2074,253
2075,244
2076,157
2077,120
2078,243
2079,127
2080,203
2081,233
2082,221
2083,202
2084,217
2085,150
2086,145
2087,170
2088,203
2089,233
2090,94
2091,254
2092,167
2093,235
2094,220
2095,191
2096,240
2097,181
2098,174
2099,134
2100,202
2101,242
2102,171
2103,156
2104,207
2105,93
2106,242
2107,219
2108,109
2109,239
2110,175
2111,214
2112,146
2113,172
2114,213
2115,233
2116,209
2117,240
2118,229
2119,246
2120,166
2121,10
2122,216
2123,151
2124,230
2125,218
2126,176
2127,153
2128,153
2129,160
2130,234
2131,68
2132,158
2133,157
2134,155
2135,185
2136,229
2137,121
2138,256
2139,211
2140,178
2141,231
2142,207
2143,233
2144,235
2145,229
2146,150
2147,170
2148,212
2149,218
2150,192
2151,254
2152,147
2153,209
2154,239
2155,245
2156,245
2157,215
2158,177
2159,137
2160,103
2161,187
2162,50
2163,199
2164,234
2165,164
2166,232
2167,141
2168,196
2169,252
2170,226
2171,193
2172,80
2173,155
2174,175
2175,104
2176,237
2177,249
2178,207
2179,207
2180,256
2181,158
2182,149
2183,161
2184,164
2185,199
2186,157
2187,39
2188,204
2189,211
2190,156
2191,212
2192,166
2193,36
2194,244
2195,96
2196,95
2197,225
2198,80
2199,158
2200,153
2201,198
2202,235
2203,31
2204,176
2205,162
2206,245
2207,185
2208,159
2209,135
2210,147
2211,243
2212,91
2213,104
2214,224
2215,256
2216,202
2217,236
2218,217
2219,165
2220,178
2221,241
2222,225
2223,172
2224,26
2225,225
2226,213
2227,127
2228,154
2229,162
2230,245
2231,225
2232,115
2233,152
2234,138
2235,237
2236,150
2237,249
2238,220
2239,163
2240,178
2241,154
2242,195
2243,204
2244,128
2245,174
2246,164
2247,220
2248,223
2249,151
2250,229
2251,255
2252,109
2253,216
2254,251
2255,214
2256,130
2257,221
2258,179
2259,80
2260,207
2261,202
2262,228
2263,113
2264,239
2265,100
2266,222
2267,230
2268,0
2269,157
2270,147
2271,97
2272,249
2273,185
2274,231
2275,62
2276,256
2277,239
2278,153
2279,170
2280,219
2281,110
2282,171
2283,76
2284,252
2285,242
2286,136
2287,205
2288,232
2289,211
2290,192
2291,201
2292,244
2293,29
2294,168
2295,191
2296,170
2297,173
2298,251
2299,230
2300,193
2301,205
2302,250
2303,241
2304,208
2305,232
2306,200
2307,155
2308,205
2309,213
2310,156
2311,146
2312,247
2313,234
2314,251
2315,256
2316,183
2317,0
2318,77
2319,215
2320,217
2321,204
2322,240
2323,248
2324,246
2325,217
2326,143
2327,236
2328,131
2329,189
2330,181
2331,160
2332,190
2333,187
2334,234
2335,141
2336,163
2337,220
2338,179
2339,144
2340,240
2341,187
2342,256
2343,200
2344,211
2345,215
2346,230
2347,198
2348,243
2349,182
2350,193
2351,240
2352,6
2353,107
2354,142
2355,208
2356,223
2357,208
2358,208
2359,35
2360,224
2361,54
2362,79
2363,232
2364,217
2365,191
2366,137
2367,247
2368,112
2369,123
2370,239
2371,215
2372,110
2373,245
2374,226
2375,217
2376,225
2377,0
2378,253
2379,248
2380,209
2381,186
2382,91
2383,234
2384,242
2385,218
2386,143
2387,206
2388,221
2389,152
2390,235
2391,93
2392,161
2393,178
2394,130
2395,149
2396,175
2397,247
2398,182
2399,220
