0,21
1,243
2,228
3,170
4,213
5,146
6,183
7,60
8,194
9,122
10,108
11,175
12,231
13,227
14,243
15,155
16,143
17,217
18,159
19,88
20,127
21,166
22,134
23,215
24,12
25,110
26,186
27,145
28,114
29,214
30,223
31,152
32,171
33,162
34,106
35,21
36,223
37,190
38,220
39,241
40,124
41,223
42,157
43,98
44,168
45,233
46,213
47,183
48,161
49,93
50,157
51,128
52,241
53,243
54,201
55,193
56,196
57,167
58,166
59,146
60,88
61,170
62,153
63,198
64,212
65,68
66,198
67,148
68,142
69,137
70,134
71,179
72,207
73,212
74,130
75,141
76,111
77,140
78,191
79,206
80,223
81,162
82,195
83,200
84,186
85,121
86,197
87,248
88,215
89,212
90,127
91,148
92,128
93,219
94,163
95,185
96,100
97,138
98,200
99,224
100,170
101,236
102,206
103,229
104,148
105,152
106,194
107,171
108,138
109,103
110,220
111,176
112,211
113,23
114,208
115,175
116,91
117,145
118,217
119,201
120,189
121,0
122,193
123,224
124,204
125,135
126,175
127,190
128,162
129,102
130,170
131,193
132,210
133,88
134,200
135,116
136,81
137,220
138,187
139,193
140,119
141,204
142,103
143,187
144,207
145,175
146,170
147,206
148,118
149,210
150,113
151,143
152,156
153,165
154,149
155,216
156,240
157,149
158,208
159,186
160,211
161,157
162,130
163,138
164,233
165,236
166,148
167,227
168,163
169,232
170,189
171,171
172,159
173,239
174,108
175,131
176,202
177,103
178,169
179,197
180,158
181,151
182,46
183,83
184,192
185,174
186,145
187,199
188,67
189,167
190,103
191,239
192,202
193,145
194,131
195,216
196,153
197,215
198,243
199,158
200,139
201,220
202,213
203,195
204,168
205,182
206,192
207,178
208,214
209,212
210,158
211,204
212,201
213,218
214,195
215,207
216,194
217,75
218,159
219,203
220,197
221,177
222,243
223,169
224,183
225,218
226,172
227,241
228,209
229,209
230,90
231,196
232,118
233,138
234,121
235,102
236,180
237,120
238,166
239,226
240,158
241,127
242,237
243,213
244,145
245,203
246,194
247,65
248,212
249,167
250,182
251,174
252,174
253,120
254,193
255,159
256,218
257,153
258,186
259,238
260,219
261,109
262,178
263,198
264,132
265,189
266,124
267,171
268,183
269,217
270,236
271,80
272,122
273,171
274,54
275,216
276,163
277,179
278,173
279,160
280,110
281,227
282,111
283,156
284,190
285,88
286,143
287,147
288,193
289,171
290,211
291,232
292,232
293,206
294,189
295,236
296,142
297,180
298,199
299,207
300,202
301,163
302,217
303,177
304,204
305,225
306,235
307,116
308,212
309,166
310,236
311,118
312,182
313,133
314,151
315,136
316,199
317,209
318,158
319,63
320,156
321,123
322,203
323,215
324,224
325,166
326,208
327,238
328,234
329,144
330,156
331,169
332,246
333,205
334,219
335,179
336,155
337,201
338,163
339,190
340,244
341,109
342,97
343,142
344,132
345,151
346,162
347,155
348,247
349,185
350,248
351,185
352,126
353,88
354,191
355,207
356,173
357,159
358,213
359,162
360,126
361,154
362,191
363,155
364,145
365,212
366,110
367,190
368,235
369,177
370,214
371,205
372,227
373,124
374,121
375,165
376,172
377,162
378,149
379,191
380,127
381,148
382,99
383,161
384,224
385,122
386,104
387,228
388,111
389,239
390,131
391,184
392,227
393,67
394,146
395,239
396,235
397,210
398,239
399,124
400,160
401,115
402,240
403,244
404,185
405,117
406,99
407,155
408,186
409,225
410,236
411,223
412,206
413,138
414,109
415,196
416,238
417,248
418,155
419,177
420,138
421,143
422,169
423,134
424,196
425,227
426,117
427,226
428,182
429,145
430,223
431,214
432,82
433,222
434,147
435,104
436,180
437,208
438,200
439,184
440,138
441,225
442,132
443,63
444,185
445,122
446,188
447,186
448,211
449,209
450,203
451,131
452,234
453,129
454,223
455,137
456,205
457,205
458,211
459,198
460,232
461,119
462,176
463,233
464,236
465,125
466,84
467,185
468,196
469,246
470,175
471,219
472,168
473,126
474,166
475,152
476,239
477,172
478,124
479,245
480,192
481,158
482,203
483,205
484,98
485,222
486,139
487,218
488,248
489,118
490,228
491,223
492,144
493,220
494,108
495,249
496,220
497,235
498,137
499,192
500,229
501,239
502,228
503,236
504,163
505,177
506,181
507,177
508,199
509,201
510,118
511,212
512,215
513,128
514,147
515,244
516,230
517,169
518,208
519,229
520,215
521,179
522,146
523,235
524,183
525,239
526,175
527,152
528,202
529,213
530,208
531,225
532,167
533,213
534,218
535,184
536,231
537,105
538,242
539,207
540,182
541,165
542,136
543,182
544,225
545,180
546,145
547,235
548,215
549,187
550,131
551,170
552,156
553,155
554,243
555,191
556,157
557,208
558,137
559,234
560,218
561,247
562,112
563,226
564,143
565,196
566,110
567,218
568,198
569,190
570,201
571,231
572,188
573,188
574,231
575,145
576,219
577,226
578,185
579,240
580,211
581,244
582,186
583,150
584,182
585,153
586,180
587,198
588,181
589,223
590,213
591,155
592,192
593,140
594,151
595,150
596,207
597,235
598,144
599,143
600,146
601,241
602,98
603,124
604,147
605,230
606,157
607,147
608,191
609,116
610,140
611,188
612,185
613,73
614,226
615,125
616,24
617,155
618,237
619,183
620,59
621,186
622,231
623,168
624,128
625,190
626,170
627,213
628,227
629,140
630,205
631,223
632,103
633,161
634,200
635,210
636,234
637,174
638,177
639,114
640,201
641,175
642,219
643,180
644,188
645,146
646,233
647,172
648,197
649,120
650,125
651,204
652,209
653,224
654,197
655,200
656,132
657,201
658,192
659,213
660,136
661,202
662,174
663,172
664,195
665,187
666,231
667,215
668,126
669,215
670,117
671,155
672,179
673,164
674,241
675,201
676,204
677,158
678,144
679,112
680,205
681,140
682,153
683,210
684,218
685,212
686,150
687,227
688,206
689,190
690,104
691,218
692,64
693,246
694,240
695,164
696,141
697,180
698,147
699,137
700,125
701,237
702,236
703,244
704,113
705,210
706,81
707,180
708,168
709,227
710,167
711,229
712,106
713,232
714,169
715,139
716,183
717,248
718,195
719,86
720,206
721,192
722,163
723,96
724,194
725,123
726,188
727,19
728,112
729,215
730,208
731,119
732,172
733,183
734,239
735,186
736,216
737,161
738,186
739,108
740,185
741,217
742,95
743,244
744,221
745,102
746,203
747,87
748,158
749,202
750,87
751,193
752,204
753,197
754,200
755,223
756,199
757,219
758,236
759,133
760,177
761,252
762,245
763,209
764,227
765,220
766,239
767,153
768,216
769,186
770,231
771,98
772,227
773,177
774,133
775,241
776,200
777,239
778,195
779,242
780,186
781,224
782,126
783,189
784,78
785,185
786,92
787,171
788,101
789,224
790,183
791,136
792,128
793,194
794,228
795,102
796,116
797,238
798,118
799,119
800,224
801,156
802,189
803,234
804,245
805,137
806,119
807,199
808,210
809,193
810,208
811,210
812,170
813,147
814,210
815,197
816,142
817,205
818,236
819,194
820,170
821,170
822,215
823,215
824,196
825,193
826,227
827,137
828,244
829,213
830,208
831,203
832,128
833,208
834,173
835,168
836,195
837,172
838,248
839,229
840,56
841,181
842,163
843,217
844,167
845,137
846,148
847,240
848,194
849,223
850,197
851,74
852,129
853,167
854,185
855,142
856,198
857,245
858,169
859,225
860,214
861,162
862,195
863,159
864,163
865,228
866,225
867,239
868,243
869,243
870,164
871,213
872,218
873,179
874,182
875,216
876,170
877,202
878,210
879,188
880,130
881,182
882,211
883,173
884,183
885,144
886,223
887,245
888,192
889,239
890,182
891,86
892,95
893,201
894,169
895,166
896,175
897,79
898,193
899,206
900,200
901,142
902,202
903,174
904,230
905,151
906,201
907,136
908,169
909,160
910,120
911,209
912,118
913,210
914,138
915,241
916,192
917,170
918,188
919,81
920,160
921,165
922,139
923,162
924,191
925,181
926,176
927,195
928,126
929,209
930,132
931,115
932,169
933,222
934,182
935,169
936,208
937,232
938,175
939,117
940,173
941,211
942,154
943,148
944,219
945,160
946,202
947,135
948,212
949,148
950,151
951,148
952,217
953,235
954,184
955,238
956,188
957,210
958,157
959,114
960,195
961,231
962,78
963,203
964,186
965,151
966,131
967,186
968,115
969,220
970,213
971,171
972,166
973,101
974,168
975,135
976,191
977,154
978,214
979,239
980,213
981,186
982,129
983,163
984,173
985,237
986,191
987,222
988,241
989,129
990,243
991,147
992,163
993,200
994,215
995,200
996,156
997,237
998,156
999,213
1000,210
1001,150
1002,176
1003,245
1004,223
1005,231
1006,164
1007,188
1008,191
1009,176
1010,230
1011,196
1012,168
1013,192
1014,213
1015,226
1016,174
1017,187
1018,219
1019,246
1020,235
1021,247
1022,105
1023,139
1024,162
1025,229
1026,210
1027,95
1028,195
1029,177
1030,231
1031,159
1032,126
1033,164
1034,211
1035,192
1036,212
1037,194
1038,230
1039,170
1040,197
1041,125
1042,209
1043,161
1044,175
1045,228
1046,188
1047,160
1048,219
1049,122
1050,197
1051,195
1052,208
1053,172
1054,159
1055,160
1056,241
1057,207
1058,168
1059,215
1060,229
1061,159
1062,204
1063,177
1064,221
1065,215
1066,186
1067,236
1068,244
1069,211
1070,224
1071,207
1072,150
1073,226
1074,241
1075,191
1076,214
1077,198
1078,152
1079,185
1080,223
1081,151
1082,167
1083,147
1084,220
1085,220
1086,207
1087,135
1088,194
1089,145
1090,222
1091,186
1092,207
1093,155
1094,212
1095,235
1096,153
1097,224
1098,211
1099,223
1100,200
1101,226
1102,234
1103,221
1104,164
1105,221
1106,207
1107,135
1108,226
1109,209
1110,176
1111,138
1112,170
1113,223
1114,228
1115,176
1116,225
1117,168
1118,189
1119,157
1120,228
1121,196
1122,162
1123,168
1124,162
1125,152
1126,247
1127,224
1128,175
1129,214
1130,175
1131,239
1132,168
1133,238
1134,162
1135,194
1136,232
1137,182
1138,249
1139,198
1140,247
1141,203
1142,196
1143,125
1144,138
1145,130
1146,74
1147,250
1148,139
1149,203
1150,94
1151,226
1152,195
1153,200
1154,157
1155,204
1156,195
1157,222
1158,204
1159,228
1160,159
1161,233
1162,109
1163,248
1164,163
1165,231
1166,172
1167,222
1168,231
1169,209
1170,188
1171,187
1172,213
1173,178
1174,242
1175,248
1176,218
1177,199
1178,247
1179,124
1180,158
1181,117
1182,144
1183,150
1184,222
1185,235
1186,218
1187,195
1188,156
1189,198
1190,217
1191,132
1192,247
1193,200
1194,228
1195,247
1196,172
1197,184
1198,159
1199,235
1200,161
1201,248
1202,145
1203,212
1204,201
1205,185
1206,143
1207,178
1208,110
1209,216
1210,185
1211,219
1212,213
1213,208
1214,68
1215,189
1216,114
1217,200
1218,135
1219,249
1220,205
1221,196
1222,92
1223,115
1224,172
1225,78
1226,241
1227,119
1228,154
1229,233
1230,106
1231,70
1232,156
1233,181
1234,146
1235,197
1236,186
1237,211
1238,167
1239,215
1240,188
1241,160
1242,105
1243,233
1244,232
1245,250
1246,227
1247,135
1248,240
1249,172
1250,234
1251,183
1252,177
1253,190
1254,121
1255,149
1256,192
1257,238
1258,164
1259,129
1260,154
1261,221
1262,129
1263,247
1264,200
1265,168
1266,73
1267,101
1268,238
1269,186
1270,214
1271,203
1272,192
1273,220
1274,241
1275,212
1276,149
1277,101
1278,197
1279,246
1280,211
1281,124
1282,235
1283,156
1284,161
1285,112
1286,189
1287,8
1288,165
1289,194
1290,237
1291,223
1292,90
1293,208
1294,136
1295,172
1296,240
1297,111
1298,183
1299,67
1300,246
1301,162
1302,242
1303,147
1304,190
1305,230
1306,223
1307,230
1308,154
1309,175
1310,135
1311,163
1312,130
1313,226
1314,217
1315,223
1316,96
1317,189
1318,128
1319,210
1320,125
1321,120
1322,172
1323,242
1324,78
1325,148
1326,168
1327,85
1328,136
1329,222
1330,186
1331,104
1332,157
1333,157
1334,183
1335,157
1336,124
1337,153
1338,97
1339,210
1340,116
1341,191
1342,224
1343,201
1344,113
1345,96
1346,247
1347,107
1348,206
1349,181
1350,229
1351,78
1352,202
1353,3
1354,219
1355,108
1356,232
1357,213
1358,187
1359,158
1360,208
1361,126
1362,175
1363,91
1364,242
1365,243
1366,178
1367,173
1368,175
1369,129
1370,220
1371,202
1372,100
1373,153
1374,232
1375,249
1376,159
1377,198
1378,152
1379,226
1380,208
1381,124
1382,210
1383,228
1384,212
1385,44
1386,238
1387,224
1388,75
1389,40
1390,112
1391,222
1392,171
1393,212
1394,209
1395,117
1396,167
1397,80
1398,178
1399,180
1400,194
1401,203
1402,138
1403,216
1404,230
1405,152
1406,196
1407,112
1408,144
1409,219
1410,179
1411,209
1412,222
1413,209
1414,234
1415,116
1416,172
1417,149
1418,250
1419,194
1420,151
1421,223
1422,245
1423,161
1424,142
1425,236
1426,81
1427,129
1428,224
1429,211
1430,72
1431,183
1432,195
1433,121
1434,162
1435,241
1436,159
1437,150
1438,228
1439,242
1440,237
1441,108
1442,161
1443,243
1444,194
1445,225
1446,154
1447,175
1448,190
1449,121
1450,77
1451,194
1452,194
1453,103
1454,237
1455,246
1456,178
1457,72
1458,166
1459,170
1460,212
1461,225
1462,97
1463,177
1464,137
1465,202
1466,211
1467,225
1468,229
1469,177
1470,156
1471,202
1472,130
1473,159
1474,227
1475,198
1476,207
1477,107
1478,218
1479,180
1480,182
1481,146
1482,239
1483,232
1484,224
1485,140
1486,247
1487,174
1488,245
1489,229
1490,194
1491,80
1492,231
1493,202
1494,251
1495,232
1496,248
1497,226
1498,217
1499,171
1500,156
1501,206
1502,189
1503,177
1504,126
1505,185
1506,172
1507,85
1508,193
1509,203
1510,136
1511,196
1512,159
1513,112
1514,149
1515,234
1516,170
1517,207
1518,223
1519,107
1520,198
1521,240
1522,176
1523,49
1524,141
1525,225
1526,205
1527,209
1528,188
1529,224
1530,160
1531,126
1532,184
1533,246
1534,138
1535,109
1536,150
1537,170
1538,146
1539,230
1540,190
1541,238
1542,83
1543,216
1544,168
1545,138
1546,167
1547,168
1548,91
1549,192
1550,26
1551,92
1552,153
1553,192
1554,165
1555,168
1556,138
1557,226
1558,180
1559,153
1560,232
1561,118
1562,243
1563,175
1564,140
1565,168
1566,121
1567,164
1568,240
1569,106
1570,190
1571,189
1572,242
1573,237
1574,190
1575,234
1576,130
1577,154
1578,91
1579,231
1580,201
1581,174
1582,104
1583,233
1584,187
1585,200
1586,203
1587,145
1588,185
1589,134
1590,234
1591,222
1592,215
1593,204
1594,182
1595,49
1596,157
1597,140
1598,106
1599,150
1600,221
1601,205
1602,140
1603,171
1604,241
1605,230
1606,203
1607,162
1608,234
1609,203
1610,252
1611,169
1612,211
1613,225
1614,184
1615,167
1616,236
1617,186
1618,187
1619,168
1620,161
1621,206
1622,239
1623,182
1624,210
1625,195
1626,150
1627,156
1628,234
1629,153
1630,173
1631,222
1632,205
1633,188
1634,191
1635,236
1636,184
1637,233
1638,152
1639,212
1640,221
1641,175
1642,211
1643,194
1644,224
1645,215
1646,219
1647,253
1648,254
1649,250
1650,232
1651,240
1652,168
1653,166
1654,138
1655,249
1656,197
1657,181
1658,249
1659,217
1660,235
1661,158
1662,199
1663,217
1664,160
1665,248
1666,132
1667,193
1668,154
1669,157
1670,207
1671,210
1672,249
1673,255
1674,195
1675,241
1676,221
1677,237
1678,186
1679,138
1680,224
1681,159
1682,228
1683,172
1684,172
1685,234
1686,188
1687,237
1688,238
1689,186
1690,103
1691,144
1692,226
1693,174
1694,119
1695,185
1696,189
1697,4
1698,223
1699,250
1700,155
1701,216
1702,157
1703,229
1704,230
1705,198
1706,234
1707,149
1708,186
1709,232
1710,202
1711,211
1712,149
1713,147
1714,60
1715,223
1716,233
1717,192
1718,94
1719,219
1720,164
1721,133
1722,195
1723,37
1724,119
1725,206
1726,237
1727,196
1728,179
1729,143
1730,134
1731,226
1732,150
1733,212
1734,132
1735,215
1736,131
1737,199
1738,192
1739,227
1740,100
1741,126
1742,161
1743,237
1744,249
1745,170
1746,148
1747,106
1748,179
1749,176
1750,115
1751,140
1752,146
1753,99
1754,194
1755,213
1756,226
1757,136
1758,235
1759,197
1760,94
1761,47
1762,225
1763,164
1764,220
1765,167
1766,180
1767,154
1768,230
1769,158
1770,203
1771,127
1772,157
1773,175
1774,109
1775,245
1776,243
1777,158
1778,120
1779,186
1780,219
1781,200
1782,109
1783,53
1784,212
1785,147
1786,110
1787,227
1788,206
1789,122
1790,240
1791,244
1792,202
1793,100
1794,202
1795,225
1796,158
1797,195
1798,226
1799,210
1800,178
1801,230
1802,229
1803,137
1804,219
1805,215
1806,180
1807,197
1808,216
1809,226
1810,190
1811,199
1812,178
1813,244
1814,165
1815,180
1816,192
1817,184
1818,168
1819,103
1820,178
1821,204
1822,202
1823,139
1824,200
1825,160
1826,174
1827,203
1828,188
1829,228
1830,218
1831,236
1832,218
1833,155
1834,113
1835,213
1836,170
1837,169
1838,242
1839,213
1840,236
1841,227
1842,216
1843,147
1844,171
1845,112
1846,99
1847,167
1848,223
1849,157
1850,190
1851,195
1852,215
1853,159
1854,195
1855,161
1856,194
1857,240
1858,198
1859,211
1860,225
1861,129
1862,172
1863,234
1864,244
1865,132
1866,215
1867,245
1868,90
1869,248
1870,239
1871,217
1872,192
1873,217
1874,227
1875,225
1876,175
1877,162
1878,202
1879,180
1880,235
1881,174
1882,248
1883,224
1884,176
1885,218
1886,198
1887,143
1888,174
1889,166
1890,236
1891,116
1892,252
1893,240
1894,202
1895,244
1896,128
1897,195
1898,201
1899,153
1900,113
1901,239
1902,174
1903,212
1904,173
1905,198
1906,95
1907,181
1908,234
1909,152
1910,195
1911,247
1912,193
1913,124
1914,100
1915,242
1916,230
1917,238
1918,232
1919,117
1920,188
1921,187
1922,248
1923,202
1924,85
1925,182
1926,211
1927,133
1928,111
1929,172
1930,141
1931,114
1932,247
1933,179
1934,116
1935,254
1936,197
1937,195
1938,198
1939,171
1940,138
1941,237
1942,246
1943,197
1944,124
1945,151
1946,213
1947,223
1948,228
1949,230
1950,192
1951,201
1952,214
1953,171
1954,125
1955,145
1956,210
1957,189
1958,198
1959,214
1960,222
1961,135
1962,114
1963,156
1964,101
1965,220
1966,231
1967,194
1968,207
1969,247
1970,125
1971,187
1972,226
1973,112
1974,186
1975,201
1976,186
1977,184
1978,185
1979,198
1980,149
1981,237
1982,230
1983,230
1984,176
1985,211
1986,213
1987,253
1988,220
1989,239
1990,178
1991,140
1992,236
1993,227
1994,159
1995,236
1996,84
1997,157
1998,229
1999,198
2000,181
2001,165
2002,108
2003,110
2004,181
2005,173
2006,202
2007,241
2008,120
2009,43
2010,246
2011,134
2012,233
2013,213
2014,126
2015,129
2016,197
2017,249
2018,181
2019,226
2020,245
2021,163
2022,202
2023,246
2024,184
2025,98
2026,207
2027,201
2028,161
2029,118
2030,228
2031,209
2032,64
2033,220
2034,162
2035,213
2036,226
2037,178
2038,235
2039,176
2040,217
2041,112
2042,167
2043,238
2044,128
2045,117
2046,234
2047,79
2048,59
2049,174
2050,216
2051,140
2052,123
2053,148
2054,236
2055,234
2056,11
2057,142
2058,200
2059,237
2060,171
2061,180
2062,165
2063,129
2064,200
2065,179
2066,224
2067,105
2068,133
2069,91
2070,204
2071,242
2072,109
2073,221
2074,206
2075,228
2076,228
2077,209
2078,169
2079,183
2080,193
2081,147
2082,132
2083,214
2084,224
2085,162
2086,185
2087,185
2088,242
2089,233
2090,181
2091,115
2092,238
2093,112
2094,158
2095,232
2096,176
2097,197
2098,155
2099,173
2100,93
2101,182
2102,173
2103,163
2104,217
2105,188
2106,190
2107,123
2108,179
2109,158
2110,231
2111,100
2112,148
2113,58
2114,78
2115,195
2116,59
2117,166
2118,187
2119,247
2120,202
2121,219
2122,161
2123,178
2124,246
2125,30
2126,183
2127,213
2128,214
2129,65
2130,144
2131,236
2132,45
2133,230
2134,148
2135,0
2136,201
2137,140
2138,176
2139,28
2140,98
2141,123
2142,184
2143,223
2144,145
2145,192
2146,69
2147,239
2148,62
2149,102
2150,95
2151,203
2152,120
2153,152
2154,211
2155,206
2156,178
2157,184
2158,225
2159,199
2160,122
2161,142
2162,154
2163,160
2164,189
2165,235
2166,166
2167,42
2168,41
2169,240
2170,240
2171,92
2172,217
2173,178
2174,217
2175,207
2176,166
2177,218
2178,128
2179,232
2180,145
2181,237
2182,13
2183,182
2184,111
2185,222
2186,126
2187,230
2188,233
2189,162
2190,204
2191,50
2192,213
2193,111
2194,207
2195,117
2196,216
2197,86
2198,226
2199,172
2200,194
2201,47
2202,213
2203,153
2204,99
2205,238
2206,112
2207,134
2208,173
2209,77
2210,147
2211,179
2212,170
2213,124
2214,169
2215,211
2216,205
2217,159
2218,50
2219,90
2220,195
2221,118
2222,219
2223,219
2224,141
2225,185
2226,218
2227,107
2228,165
2229,205
2230,249
2231,88
2232,151
2233,221
2234,224
2235,207
2236,122
2237,170
2238,161
2239,211
2240,167
2241,247
2242,198
2243,177
2244,240
2245,192
2246,204
2247,183
2248,32
2249,97
2250,193
2251,200
2252,222
2253,178
2254,162
2255,204
2256,181
2257,44
2258,199
2259,115
2260,187
2261,196
2262,207
2263,209
2264,235
2265,193
2266,137
2267,199
2268,228
2269,97
2270,95
2271,233
2272,158
2273,219
2274,193
2275,202
2276,172
2277,111
2278,40
2279,139
2280,188
2281,154
2282,143
2283,154
2284,73
2285,246
2286,102
2287,199
2288,241
2289,193
2290,172
2291,221
2292,76
2293,175
2294,129
2295,243
2296,166
2297,202
2298,231
2299,102
2300,210
2301,158
2302,189
2303,241
2304,174
2305,147
2306,0
2307,58
2308,220
2309,177
2310,207
2311,156
2312,223
2313,228
2314,95
2315,141
2316,84
2317,123
2318,252
2319,129
2320,233
2321,208
2322,158
2323,203
2324,197
2325,216
2326,109
2327,237
2328,172
2329,242
2330,112
2331,176
2332,207
2333,176
2334,172
2335,235
2336,141
2337,146
2338,188
2339,150
2340,216
2341,198
2342,168
2343,160
2344,227
2345,227
2346,170
2347,153
2348,215
2349,216
2350,172
2351,124
2352,184
2353,161
2354,206
2355,195
2356,170
2357,144
2358,179
2359,177
2360,188
2361,124
2362,179
2363,86
2364,227
2365,147
2366,246
2367,135
2368,206
2369,203
2370,199
2371,70
2372,236
2373,177
2374,117
2375,165
2376,212
2377,125
2378,69
2379,239
2380,158
2381,166
2382,164
2383,223
2384,42
2385,143
2386,212
2387,222
2388,150
2389,111
2390,203
2391,193
2392,136
2393,121
2394,92
2395,187
2396,222
2397,135
2398,206
2399,206
