0,2
1,242
2,233
3,202
4,213
5,131
6,175
7,56
8,203
9,110
10,125
11,202
12,234
13,239
14,250
15,162
16,166
17,234
18,157
19,83
20,123
21,170
22,155
23,199
24,29
25,133
26,183
27,163
28,117
29,227
30,231
31,157
32,178
33,171
34,108
35,19
36,233
37,178
38,228
39,245
40,150
41,227
42,170
43,48
44,150
45,238
46,233
47,197
48,151
49,84
50,176
51,160
52,242
53,243
54,210
55,180
56,189
57,151
58,164
59,147
60,80
61,193
62,135
63,205
64,212
65,131
66,210
67,136
68,121
69,172
70,133
71,191
72,209
73,217
74,160
75,122
76,139
77,128
78,169
79,212
80,217
81,164
82,194
83,195
84,175
85,97
86,201
87,248
88,223
89,210
90,121
91,141
92,84
93,236
94,137
95,177
96,90
97,139
98,209
99,224
100,172
101,239
102,193
103,223
104,92
105,151
106,203
107,177
108,130
109,132
110,224
111,210
112,205
113,0
114,216
115,157
116,54
117,162
118,220
119,219
120,186
121,0
122,192
123,230
124,189
125,162
126,173
127,206
128,170
129,97
130,174
131,192
132,207
133,63
134,194
135,137
136,98
137,220
138,190
139,207
140,128
141,205
142,81
143,200
144,209
145,188
146,186
147,204
148,75
149,216
150,106
151,107
152,144
153,167
154,152
155,226
156,246
157,72
158,219
159,196
160,209
161,156
162,80
163,153
164,236
165,232
166,147
167,215
168,164
169,234
170,216
171,167
172,165
173,238
174,114
175,108
176,159
177,96
178,140
179,189
180,157
181,171
182,12
183,30
184,180
185,169
186,150
187,210
188,66
189,189
190,95
191,239
192,175
193,115
194,149
195,218
196,147
197,222
198,243
199,168
200,145
201,224
202,227
203,194
204,170
205,189
206,182
207,177
208,206
209,232
210,156
211,200
212,211
213,215
214,204
215,196
216,216
217,55
218,182
219,212
220,190
221,166
222,246
223,158
224,205
225,226
226,168
227,243
228,217
229,211
230,114
231,201
232,107
233,130
234,138
235,108
236,186
237,142
238,157
239,235
240,181
241,135
242,236
243,213
244,153
245,223
246,190
247,55
248,208
249,164
250,186
251,176
252,181
253,122
254,184
255,168
256,217
257,162
258,192
259,237
260,229
261,104
262,179
263,202
264,138
265,190
266,128
267,193
268,165
269,209
270,239
271,84
272,120
273,151
274,57
275,217
276,160
277,173
278,171
279,140
280,108
281,235
282,133
283,158
284,201
285,84
286,144
287,143
288,198
289,187
290,208
291,234
292,231
293,207
294,189
295,236
296,173
297,189
298,197
299,218
300,202
301,154
302,214
303,184
304,212
305,231
306,240
307,130
308,209
309,178
310,232
311,82
312,180
313,108
314,151
315,173
316,169
317,222
318,167
319,115
320,142
321,142
322,209
323,229
324,229
325,167
326,211
327,238
328,230
329,145
330,147
331,189
332,247
333,207
334,233
335,176
336,153
337,209
338,166
339,186
340,243
341,146
342,19
343,142
344,113
345,137
346,173
347,150
348,247
349,121
350,248
351,201
352,143
353,78
354,190
355,209
356,203
357,152
358,209
359,167
360,110
361,159
362,185
363,157
364,153
365,209
366,91
367,190
368,234
369,188
370,221
371,195
372,229
373,114
374,123
375,147
376,173
377,172
378,169
379,197
380,130
381,146
382,42
383,145
384,222
385,142
386,103
387,226
388,105
389,243
390,127
391,184
392,236
393,95
394,131
395,242
396,230
397,219
398,241
399,116
400,174
401,117
402,243
403,244
404,189
405,114
406,81
407,160
408,206
409,232
410,241
411,226
412,215
413,131
414,108
415,211
416,238
417,250
418,159
419,189
420,156
421,108
422,156
423,119
424,212
425,232
426,127
427,232
428,189
429,147
430,238
431,228
432,77
433,214
434,172
435,95
436,168
437,200
438,212
439,195
440,135
441,231
442,151
443,104
444,193
445,101
446,192
447,184
448,220
449,216
450,215
451,166
452,251
453,139
454,225
455,166
456,221
457,226
458,211
459,194
460,235
461,106
462,166
463,231
464,245
465,125
466,85
467,184
468,202
469,246
470,104
471,234
472,168
473,124
474,173
475,155
476,240
477,186
478,134
479,246
480,201
481,145
482,201
483,216
484,83
485,230
486,103
487,237
488,248
489,106
490,220
491,242
492,153
493,220
494,90
495,251
496,226
497,233
498,166
499,163
500,211
501,240
502,235
503,244
504,153
505,182
506,190
507,189
508,209
509,204
510,115
511,209
512,228
513,128
514,169
515,245
516,229
517,144
518,231
519,231
520,228
521,175
522,120
523,230
524,178
525,239
526,196
527,141
528,210
529,204
530,218
531,227
532,167
533,216
534,218
535,199
536,229
537,118
538,239
539,205
540,156
541,172
542,122
543,218
544,223
545,186
546,135
547,232
548,213
549,192
550,128
551,188
552,156
553,151
554,247
555,187
556,101
557,213
558,127
559,234
560,216
561,247
562,111
563,228
564,144
565,207
566,129
567,224
568,216
569,181
570,214
571,230
572,198
573,203
574,242
575,182
576,225
577,234
578,180
579,242
580,218
581,242
582,201
583,168
584,206
585,142
586,191
587,187
588,184
589,233
590,218
591,160
592,199
593,142
594,142
595,174
596,206
597,239
598,151
599,139
600,144
601,243
602,130
603,94
604,146
605,229
606,151
607,164
608,185
609,108
610,133
611,200
612,183
613,67
614,223
615,127
616,0
617,155
618,237
619,182
620,83
621,194
622,234
623,164
624,134
625,204
626,174
627,222
628,227
629,159
630,224
631,231
632,136
633,163
634,206
635,224
636,239
637,191
638,169
639,81
640,209
641,166
642,240
643,178
644,200
645,149
646,242
647,187
648,212
649,76
650,124
651,226
652,204
653,228
654,191
655,206
656,142
657,217
658,196
659,228
660,155
661,220
662,192
663,183
664,191
665,207
666,233
667,216
668,125
669,216
670,97
671,145
672,194
673,178
674,242
675,209
676,205
677,149
678,148
679,132
680,224
681,154
682,160
683,219
684,223
685,211
686,152
687,230
688,213
689,186
690,101
691,209
692,50
693,247
694,239
695,183
696,130
697,186
698,137
699,141
700,135
701,240
702,234
703,245
704,128
705,228
706,80
707,178
708,148
709,247
710,162
711,232
712,127
713,228
714,171
715,110
716,173
717,249
718,203
719,74
720,213
721,193
722,163
723,75
724,185
725,86
726,204
727,33
728,105
729,214
730,215
731,115
732,180
733,166
734,240
735,194
736,221
737,166
738,187
739,65
740,201
741,222
742,112
743,243
744,225
745,111
746,200
747,74
748,159
749,200
750,74
751,212
752,207
753,193
754,205
755,218
756,202
757,222
758,243
759,100
760,145
761,252
762,248
763,223
764,227
765,222
766,240
767,149
768,203
769,195
770,243
771,93
772,205
773,187
774,135
775,244
776,210
777,239
778,195
779,246
780,192
781,224
782,103
783,206
784,101
785,196
786,54
787,137
788,113
789,225
790,186
791,112
792,107
793,198
794,232
795,101
796,106
797,243
798,77
799,115
800,230
801,159
802,191
803,256
804,245
805,159
806,110
807,206
808,212
809,198
810,214
811,215
812,174
813,140
814,215
815,202
816,140
817,165
818,235
819,201
820,183
821,180
822,230
823,210
824,201
825,177
826,228
827,140
828,245
829,209
830,221
831,204
832,106
833,224
834,192
835,180
836,200
837,156
838,248
839,232
840,70
841,94
842,186
843,220
844,145
845,133
846,132
847,239
848,212
849,219
850,216
851,0
852,125
853,156
854,192
855,154
856,214
857,245
858,199
859,232
860,215
861,156
862,196
863,164
864,150
865,231
866,227
867,243
868,242
869,244
870,182
871,228
872,224
873,192
874,160
875,225
876,193
877,188
878,189
879,171
880,99
881,182
882,211
883,183
884,177
885,147
886,227
887,244
888,162
889,244
890,208
891,62
892,88
893,209
894,166
895,166
896,177
897,63
898,198
899,220
900,171
901,142
902,205
903,166
904,229
905,161
906,204
907,154
908,163
909,159
910,125
911,215
912,103
913,213
914,172
915,241
916,201
917,155
918,182
919,43
920,178
921,157
922,163
923,129
924,198
925,194
926,170
927,200
928,129
929,204
930,117
931,102
932,162
933,215
934,190
935,173
936,179
937,233
938,174
939,142
940,173
941,218
942,183
943,163
944,220
945,129
946,170
947,123
948,212
949,145
950,153
951,151
952,221
953,237
954,183
955,246
956,204
957,213
958,165
959,95
960,213
961,235
962,103
963,219
964,189
965,121
966,130
967,192
968,115
969,208
970,217
971,154
972,186
973,83
974,190
975,142
976,212
977,127
978,218
979,241
980,210
981,196
982,125
983,143
984,171
985,238
986,199
987,235
988,240
989,131
990,243
991,163
992,175
993,224
994,215
995,217
996,170
997,245
998,137
999,225
1000,223
1001,139
1002,170
1003,246
1004,220
1005,230
1006,181
1007,208
1008,191
1009,190
1010,233
1011,200
1012,169
1013,201
1014,220
1015,226
1016,256
1017,191
1018,219
1019,246
1020,256
1021,248
1022,122
1023,155
1024,133
1025,229
1026,201
1027,96
1028,199
1029,188
1030,241
1031,161
1032,140
1033,160
1034,192
1035,203
1036,230
1037,174
1038,228
1039,169
1040,199
1041,144
1042,211
1043,166
1044,128
1045,224
1046,185
1047,183
1048,234
1049,113
1050,173
1051,204
1052,220
1053,188
1054,170
1055,152
1056,241
1057,207
1058,151
1059,211
1060,229
1061,167
1062,199
1063,177
1064,223
1065,205
1066,256
1067,238
1068,245
1069,206
1070,233
1071,180
1072,154
1073,230
1074,243
1075,182
1076,219
1077,201
1078,164
1079,182
1080,227
1081,156
1082,174
1083,122
1084,210
1085,218
1086,211
1087,134
1088,198
1089,132
1090,226
1091,195
1092,226
1093,176
1094,212
1095,238
1096,116
1097,210
1098,215
1099,227
1100,199
1101,225
1102,233
1103,230
1104,172
1105,222
1106,223
1107,162
1108,227
1109,222
1110,182
1111,155
1112,165
1113,224
1114,230
1115,177
1116,223
1117,169
1118,177
1119,138
1120,228
1121,204
1122,160
1123,148
1124,180
1125,151
1126,245
1127,224
1128,182
1129,202
1130,168
1131,240
1132,162
1133,239
1134,184
1135,189
1136,212
1137,183
1138,249
1139,194
1140,247
1141,192
1142,202
1143,127
1144,120
1145,152
1146,88
1147,251
1148,141
1149,207
1150,69
1151,229
1152,196
1153,178
1154,167
1155,176
1156,206
1157,208
1158,211
1159,234
1160,156
1161,236
1162,112
1163,249
1164,172
1165,242
1166,168
1167,227
1168,241
1169,223
1170,184
1171,186
1172,230
1173,204
1174,241
1175,248
1176,218
1177,168
1178,248
1179,143
1180,154
1181,102
1182,134
1183,144
1184,222
1185,235
1186,214
1187,185
1188,106
1189,194
1190,222
1191,150
1192,247
1193,209
1194,231
1195,248
1196,186
1197,188
1198,160
1199,234
1200,176
1201,249
1202,170
1203,216
1204,187
1205,179
1206,138
1207,193
1208,137
1209,202
1210,170
1211,209
1212,208
1213,175
1214,66
1215,137
1216,89
1217,188
1218,126
1219,249
1220,204
1221,191
1222,72
1223,117
1224,189
1225,27
1226,238
1227,117
1228,152
1229,237
1230,110
1231,18
1232,154
1233,194
1234,80
1235,179
1236,197
1237,158
1238,161
1239,210
1240,193
1241,151
1242,129
1243,227
1244,233
1245,249
1246,214
1247,137
1248,242
1249,172
1250,236
1251,156
1252,187
1253,190
1254,112
1255,75
1256,186
1257,238
1258,180
1259,127
1260,167
1261,222
1262,48
1263,247
1264,183
1265,156
1266,73
1267,108
1268,237
1269,207
1270,234
1271,193
1272,195
1273,228
1274,241
1275,221
1276,159
1277,91
1278,217
1279,252
1280,187
1281,115
1282,234
1283,139
1284,173
1285,45
1286,186
1287,16
1288,161
1289,162
1290,239
1291,223
1292,106
1293,196
1294,120
1295,149
1296,242
1297,94
1298,140
1299,82
1300,239
1301,166
1302,236
1303,151
1304,199
1305,234
1306,223
1307,229
1308,38
1309,181
1310,134
1311,161
1312,112
1313,218
1314,223
1315,223
1316,122
1317,186
1318,145
1319,221
1320,126
1321,92
1322,165
1323,240
1324,63
1325,142
1326,165
1327,117
1328,131
1329,218
1330,187
1331,94
1332,147
1333,169
1334,138
1335,165
1336,146
1337,129
1338,83
1339,209
1340,116
1341,197
1342,223
1343,211
1344,151
1345,122
1346,248
1347,143
1348,208
1349,173
1350,232
1351,36
1352,191
1353,68
1354,218
1355,99
1356,222
1357,204
1358,170
1359,128
1360,201
1361,126
1362,176
1363,74
1364,244
1365,243
1366,172
1367,183
1368,155
1369,123
1370,213
1371,199
1372,123
1373,153
1374,241
1375,245
1376,169
1377,197
1378,165
1379,229
1380,213
1381,140
1382,211
1383,234
1384,217
1385,112
1386,244
1387,215
1388,43
1389,39
1390,102
1391,222
1392,165
1393,109
1394,203
1395,105
1396,130
1397,135
1398,182
1399,177
1400,186
1401,202
1402,143
1403,212
1404,232
1405,143
1406,212
1407,115
1408,132
1409,217
1410,173
1411,203
1412,219
1413,213
1414,230
1415,98
1416,159
1417,139
1418,237
1419,194
1420,174
1421,230
1422,246
1423,145
1424,144
1425,240
1426,46
1427,118
1428,220
1429,256
1430,34
1431,193
1432,211
1433,144
1434,101
1435,241
1436,183
1437,148
1438,236
1439,243
1440,233
1441,114
1442,132
1443,244
1444,189
1445,223
1446,153
1447,149
1448,187
1449,107
1450,92
1451,193
1452,212
1453,98
1454,237
1455,246
1456,195
1457,31
1458,177
1459,169
1460,197
1461,256
1462,61
1463,172
1464,127
1465,178
1466,198
1467,225
1468,234
1469,153
1470,121
1471,201
1472,128
1473,167
1474,217
1475,203
1476,194
1477,130
1478,220
1479,150
1480,152
1481,160
1482,238
1483,229
1484,223
1485,122
1486,247
1487,156
1488,243
1489,220
1490,184
1491,75
1492,230
1493,215
1494,251
1495,229
1496,249
1497,228
1498,225
1499,175
1500,146
1501,202
1502,199
1503,172
1504,142
1505,179
1506,119
1507,96
1508,200
1509,194
1510,126
1511,186
1512,161
1513,107
1514,142
1515,233
1516,193
1517,205
1518,220
1519,94
1520,196
1521,238
1522,185
1523,95
1524,133
1525,224
1526,180
1527,208
1528,195
1529,223
1530,171
1531,122
1532,201
1533,241
1534,138
1535,124
1536,132
1537,174
1538,138
1539,225
1540,187
1541,238
1542,59
1543,216
1544,156
1545,130
1546,191
1547,168
1548,61
1549,172
1550,48
1551,84
1552,172
1553,181
1554,189
1555,153
1556,134
1557,231
1558,197
1559,166
1560,229
1561,125
1562,245
1563,164
1564,169
1565,149
1566,120
1567,163
1568,239
1569,121
1570,186
1571,193
1572,246
1573,238
1574,174
1575,242
1576,139
1577,72
1578,130
1579,233
1580,204
1581,125
1582,106
1583,235
1584,179
1585,190
1586,221
1587,159
1588,196
1589,118
1590,233
1591,220
1592,206
1593,204
1594,175
1595,63
1596,163
1597,126
1598,103
1599,154
1600,221
1601,208
1602,150
1603,178
1604,239
1605,231
1606,199
1607,151
1608,231
1609,198
1610,252
1611,164
1612,197
1613,221
1614,179
1615,108
1616,236
1617,161
1618,188
1619,184
1620,164
1621,215
1622,240
1623,201
1624,208
1625,193
1626,97
1627,94
1628,232
1629,194
1630,188
1631,222
1632,208
1633,191
1634,192
1635,235
1636,204
1637,237
1638,102
1639,218
1640,219
1641,191
1642,185
1643,176
1644,233
1645,216
1646,220
1647,254
1648,254
1649,250
1650,226
1651,244
1652,175
1653,136
1654,144
1655,248
1656,199
1657,177
1658,247
1659,223
1660,233
1661,164
1662,196
1663,219
1664,148
1665,249
1666,156
1667,190
1668,110
1669,162
1670,205
1671,214
1672,251
1673,255
1674,212
1675,246
1676,218
1677,233
1678,171
1679,158
1680,229
1681,181
1682,228
1683,168
1684,187
1685,235
1686,170
1687,232
1688,241
1689,170
1690,139
1691,137
1692,208
1693,183
1694,116
1695,170
1696,183
1697,38
1698,215
1699,249
1700,150
1701,218
1702,144
1703,228
1704,232
1705,195
1706,235
1707,98
1708,190
1709,235
1710,196
1711,199
1712,130
1713,173
1714,36
1715,222
1716,232
1717,188
1718,129
1719,227
1720,149
1721,155
1722,211
1723,51
1724,88
1725,208
1726,238
1727,199
1728,179
1729,127
1730,150
1731,229
1732,172
1733,200
1734,125
1735,215
1736,136
1737,135
1738,195
1739,222
1740,145
1741,141
1742,145
1743,234
1744,251
1745,145
1746,156
1747,117
1748,174
1749,174
1750,89
1751,161
1752,144
1753,111
1754,190
1755,213
1756,221
1757,157
1758,233
1759,201
1760,119
1761,53
1762,228
1763,182
1764,218
1765,149
1766,162
1767,166
1768,231
1769,171
1770,208
1771,129
1772,143
1773,164
1774,99
1775,246
1776,242
1777,179
1778,117
1779,181
1780,215
1781,204
1782,55
1783,59
1784,196
1785,164
1786,106
1787,230
1788,202
1789,161
1790,238
1791,248
1792,193
1793,120
1794,194
1795,232
1796,136
1797,196
1798,221
1799,213
1800,171
1801,231
1802,233
1803,126
1804,219
1805,220
1806,160
1807,201
1808,199
1809,217
1810,184
1811,207
1812,166
1813,250
1814,166
1815,184
1816,187
1817,182
1818,165
1819,44
1820,150
1821,207
1822,208
1823,127
1824,201
1825,169
1826,146
1827,207
1828,200
1829,229
1830,212
1831,235
1832,213
1833,256
1834,93
1835,206
1836,186
1837,148
1838,240
1839,217
1840,225
1841,256
1842,210
1843,144
1844,165
1845,122
1846,38
1847,145
1848,224
1849,117
1850,167
1851,197
1852,213
1853,178
1854,185
1855,161
1856,201
1857,242
1858,194
1859,207
1860,227
1861,123
1862,151
1863,236
1864,247
1865,121
1866,220
1867,246
1868,108
1869,251
1870,239
1871,221
1872,172
1873,206
1874,222
1875,228
1876,161
1877,171
1878,195
1879,163
1880,238
1881,177
1882,249
1883,223
1884,167
1885,221
1886,203
1887,127
1888,172
1889,162
1890,236
1891,94
1892,252
1893,240
1894,198
1895,247
1896,121
1897,198
1898,203
1899,164
1900,77
1901,238
1902,149
1903,191
1904,174
1905,208
1906,58
1907,177
1908,227
1909,138
1910,159
1911,249
1912,187
1913,73
1914,135
1915,241
1916,243
1917,238
1918,237
1919,148
1920,205
1921,191
1922,248
1923,204
1924,98
1925,182
1926,205
1927,152
1928,109
1929,155
1930,130
1931,113
1932,247
1933,142
1934,87
1935,254
1936,206
1937,159
1938,186
1939,160
1940,110
1941,235
1942,244
1943,187
1944,109
1945,153
1946,216
1947,224
1948,228
1949,229
1950,190
1951,211
1952,207
1953,187
1954,140
1955,150
1956,213
1957,182
1958,211
1959,202
1960,222
1961,153
1962,104
1963,128
1964,72
1965,222
1966,232
1967,195
1968,207
1969,248
1970,145
1971,175
1972,233
1973,139
1974,193
1975,204
1976,192
1977,170
1978,182
1979,171
1980,159
1981,234
1982,233
1983,219
1984,176
1985,203
1986,203
1987,253
1988,231
1989,243
1990,167
1991,120
1992,238
1993,225
1994,149
1995,233
1996,92
1997,145
1998,229
1999,208
2000,138
2001,99
2002,132
2003,112
2004,196
2005,177
2006,206
2007,242
2008,25
2009,43
2010,247
2011,137
2012,232
2013,207
2014,139
2015,139
2016,187
2017,250
2018,191
2019,224
2020,243
2021,151
2022,207
2023,246
2024,182
2025,67
2026,204
2027,209
2028,135
2029,43
2030,226
2031,209
2032,47
2033,226
2034,123
2035,209
2036,229
2037,120
2038,244
2039,180
2040,207
2041,130
2042,174
2043,241
2044,139
2045,47
2046,232
2047,78
2048,83
2049,168
2050,216
2051,153
2052,157
2053,150
2054,235
2055,237
2056,0
2057,75
2058,198
2059,226
2060,174
2061,175
2062,155
2063,132
2064,196
2065,186
2066,224
2067,109
2068,136
2069,130
2070,199
2071,243
2072,103
2073,221
2074,216
2075,222
2076,227
2077,209
2078,164
2079,153
2080,209
2081,150
2082,124
2083,215
2084,217
2085,144
2086,176
2087,203
2088,227
2089,221
2090,187
2091,39
2092,238
2093,113
2094,172
2095,241
2096,151
2097,185
2098,160
2099,159
2100,149
2101,164
2102,171
2103,158
2104,216
2105,196
2106,198
2107,163
2108,181
2109,175
2110,230
2111,18
2112,151
2113,60
2114,48
2115,186
2116,58
2117,145
2118,87
2119,245
2120,208
2121,191
2122,163
2123,191
2124,245
2125,60
2126,177
2127,239
2128,218
2129,139
2130,172
2131,236
2132,88
2133,220
2134,153
2135,0
2136,217
2137,164
2138,180
2139,115
2140,126
2141,142
2142,187
2143,214
2144,147
2145,176
2146,92
2147,240
2148,46
2149,108
2150,167
2151,206
2152,147
2153,166
2154,199
2155,208
2156,180
2157,192
2158,218
2159,202
2160,173
2161,169
2162,160
2163,132
2164,183
2165,232
2166,149
2167,24
2168,34
2169,238
2170,238
2171,97
2172,218
2173,179
2174,217
2175,196
2176,183
2177,221
2178,146
2179,233
2180,131
2181,237
2182,11
2183,172
2184,71
2185,209
2186,145
2187,230
2188,233
2189,158
2190,185
2191,45
2192,203
2193,108
2194,207
2195,93
2196,212
2197,133
2198,219
2199,161
2200,198
2201,65
2202,222
2203,165
2204,102
2205,235
2206,127
2207,144
2208,163
2209,81
2210,102
2211,164
2212,138
2213,85
2214,180
2215,211
2216,217
2217,170
2218,44
2219,117
2220,194
2221,104
2222,210
2223,219
2224,142
2225,184
2226,210
2227,132
2228,160
2229,210
2230,249
2231,40
2232,169
2233,225
2234,228
2235,214
2236,128
2237,158
2238,176
2239,203
2240,124
2241,245
2242,193
2243,212
2244,245
2245,203
2246,197
2247,187
2248,69
2249,107
2250,176
2251,196
2252,225
2253,159
2254,169
2255,187
2256,165
2257,75
2258,201
2259,154
2260,183
2261,176
2262,205
2263,209
2264,232
2265,185
2266,130
2267,207
2268,226
2269,109
2270,95
2271,236
2272,137
2273,213
2274,161
2275,215
2276,170
2277,91
2278,0
2279,143
2280,175
2281,153
2282,145
2283,157
2284,77
2285,247
2286,100
2287,203
2288,242
2289,202
2290,156
2291,221
2292,36
2293,179
2294,127
2295,243
2296,187
2297,200
2298,228
2299,105
2300,205
2301,166
2302,180
2303,241
2304,166
2305,145
2306,0
2307,43
2308,221
2309,195
2310,207
2311,152
2312,224
2313,232
2314,175
2315,124
2316,83
2317,125
2318,250
2319,130
2320,227
2321,208
2322,144
2323,202
2324,198
2325,212
2326,124
2327,238
2328,130
2329,242
2330,130
2331,161
2332,200
2333,189
2334,182
2335,224
2336,126
2337,152
2338,208
2339,174
2340,209
2341,194
2342,182
2343,170
2344,236
2345,225
2346,172
2347,206
2348,210
2349,221
2350,171
2351,145
2352,191
2353,170
2354,192
2355,184
2356,183
2357,141
2358,208
2359,182
2360,184
2361,82
2362,201
2363,91
2364,219
2365,139
2366,243
2367,102
2368,207
2369,224
2370,190
2371,73
2372,240
2373,187
2374,129
2375,84
2376,212
2377,133
2378,56
2379,240
2380,165
2381,177
2382,163
2383,217
2384,7
2385,134
2386,222
2387,212
2388,150
2389,137
2390,208
2391,204
2392,166
2393,165
2394,91
2395,174
2396,219
2397,144
2398,202
2399,207
