0,194
1,181
2,183
3,207
4,190
5,88
6,201
7,246
8,229
9,146
10,140
11,231
12,205
13,178
14,234
15,168
16,220
17,212
18,243
19,239
20,238
21,96
22,178
23,206
24,243
25,229
26,71
27,64
28,230
29,178
30,99
31,191
32,178
33,237
34,235
35,228
36,237
37,221
38,212
39,240
40,200
41,249
42,192
43,84
44,224
45,219
46,165
47,237
48,152
49,182
50,178
51,212
52,63
53,210
54,209
55,198
56,172
57,183
58,206
59,254
60,235
61,153
62,196
63,231
64,210
65,219
66,250
67,235
68,178
69,170
70,194
71,207
72,174
73,230
74,238
75,159
76,233
77,0
78,221
79,182
80,240
81,235
82,122
83,175
84,221
85,224
86,162
87,203
88,132
89,204
90,193
91,247
92,187
93,162
94,109
95,211
96,215
97,194
98,247
99,194
100,256
101,249
102,184
103,101
104,245
105,217
106,222
107,216
108,163
109,0
110,169
111,164
112,214
113,232
114,248
115,229
116,223
117,221
118,233
119,235
120,169
121,210
122,89
123,85
124,193
125,201
126,219
127,76
128,211
129,166
130,176
131,215
132,230
133,245
134,136
135,188
136,143
137,175
138,105
139,158
140,254
141,232
142,220
143,129
144,162
145,168
146,205
147,185
148,205
149,196
150,94
151,218
152,233
153,184
154,168
155,226
156,249
157,170
158,53
159,137
160,226
161,193
162,229
163,146
164,236
165,78
166,116
167,171
168,161
169,252
170,218
171,155
172,200
173,143
174,241
175,184
176,218
177,201
178,232
179,0
180,159
181,43
182,177
183,234
184,200
185,208
186,224
187,159
188,135
189,237
190,246
191,217
192,111
193,251
194,194
195,239
196,169
197,195
198,149
199,201
200,193
201,217
202,191
203,204
204,252
205,171
206,150
207,213
208,222
209,182
210,168
211,203
212,241
213,239
214,120
215,186
216,207
217,190
218,222
219,195
220,134
221,230
222,195
223,77
224,227
225,252
226,242
227,186
228,221
229,221
230,179
231,193
232,243
233,211
234,197
235,205
236,135
237,218
238,147
239,221
240,219
241,163
242,245
243,167
244,244
245,206
246,227
247,249
248,204
249,214
250,177
251,122
252,207
253,199
254,226
255,250
256,254
257,208
258,185
259,172
260,138
261,201
262,231
263,56
264,219
265,217
266,154
267,147
268,211
269,189
270,192
271,207
272,183
273,252
274,197
275,187
276,227
277,85
278,247
279,174
280,110
281,211
282,229
283,213
284,130
285,219
286,191
287,221
288,220
289,200
290,165
291,234
292,181
293,105
294,204
295,143
296,132
297,95
298,152
299,210
300,180
301,194
302,239
303,146
304,232
305,229
306,161
307,218
308,213
309,246
310,210
311,173
312,165
313,248
314,252
315,171
316,101
317,164
318,230
319,171
320,210
321,101
322,168
323,219
324,207
325,232
326,141
327,248
328,204
329,38
330,231
331,250
332,88
333,227
334,222
335,220
336,193
337,214
338,227
339,114
340,65
341,249
342,235
343,206
344,169
345,167
346,142
347,128
348,32
349,11
350,104
351,178
352,151
353,153
354,211
355,223
356,201
357,222
358,218
359,126
360,213
361,179
362,212
363,153
364,227
365,194
366,195
367,239
368,240
369,47
370,185
371,202
372,128
373,172
374,249
375,118
376,204
377,234
378,147
379,228
380,197
381,104
382,123
383,208
384,186
385,252
386,208
387,95
388,189
389,220
390,240
391,195
392,241
393,172
394,168
395,21
396,211
397,213
398,167
399,236
400,134
401,169
402,217
403,167
404,153
405,211
406,225
407,59
408,205
409,230
410,192
411,150
412,227
413,250
414,212
415,116
416,118
417,77
418,214
419,103
420,223
421,185
422,216
423,238
424,211
425,239
426,229
427,104
428,142
429,170
430,231
431,237
432,205
433,248
434,197
435,168
436,155
437,222
438,186
439,225
440,199
441,129
442,200
443,201
444,174
445,180
446,16
447,210
448,104
449,227
450,62
451,193
452,205
453,161
454,233
455,217
456,208
457,251
458,205
459,252
460,240
461,245
462,249
463,176
464,227
465,125
466,187
467,182
468,111
469,142
470,95
471,187
472,196
473,169
474,190
475,245
476,210
477,184
478,221
479,118
480,171
481,248
482,244
483,248
484,180
485,160
486,220
487,33
488,179
489,236
490,181
491,151
492,211
493,0
494,172
495,169
496,229
497,223
498,236
499,233
500,183
501,188
502,236
503,246
504,148
505,244
506,115
507,205
508,169
509,17
510,226
511,226
512,222
513,251
514,165
515,234
516,190
517,159
518,93
519,225
520,110
521,226
522,170
523,95
524,197
525,208
526,213
527,224
528,225
529,222
530,180
531,216
532,137
533,186
534,251
535,100
536,226
537,228
538,115
539,81
540,217
541,245
542,228
543,180
544,230
545,157
546,173
547,152
548,86
549,256
550,167
551,130
552,222
553,156
554,77
555,207
556,0
557,235
558,159
559,196
560,132
561,216
562,193
563,115
564,220
565,178
566,250
567,254
568,211
569,245
570,205
571,144
572,227
573,234
574,196
575,195
576,219
577,85
578,231
579,255
580,192
581,79
582,220
583,254
584,246
585,143
586,178
587,219
588,187
589,115
590,234
591,234
592,251
593,132
594,179
595,231
596,241
597,248
598,152
599,238
600,141
601,204
602,125
603,211
604,166
605,152
606,168
607,188
608,201
609,138
610,227
611,250
612,206
613,249
614,42
615,253
616,128
617,155
618,132
619,140
620,203
621,210
622,136
623,234
624,176
625,192
626,211
627,202
628,221
629,164
630,201
631,202
632,236
633,231
634,208
635,201
636,185
637,105
638,89
639,225
640,49
641,161
642,186
643,158
644,238
645,233
646,238
647,231
648,175
649,188
650,167
651,250
652,112
653,160
654,0
655,204
656,159
657,247
658,241
659,24
660,225
661,209
662,187
663,202
664,230
665,96
666,233
667,82
668,221
669,96
670,197
671,218
672,0
673,239
674,194
675,210
676,152
677,143
678,200
679,224
680,245
681,145
682,247
683,200
684,209
685,228
686,149
687,185
688,208
689,90
690,238
691,229
692,206
693,190
694,167
695,228
696,130
697,230
698,0
699,181
700,218
701,241
702,130
703,255
704,183
705,226
706,114
707,247
708,45
709,142
710,246
711,251
712,251
713,218
714,128
715,166
716,170
717,222
718,153
719,86
720,134
721,234
722,85
723,227
724,224
725,166
726,139
727,253
728,66
729,207
730,201
731,84
732,229
733,111
734,233
735,134
736,155
737,189
738,223
739,203
740,236
741,224
742,22
743,76
744,190
745,158
746,79
747,254
748,208
749,240
750,181
751,54
752,203
753,132
754,249
755,11
756,231
757,209
758,196
759,236
760,191
761,89
762,202
763,228
764,195
765,245
766,172
767,206
768,132
769,221
770,176
771,218
772,141
773,232
774,201
775,144
776,195
777,229
778,186
779,41
780,222
781,178
782,112
783,242
784,211
785,249
786,242
787,80
788,96
789,234
790,252
791,82
792,190
793,239
794,197
795,224
796,148
797,153
798,232
799,256
800,148
801,235
802,214
803,163
804,170
805,219
806,247
807,211
808,246
809,224
810,226
811,60
812,164
813,233
814,194
815,211
816,212
817,164
818,74
819,213
820,251
821,219
822,0
823,219
824,228
825,196
826,204
827,233
828,192
829,239
830,173
831,197
832,216
833,58
834,175
835,131
836,161
837,113
838,160
839,164
840,232
841,238
842,235
843,223
844,196
845,236
846,122
847,199
848,232
849,167
850,215
851,168
852,173
853,248
854,152
855,121
856,110
857,245
858,182
859,107
860,237
861,204
862,181
863,223
864,146
865,119
866,225
867,238
868,158
869,223
870,186
871,230
872,207
873,205
874,246
875,241
876,206
877,223
878,201
879,170
880,239
881,140
882,50
883,220
884,182
885,221
886,150
887,231
888,210
889,94
890,249
891,217
892,213
893,191
894,169
895,252
896,239
897,228
898,161
899,192
900,143
901,191
902,197
903,141
904,103
905,193
906,130
907,21
908,198
909,219
910,236
911,213
912,27
913,193
914,243
915,219
916,130
917,174
918,164
919,215
920,211
921,178
922,182
923,242
924,251
925,170
926,224
927,129
928,246
929,226
930,217
931,236
932,183
933,241
934,174
935,238
936,228
937,135
938,45
939,251
940,236
941,208
942,103
943,205
944,198
945,235
946,216
947,177
948,190
949,256
950,162
951,239
952,151
953,234
954,240
955,140
956,233
957,245
958,209
959,199
960,220
961,250
962,250
963,159
964,183
965,205
966,251
967,253
968,223
969,173
970,218
971,140
972,211
973,124
974,175
975,162
976,227
977,149
978,226
979,236
980,92
981,255
982,156
983,226
984,240
985,105
986,0
987,236
988,156
989,174
990,155
991,155
992,121
993,242
994,200
995,173
996,196
997,221
998,190
999,250
1000,241
1001,204
1002,248
1003,86
1004,194
1005,194
1006,184
1007,200
1008,153
1009,76
1010,100
1011,176
1012,249
1013,208
1014,230
1015,208
1016,220
1017,224
1018,186
1019,224
1020,203
1021,135
1022,234
1023,185
1024,113
1025,254
1026,99
1027,222
1028,248
1029,205
1030,161
1031,59
1032,91
1033,246
1034,170
1035,247
1036,107
1037,90
1038,180
1039,99
1040,193
1041,169
1042,153
1043,220
1044,146
1045,206
1046,182
1047,168
1048,176
1049,137
1050,228
1051,250
1052,217
1053,149
1054,136
1055,159
1056,181
1057,247
1058,80
1059,196
1060,212
1061,143
1062,221
1063,218
1064,215
1065,234
1066,99
1067,217
1068,221
1069,252
1070,252
1071,191
1072,156
1073,219
1074,94
1075,254
1076,224
1077,246
1078,212
1079,248
1080,167
1081,210
1082,153
1083,189
1084,223
1085,180
1086,158
1087,174
1088,71
1089,193
1090,104
1091,193
1092,56
1093,76
1094,88
1095,215
1096,113
1097,112
1098,121
1099,202
1100,235
1101,237
1102,133
1103,182
1104,235
1105,162
1106,175
1107,248
1108,243
1109,223
1110,254
1111,232
1112,248
1113,240
1114,129
1115,211
1116,203
1117,174
1118,187
1119,195
1120,224
1121,124
1122,165
1123,147
1124,111
1125,237
1126,0
1127,182
1128,114
1129,207
1130,248
1131,256
1132,207
1133,239
1134,66
1135,226
1136,175
1137,166
1138,198
1139,82
1140,240
1141,237
1142,233
1143,161
1144,101
1145,189
1146,190
1147,215
1148,175
1149,170
1150,92
1151,243
1152,100
1153,204
1154,243
1155,136
1156,252
1157,237
1158,219
1159,240
1160,186
1161,230
1162,184
1163,225
1164,119
1165,149
1166,239
1167,193
1168,188
1169,164
1170,239
1171,197
1172,189
1173,210
1174,202
1175,234
1176,148
1177,225
1178,189
1179,239
1180,103
1181,164
1182,194
1183,213
1184,151
1185,245
1186,256
1187,41
1188,140
1189,229
1190,242
1191,227
1192,205
1193,250
1194,248
1195,228
1196,183
1197,170
1198,156
1199,34
1200,117
1201,255
1202,225
1203,238
1204,72
1205,230
1206,222
1207,218
1208,150
1209,235
1210,210
1211,189
1212,215
1213,0
1214,245
1215,0
1216,226
1217,0
1218,188
1219,242
1220,244
1221,167
1222,143
1223,226
1224,140
1225,41
1226,201
1227,184
1228,24
1229,129
1230,171
1231,154
1232,164
1233,236
1234,99
1235,85
1236,158
1237,124
1238,208
1239,245
1240,179
1241,219
1242,192
1243,220
1244,180
1245,84
1246,254
1247,240
1248,143
1249,216
1250,182
1251,176
1252,169
1253,245
1254,214
1255,173
1256,218
1257,154
1258,204
1259,245
1260,237
1261,239
1262,166
1263,251
1264,198
1265,186
1266,167
1267,198
1268,202
1269,242
1270,164
1271,220
1272,220
1273,215
1274,94
1275,176
1276,75
1277,200
1278,222
1279,207
1280,162
1281,196
1282,126
1283,183
1284,242
1285,34
1286,177
1287,49
1288,183
1289,193
1290,130
1291,53
1292,172
1293,107
1294,217
1295,163
1296,228
1297,237
1298,146
1299,250
1300,58
1301,236
1302,218
1303,183
1304,211
1305,137
1306,154
1307,202
1308,127
1309,169
1310,198
1311,181
1312,210
1313,166
1314,216
1315,256
1316,212
1317,199
1318,194
1319,102
1320,201
1321,103
1322,204
1323,245
1324,62
1325,147
1326,181
1327,251
1328,189
1329,219
1330,205
1331,175
1332,255
1333,213
1334,236
1335,164
1336,185
1337,110
1338,198
1339,173
1340,247
1341,254
1342,208
1343,210
1344,237
1345,234
1346,200
1347,254
1348,162
1349,190
1350,228
1351,241
1352,165
1353,227
1354,232
1355,80
1356,173
1357,137
1358,190
1359,92
1360,235
1361,244
1362,219
1363,188
1364,151
1365,174
1366,71
1367,242
1368,176
1369,235
1370,239
1371,185
1372,252
1373,198
1374,201
1375,178
1376,208
1377,209
1378,22
1379,180
1380,203
1381,168
1382,186
1383,235
1384,59
1385,140
1386,147
1387,200
1388,40
1389,247
1390,207
1391,206
1392,124
1393,231
1394,216
1395,224
1396,190
1397,241
1398,144
1399,218
1400,164
1401,221
1402,120
1403,163
1404,151
1405,189
1406,255
1407,0
1408,143
1409,110
1410,213
1411,229
1412,238
1413,237
1414,199
1415,226
1416,50
1417,230
1418,148
1419,16
1420,215
1421,222
1422,207
1423,256
1424,155
1425,192
1426,238
1427,141
1428,161
1429,165
1430,218
1431,85
1432,164
1433,230
1434,186
1435,160
1436,243
1437,227
1438,114
1439,221
1440,214
1441,240
1442,165
1443,251
1444,168
1445,248
1446,226
1447,225
1448,234
1449,188
1450,202
1451,141
1452,240
1453,140
1454,221
1455,225
1456,244
1457,187
1458,215
1459,192
1460,67
1461,185
1462,237
1463,213
1464,58
1465,224
1466,250
1467,241
1468,135
1469,182
1470,118
1471,240
1472,218
1473,217
1474,0
1475,200
1476,148
1477,198
1478,166
1479,214
1480,209
1481,0
1482,235
1483,65
1484,210
1485,202
1486,180
1487,249
1488,186
1489,211
1490,171
1491,251
1492,182
1493,251
1494,122
1495,234
1496,223
1497,193
1498,155
1499,201
1500,59
1501,203
1502,134
1503,159
1504,177
1505,113
1506,85
1507,225
1508,240
1509,162
1510,79
1511,244
1512,103
1513,160
1514,226
1515,181
1516,193
1517,202
1518,232
1519,210
1520,182
1521,216
1522,242
1523,249
1524,142
1525,228
1526,229
1527,178
1528,158
1529,191
1530,172
1531,225
1532,122
1533,0
1534,193
1535,200
1536,226
1537,170
1538,160
1539,237
1540,183
1541,247
1542,249
1543,230
1544,198
1545,136
1546,243
1547,167
1548,150
1549,168
1550,125
1551,161
1552,224
1553,221
1554,82
1555,232
1556,77
1557,190
1558,215
1559,176
1560,181
1561,182
1562,254
1563,177
1564,240
1565,126
1566,235
1567,232
1568,224
1569,161
1570,241
1571,238
1572,190
1573,227
1574,197
1575,210
1576,185
1577,229
1578,194
1579,240
1580,230
1581,239
1582,164
1583,207
1584,119
1585,146
1586,236
1587,237
1588,224
1589,221
1590,242
1591,201
1592,171
1593,150
1594,164
1595,230
1596,214
1597,141
1598,194
1599,158
1600,187
1601,172
1602,196
1603,207
1604,191
1605,244
1606,96
1607,223
1608,127
1609,191
1610,116
1611,205
1612,254
1613,167
1614,215
1615,205
1616,171
1617,151
1618,186
1619,232
1620,221
1621,80
1622,182
1623,200
1624,152
1625,181
1626,104
1627,213
1628,236
1629,150
1630,235
1631,239
1632,192
1633,213
1634,34
1635,192
1636,184
1637,182
1638,130
1639,151
1640,160
1641,213
1642,243
1643,139
1644,151
1645,250
1646,127
1647,228
1648,231
1649,214
1650,241
1651,225
1652,141
1653,188
1654,15
1655,242
1656,107
1657,208
1658,86
1659,161
1660,166
1661,249
1662,169
1663,130
1664,180
1665,241
1666,100
1667,159
1668,209
1669,85
1670,216
1671,113
1672,215
1673,41
1674,220
1675,196
1676,215
1677,225
1678,225
1679,41
1680,149
1681,216
1682,220
1683,168
1684,176
1685,204
1686,235
1687,230
1688,249
1689,211
1690,235
1691,52
1692,160
1693,178
1694,177
1695,38
1696,222
1697,127
1698,221
1699,206
1700,224
1701,250
1702,249
1703,242
1704,256
1705,186
1706,242
1707,256
1708,227
1709,235
1710,200
1711,220
1712,168
1713,171
1714,135
1715,173
1716,126
1717,178
1718,219
1719,185
1720,212
1721,186
1722,214
1723,62
1724,256
1725,225
1726,160
1727,215
1728,218
1729,226
1730,144
1731,190
1732,218
1733,79
1734,138
1735,49
1736,202
1737,251
1738,164
1739,243
1740,211
1741,80
1742,254
1743,188
1744,168
1745,149
1746,172
1747,217
1748,215
1749,162
1750,229
1751,171
1752,161
1753,217
1754,247
1755,193
1756,203
1757,186
1758,240
1759,205
1760,57
1761,2
1762,247
1763,198
1764,196
1765,34
1766,251
1767,178
1768,162
1769,223
1770,0
1771,205
1772,0
1773,162
1774,73
1775,158
1776,109
1777,230
1778,96
1779,162
1780,255
1781,121
1782,196
1783,202
1784,126
1785,180
1786,216
1787,235
1788,185
1789,249
1790,140
1791,0
1792,59
1793,186
1794,0
1795,56
1796,220
1797,37
1798,157
1799,189
1800,191
1801,192
1802,172
1803,94
1804,115
1805,155
1806,99
1807,141
1808,208
1809,84
1810,168
1811,208
1812,223
1813,209
1814,170
1815,192
1816,123
1817,100
1818,124
1819,234
1820,209
1821,78
1822,196
1823,240
1824,218
1825,215
1826,226
1827,174
1828,176
1829,52
1830,125
1831,183
1832,198
1833,241
1834,78
1835,167
1836,220
1837,163
1838,214
1839,80
1840,224
1841,161
1842,245
1843,163
1844,252
1845,99
1846,121
1847,224
1848,49
1849,179
1850,231
1851,7
1852,213
1853,195
1854,141
1855,207
1856,175
1857,218
1858,239
1859,203
1860,156
1861,178
1862,132
1863,175
1864,191
1865,196
1866,179
1867,251
1868,195
1869,223
1870,194
1871,161
1872,37
1873,189
1874,196
1875,234
1876,109
1877,195
1878,244
1879,177
1880,166
1881,99
1882,201
1883,174
1884,245
1885,34
1886,29
1887,246
1888,163
1889,176
1890,228
1891,164
1892,113
1893,222
1894,253
1895,220
1896,196
1897,213
1898,199
1899,162
1900,195
1901,245
1902,212
1903,157
1904,197
1905,190
1906,221
1907,209
1908,193
1909,124
1910,206
1911,218
1912,212
1913,55
1914,78
1915,157
1916,220
1917,200
1918,95
1919,160
1920,233
1921,214
1922,198
1923,201
1924,70
1925,188
1926,197
1927,154
1928,194
1929,182
1930,145
1931,255
1932,227
1933,223
1934,195
1935,241
1936,199
1937,196
1938,4
1939,139
1940,175
1941,226
1942,196
1943,180
1944,247
1945,206
1946,139
1947,209
1948,245
1949,97
1950,159
1951,148
1952,173
1953,30
1954,245
1955,116
1956,194
1957,227
1958,180
1959,184
1960,178
1961,62
1962,171
1963,121
1964,0
1965,173
1966,213
1967,194
1968,247
1969,255
1970,237
1971,253
1972,197
1973,106
1974,226
1975,13
1976,219
1977,236
1978,183
1979,244
1980,182
1981,224
1982,224
1983,225
1984,218
1985,147
1986,236
1987,194
1988,240
1989,206
1990,242
1991,159
1992,235
1993,134
1994,52
1995,208
1996,79
1997,171
1998,194
1999,198
2000,197
2001,212
2002,205
2003,206
2004,176
2005,185
2006,218
2007,227
2008,204
2009,221
2010,224
2011,232
2012,236
2013,222
2014,166
2015,193
2016,229
2017,217
2018,194
2019,232
2020,180
2021,240
2022,60
2023,227
2024,199
2025,238
2026,229
2027,134
2028,201
2029,100
2030,254
2031,228
2032,231
2033,245
2034,172
2035,224
2036,140
2037,153
2038,154
2039,199
2040,165
2041,221
2042,0
2043,187
2044,245
2045,140
2046,256
2047,249
2048,192
2049,175
2050,77
2051,148
2052,157
2053,223
2054,223
2055,230
2056,215
2057,216
2058,213
2059,215
2060,103
2061,223
2062,65
2063,31
2064,61
2065,236
2066,206
2067,111
2068,28
2069,93
2070,172
2071,208
2072,180
2073,233
2074,253
2075,246
2076,157
2077,132
2078,243
2079,142
2080,211
2081,232
2082,225
2083,194
2084,213
2085,125
2086,133
2087,175
2088,221
2089,231
2090,138
2091,254
2092,165
2093,238
2094,216
2095,188
2096,237
2097,187
2098,186
2099,149
2100,203
2101,238
2102,176
2103,153
2104,206
2105,159
2106,241
2107,217
2108,183
2109,237
2110,207
2111,224
2112,150
2113,184
2114,216
2115,235
2116,204
2117,238
2118,231
2119,248
2120,165
2121,59
2122,210
2123,150
2124,232
2125,227
2126,178
2127,165
2128,169
2129,162
2130,233
2131,100
2132,158
2133,163
2134,143
2135,189
2136,220
2137,103
2138,256
2139,217
2140,170
2141,220
2142,217
2143,233
2144,226
2145,229
2146,151
2147,177
2148,210
2149,205
2150,184
2151,254
2152,189
2153,200
2154,238
2155,243
2156,246
2157,215
2158,174
2159,204
2160,123
2161,192
2162,0
2163,225
2164,232
2165,150
2166,239
2167,172
2168,186
2169,252
2170,227
2171,186
2172,96
2173,146
2174,167
2175,177
2176,235
2177,251
2178,210
2179,200
2180,256
2181,191
2182,157
2183,137
2184,147
2185,192
2186,121
2187,18
2188,208
2189,200
2190,177
2191,212
2192,160
2193,44
2194,243
2195,99
2196,122
2197,224
2198,92
2199,143
2200,152
2201,200
2202,238
2203,0
2204,177
2205,133
2206,240
2207,171
2208,154
2209,160
2210,144
2211,241
2212,111
2213,145
2214,218
2215,256
2216,223
2217,233
2218,219
2219,182
2220,183
2221,238
2222,218
2223,176
2224,37
2225,224
2226,219
2227,121
2228,140
2229,155
2230,242
2231,229
2232,152
2233,160
2234,150
2235,232
2236,66
2237,245
2238,219
2239,156
2240,165
2241,195
2242,180
2243,207
2244,138
2245,186
2246,182
2247,197
2248,227
2249,158
2250,238
2251,255
2252,115
2253,215
2254,251
2255,213
2256,115
2257,220
2258,179
2259,50
2260,215
2261,179
2262,230
2263,89
2264,242
2265,0
2266,222
2267,218
2268,0
2269,166
2270,155
2271,52
2272,249
2273,159
2274,234
2275,99
2276,256
2277,239
2278,165
2279,171
2280,217
2281,155
2282,179
2283,63
2284,252
2285,228
2286,138
2287,185
2288,231
2289,220
2290,183
2291,209
2292,243
2293,111
2294,161
2295,162
2296,172
2297,179
2298,252
2299,219
2300,200
2301,203
2302,249
2303,235
2304,237
2305,233
2306,175
2307,146
2308,190
2309,214
2310,180
2311,154
2312,244
2313,217
2314,253
2315,256
2316,183
2317,0
2318,110
2319,213
2320,206
2321,201
2322,238
2323,247
2324,244
2325,207
2326,163
2327,233
2328,51
2329,213
2330,185
2331,173
2332,190
2333,194
2334,226
2335,173
2336,158
2337,228
2338,233
2339,143
2340,234
2341,174
2342,256
2343,198
2344,203
2345,218
2346,238
2347,204
2348,241
2349,205
2350,174
2351,239
2352,77
2353,131
2354,155
2355,246
2356,218
2357,198
2358,206
2359,26
2360,227
2361,85
2362,89
2363,226
2364,221
2365,183
2366,107
2367,246
2368,131
2369,118
2370,237
2371,213
2372,127
2373,245
2374,223
2375,223
2376,216
2377,0
2378,253
2379,246
2380,222
2381,188
2382,142
2383,234
2384,231
2385,227
2386,156
2387,208
2388,220
2389,154
2390,232
2391,165
2392,145
2393,182
2394,123
2395,138
2396,164
2397,246
2398,165
2399,224
