0,179
1,184
2,184
3,217
4,199
5,153
6,203
7,233
8,230
9,130
10,148
11,235
12,216
13,172
14,230
15,161
16,210
17,193
18,240
19,219
20,239
21,91
22,169
23,199
24,243
25,233
26,11
27,40
28,219
29,162
30,97
31,182
32,183
33,239
34,222
35,230
36,234
37,226
38,212
39,243
40,208
41,250
42,213
43,98
44,226
45,217
46,172
47,236
48,147
49,181
50,162
51,215
52,35
53,209
54,220
55,184
56,183
57,180
58,185
59,253
60,231
61,152
62,190
63,232
64,199
65,225
66,251
67,239
68,184
69,108
70,205
71,209
72,171
73,228
74,240
75,107
76,217
77,75
78,209
79,189
80,244
81,246
82,137
83,151
84,210
85,219
86,171
87,210
88,174
89,205
90,196
91,248
92,200
93,155
94,145
95,222
96,220
97,165
98,246
99,195
100,256
101,251
102,189
103,85
104,245
105,213
106,209
107,208
108,171
109,20
110,160
111,183
112,221
113,230
114,246
115,228
116,213
117,235
118,232
119,238
120,171
121,202
122,131
123,78
124,193
125,206
126,223
127,129
128,184
129,161
130,152
131,187
132,226
133,245
134,157
135,193
136,147
137,199
138,118
139,163
140,254
141,235
142,218
143,143
144,156
145,173
146,176
147,190
148,200
149,187
150,86
151,218
152,227
153,173
154,196
155,235
156,248
157,164
158,47
159,143
160,228
161,180
162,219
163,104
164,242
165,38
166,110
167,186
168,170
169,252
170,218
171,155
172,217
173,120
174,239
175,188
176,212
177,200
178,241
179,8
180,166
181,127
182,193
183,230
184,205
185,196
186,225
187,182
188,153
189,229
190,250
191,220
192,128
193,253
194,167
195,238
196,140
197,215
198,194
199,203
200,189
201,219
202,183
203,141
204,253
205,164
206,178
207,211
208,222
209,130
210,168
211,201
212,244
213,235
214,110
215,167
216,220
217,185
218,223
219,176
220,143
221,237
222,208
223,125
224,223
225,252
226,246
227,184
228,218
229,229
230,175
231,164
232,236
233,217
234,205
235,203
236,134
237,210
238,153
239,224
240,228
241,168
242,245
243,180
244,241
245,230
246,226
247,251
248,204
249,210
250,173
251,110
252,212
253,176
254,214
255,248
256,254
257,224
258,190
259,192
260,150
261,207
262,231
263,59
264,204
265,221
266,148
267,149
268,210
269,181
270,188
271,210
272,190
273,252
274,207
275,210
276,229
277,67
278,250
279,175
280,117
281,203
282,214
283,207
284,127
285,230
286,194
287,216
288,215
289,203
290,185
291,223
292,166
293,102
294,196
295,157
296,106
297,94
298,85
299,200
300,154
301,185
302,244
303,153
304,226
305,225
306,157
307,209
308,213
309,241
310,228
311,159
312,161
313,243
314,252
315,166
316,94
317,176
318,238
319,160
320,204
321,117
322,172
323,224
324,190
325,229
326,100
327,249
328,217
329,107
330,231
331,250
332,125
333,221
334,227
335,228
336,173
337,210
338,224
339,109
340,146
341,251
342,236
343,206
344,171
345,178
346,138
347,106
348,0
349,82
350,80
351,170
352,120
353,143
354,206
355,220
356,217
357,232
358,219
359,138
360,208
361,186
362,205
363,133
364,231
365,189
366,201
367,235
368,240
369,68
370,202
371,200
372,137
373,159
374,249
375,125
376,213
377,234
378,121
379,231
380,187
381,127
382,149
383,232
384,162
385,252
386,202
387,99
388,162
389,224
390,238
391,180
392,241
393,131
394,175
395,0
396,210
397,214
398,161
399,232
400,138
401,211
402,216
403,178
404,164
405,212
406,227
407,93
408,190
409,225
410,204
411,136
412,225
413,250
414,193
415,121
416,115
417,76
418,216
419,94
420,231
421,211
422,225
423,246
424,212
425,238
426,227
427,118
428,154
429,193
430,232
431,235
432,204
433,244
434,194
435,145
436,149
437,225
438,190
439,222
440,202
441,116
442,177
443,189
444,182
445,172
446,0
447,204
448,110
449,227
450,78
451,192
452,184
453,165
454,226
455,223
456,202
457,245
458,206
459,251
460,241
461,245
462,248
463,184
464,225
465,137
466,164
467,160
468,137
469,169
470,119
471,185
472,205
473,127
474,192
475,240
476,210
477,176
478,226
479,133
480,142
481,241
482,244
483,232
484,99
485,161
486,227
487,0
488,146
489,233
490,164
491,152
492,198
493,31
494,188
495,158
496,235
497,230
498,236
499,237
500,191
501,176
502,248
503,242
504,156
505,241
506,151
507,210
508,87
509,112
510,231
511,228
512,216
513,251
514,151
515,238
516,199
517,165
518,103
519,224
520,0
521,227
522,171
523,81
524,202
525,195
526,220
527,223
528,225
529,225
530,198
531,212
532,120
533,195
534,251
535,110
536,228
537,234
538,137
539,66
540,207
541,247
542,220
543,175
544,226
545,133
546,187
547,127
548,115
549,256
550,179
551,122
552,228
553,141
554,131
555,209
556,0
557,234
558,177
559,197
560,137
561,209
562,191
563,109
564,220
565,178
566,251
567,254
568,210
569,245
570,217
571,139
572,225
573,239
574,208
575,195
576,215
577,159
578,235
579,255
580,202
581,81
582,180
583,251
584,249
585,111
586,191
587,215
588,202
589,93
590,239
591,230
592,252
593,156
594,179
595,233
596,238
597,246
598,169
599,241
600,134
601,212
602,122
603,223
604,187
605,154
606,188
607,166
608,212
609,122
610,212
611,251
612,180
613,247
614,0
615,253
616,127
617,145
618,77
619,110
620,198
621,207
622,145
623,233
624,218
625,188
626,215
627,203
628,205
629,159
630,195
631,196
632,233
633,224
634,216
635,197
636,174
637,103
638,61
639,228
640,35
641,161
642,190
643,131
644,239
645,230
646,238
647,229
648,178
649,211
650,163
651,251
652,136
653,139
654,0
655,211
656,126
657,248
658,243
659,152
660,223
661,216
662,193
663,187
664,215
665,133
666,234
667,129
668,229
669,105
670,194
671,225
672,44
673,244
674,195
675,224
676,163
677,144
678,203
679,227
680,244
681,153
682,247
683,163
684,204
685,224
686,179
687,176
688,194
689,78
690,243
691,231
692,210
693,202
694,167
695,222
696,124
697,233
698,46
699,189
700,215
701,228
702,148
703,255
704,184
705,220
706,90
707,247
708,94
709,152
710,246
711,250
712,253
713,218
714,142
715,179
716,190
717,219
718,144
719,96
720,150
721,226
722,95
723,218
724,211
725,175
726,150
727,253
728,74
729,211
730,210
731,0
732,234
733,53
734,237
735,148
736,180
737,199
738,221
739,177
740,233
741,225
742,176
743,120
744,191
745,175
746,95
747,254
748,216
749,241
750,187
751,119
752,198
753,110
754,250
755,89
756,230
757,212
758,185
759,238
760,184
761,131
762,212
763,228
764,195
765,244
766,174
767,206
768,146
769,223
770,176
771,217
772,133
773,232
774,199
775,151
776,199
777,225
778,196
779,95
780,214
781,179
782,109
783,243
784,212
785,251
786,238
787,121
788,49
789,220
790,252
791,109
792,163
793,238
794,208
795,221
796,125
797,159
798,234
799,256
800,178
801,237
802,209
803,177
804,184
805,224
806,247
807,206
808,250
809,226
810,227
811,82
812,176
813,235
814,197
815,211
816,210
817,154
818,43
819,199
820,251
821,226
822,0
823,216
824,226
825,195
826,185
827,237
828,210
829,232
830,191
831,198
832,209
833,89
834,176
835,148
836,137
837,117
838,146
839,168
840,235
841,231
842,238
843,227
844,203
845,238
846,76
847,189
848,236
849,177
850,214
851,164
852,130
853,248
854,150
855,127
856,83
857,244
858,188
859,145
860,241
861,202
862,187
863,222
864,151
865,179
866,218
867,239
868,168
869,226
870,176
871,236
872,221
873,188
874,244
875,239
876,202
877,220
878,195
879,160
880,240
881,150
882,0
883,217
884,145
885,222
886,109
887,226
888,219
889,55
890,250
891,216
892,205
893,188
894,153
895,251
896,241
897,236
898,142
899,159
900,112
901,201
902,206
903,169
904,87
905,190
906,126
907,10
908,192
909,224
910,236
911,210
912,91
913,164
914,243
915,219
916,141
917,185
918,159
919,205
920,218
921,186
922,185
923,244
924,251
925,162
926,231
927,140
928,242
929,228
930,235
931,235
932,165
933,240
934,170
935,236
936,230
937,153
938,70
939,252
940,238
941,213
942,104
943,207
944,215
945,240
946,212
947,170
948,155
949,256
950,215
951,242
952,166
953,232
954,242
955,155
956,236
957,243
958,215
959,226
960,207
961,250
962,250
963,163
964,216
965,204
966,251
967,253
968,228
969,155
970,212
971,114
972,180
973,137
974,158
975,143
976,227
977,171
978,225
979,230
980,148
981,255
982,165
983,228
984,240
985,91
986,0
987,240
988,152
989,179
990,122
991,135
992,114
993,226
994,202
995,170
996,207
997,221
998,195
999,251
1000,243
1001,192
1002,248
1003,82
1004,188
1005,178
1006,170
1007,193
1008,146
1009,148
1010,71
1011,196
1012,248
1013,211
1014,232
1015,184
1016,218
1017,229
1018,170
1019,226
1020,197
1021,115
1022,241
1023,195
1024,103
1025,254
1026,170
1027,225
1028,248
1029,204
1030,177
1031,96
1032,113
1033,247
1034,179
1035,248
1036,76
1037,46
1038,188
1039,116
1040,189
1041,169
1042,151
1043,207
1044,144
1045,210
1046,172
1047,178
1048,166
1049,159
1050,226
1051,248
1052,219
1053,190
1054,118
1055,140
1056,182
1057,247
1058,82
1059,199
1060,215
1061,153
1062,224
1063,221
1064,204
1065,237
1066,83
1067,219
1068,229
1069,249
1070,252
1071,191
1072,149
1073,194
1074,59
1075,254
1076,225
1077,250
1078,215
1079,246
1080,155
1081,207
1082,152
1083,168
1084,222
1085,182
1086,165
1087,166
1088,133
1089,196
1090,122
1091,208
1092,102
1093,120
1094,99
1095,219
1096,87
1097,123
1098,118
1099,192
1100,215
1101,239
1102,133
1103,166
1104,239
1105,146
1106,187
1107,250
1108,236
1109,229
1110,254
1111,231
1112,247
1113,239
1114,151
1115,210
1116,192
1117,130
1118,185
1119,197
1120,229
1121,135
1122,168
1123,146
1124,100
1125,242
1126,148
1127,179
1128,108
1129,214
1130,250
1131,256
1132,200
1133,234
1134,82
1135,209
1136,176
1137,172
1138,191
1139,119
1140,240
1141,237
1142,237
1143,125
1144,124
1145,196
1146,182
1147,195
1148,171
1149,172
1150,0
1151,246
1152,124
1153,221
1154,247
1155,126
1156,253
1157,236
1158,226
1159,235
1160,180
1161,229
1162,172
1163,228
1164,114
1165,146
1166,237
1167,192
1168,181
1169,149
1170,237
1171,188
1172,184
1173,206
1174,208
1175,218
1176,130
1177,221
1178,204
1179,245
1180,160
1181,194
1182,159
1183,213
1184,170
1185,245
1186,256
1187,101
1188,95
1189,231
1190,241
1191,223
1192,203
1193,249
1194,248
1195,232
1196,157
1197,179
1198,178
1199,76
1200,69
1201,255
1202,215
1203,241
1204,45
1205,230
1206,219
1207,217
1208,157
1209,234
1210,165
1211,206
1212,217
1213,33
1214,248
1215,0
1216,230
1217,0
1218,190
1219,244
1220,245
1221,164
1222,103
1223,217
1224,147
1225,103
1226,201
1227,155
1228,13
1229,151
1230,162
1231,162
1232,151
1233,237
1234,60
1235,88
1236,129
1237,133
1238,207
1239,238
1240,188
1241,237
1242,199
1243,223
1244,172
1245,83
1246,254
1247,243
1248,166
1249,213
1250,180
1251,139
1252,155
1253,244
1254,208
1255,185
1256,223
1257,128
1258,204
1259,245
1260,237
1261,241
1262,142
1263,253
1264,199
1265,167
1266,168
1267,196
1268,190
1269,240
1270,179
1271,205
1272,221
1273,209
1274,133
1275,193
1276,135
1277,214
1278,212
1279,191
1280,174
1281,193
1282,121
1283,200
1284,245
1285,24
1286,185
1287,72
1288,193
1289,206
1290,139
1291,95
1292,191
1293,103
1294,222
1295,183
1296,237
1297,238
1298,171
1299,250
1300,27
1301,239
1302,221
1303,149
1304,224
1305,125
1306,107
1307,205
1308,125
1309,169
1310,202
1311,154
1312,208
1313,182
1314,212
1315,256
1316,227
1317,179
1318,141
1319,119
1320,190
1321,106
1322,196
1323,245
1324,18
1325,167
1326,184
1327,250
1328,187
1329,220
1330,192
1331,197
1332,255
1333,220
1334,238
1335,182
1336,146
1337,116
1338,201
1339,181
1340,247
1341,253
1342,209
1343,204
1344,236
1345,213
1346,196
1347,255
1348,161
1349,191
1350,226
1351,239
1352,162
1353,232
1354,236
1355,103
1356,150
1357,139
1358,178
1359,100
1360,235
1361,244
1362,219
1363,194
1364,167
1365,166
1366,88
1367,225
1368,155
1369,236
1370,238
1371,201
1372,252
1373,198
1374,216
1375,176
1376,207
1377,208
1378,33
1379,179
1380,201
1381,200
1382,184
1383,234
1384,45
1385,162
1386,154
1387,204
1388,49
1389,247
1390,210
1391,203
1392,139
1393,240
1394,226
1395,236
1396,194
1397,238
1398,130
1399,206
1400,143
1401,216
1402,183
1403,160
1404,156
1405,163
1406,255
1407,0
1408,137
1409,109
1410,198
1411,230
1412,230
1413,227
1414,201
1415,222
1416,65
1417,227
1418,141
1419,27
1420,218
1421,231
1422,196
1423,256
1424,180
1425,167
1426,239
1427,136
1428,129
1429,181
1430,214
1431,121
1432,166
1433,233
1434,173
1435,149
1436,242
1437,228
1438,129
1439,219
1440,205
1441,245
1442,153
1443,251
1444,167
1445,245
1446,230
1447,227
1448,228
1449,178
1450,193
1451,154
1452,240
1453,146
1454,226
1455,234
1456,242
1457,198
1458,217
1459,190
1460,128
1461,203
1462,241
1463,217
1464,82
1465,223
1466,248
1467,238
1468,170
1469,198
1470,100
1471,244
1472,228
1473,215
1474,0
1475,200
1476,159
1477,197
1478,183
1479,205
1480,203
1481,0
1482,228
1483,124
1484,203
1485,211
1486,166
1487,251
1488,184
1489,216
1490,180
1491,251
1492,187
1493,251
1494,75
1495,232
1496,230
1497,194
1498,147
1499,203
1500,38
1501,202
1502,106
1503,153
1504,190
1505,135
1506,0
1507,237
1508,244
1509,180
1510,78
1511,242
1512,68
1513,166
1514,228
1515,173
1516,184
1517,193
1518,231
1519,227
1520,196
1521,219
1522,238
1523,248
1524,144
1525,225
1526,229
1527,177
1528,180
1529,186
1530,172
1531,226
1532,134
1533,0
1534,143
1535,211
1536,200
1537,153
1538,168
1539,236
1540,174
1541,251
1542,248
1543,217
1544,184
1545,72
1546,243
1547,157
1548,150
1549,145
1550,157
1551,134
1552,222
1553,219
1554,83
1555,230
1556,68
1557,178
1558,217
1559,166
1560,173
1561,174
1562,254
1563,197
1564,240
1565,124
1566,236
1567,236
1568,224
1569,171
1570,243
1571,238
1572,198
1573,233
1574,205
1575,218
1576,146
1577,232
1578,189
1579,235
1580,234
1581,242
1582,171
1583,192
1584,102
1585,182
1586,239
1587,226
1588,222
1589,186
1590,240
1591,187
1592,115
1593,151
1594,173
1595,217
1596,217
1597,142
1598,197
1599,163
1600,181
1601,158
1602,197
1603,223
1604,196
1605,237
1606,78
1607,227
1608,134
1609,194
1610,72
1611,225
1612,254
1613,192
1614,230
1615,186
1616,177
1617,141
1618,185
1619,221
1620,231
1621,104
1622,153
1623,210
1624,154
1625,167
1626,168
1627,203
1628,233
1629,143
1630,233
1631,242
1632,202
1633,217
1634,148
1635,191
1636,173
1637,181
1638,99
1639,145
1640,162
1641,206
1642,241
1643,94
1644,162
1645,251
1646,117
1647,223
1648,214
1649,209
1650,240
1651,215
1652,148
1653,187
1654,28
1655,242
1656,114
1657,209
1658,67
1659,159
1660,172
1661,251
1662,192
1663,133
1664,175
1665,242
1666,159
1667,172
1668,215
1669,133
1670,227
1671,123
1672,214
1673,72
1674,216
1675,202
1676,220
1677,216
1678,225
1679,45
1680,128
1681,223
1682,226
1683,168
1684,166
1685,197
1686,242
1687,227
1688,248
1689,209
1690,228
1691,79
1692,156
1693,146
1694,157
1695,64
1696,233
1697,121
1698,215
1699,205
1700,224
1701,250
1702,249
1703,243
1704,256
1705,189
1706,244
1707,256
1708,232
1709,236
1710,199
1711,214
1712,189
1713,148
1714,151
1715,186
1716,167
1717,171
1718,218
1719,183
1720,225
1721,179
1722,214
1723,1
1724,256
1725,226
1726,190
1727,220
1728,222
1729,239
1730,152
1731,188
1732,222
1733,101
1734,144
1735,52
1736,210
1737,251
1738,152
1739,246
1740,198
1741,96
1742,254
1743,188
1744,171
1745,137
1746,173
1747,216
1748,220
1749,148
1750,236
1751,135
1752,169
1753,220
1754,244
1755,211
1756,208
1757,149
1758,242
1759,213
1760,54
1761,111
1762,249
1763,200
1764,192
1765,36
1766,246
1767,192
1768,158
1769,220
1770,0
1771,198
1772,5
1773,163
1774,123
1775,168
1776,86
1777,233
1778,105
1779,188
1780,254
1781,84
1782,206
1783,199
1784,105
1785,190
1786,196
1787,238
1788,150
1789,249
1790,161
1791,91
1792,85
1793,194
1794,78
1795,65
1796,225
1797,76
1798,152
1799,203
1800,166
1801,197
1802,164
1803,92
1804,96
1805,164
1806,89
1807,148
1808,193
1809,108
1810,159
1811,212
1812,222
1813,209
1814,156
1815,168
1816,139
1817,60
1818,90
1819,242
1820,212
1821,177
1822,225
1823,236
1824,222
1825,213
1826,226
1827,189
1828,186
1829,35
1830,108
1831,190
1832,191
1833,247
1834,68
1835,141
1836,220
1837,156
1838,225
1839,113
1840,225
1841,164
1842,246
1843,132
1844,252
1845,0
1846,132
1847,212
1848,87
1849,182
1850,234
1851,98
1852,203
1853,197
1854,120
1855,201
1856,174
1857,214
1858,239
1859,190
1860,160
1861,202
1862,134
1863,164
1864,196
1865,205
1866,195
1867,253
1868,197
1869,225
1870,195
1871,190
1872,15
1873,195
1874,184
1875,232
1876,79
1877,207
1878,239
1879,174
1880,159
1881,106
1882,201
1883,164
1884,244
1885,102
1886,74
1887,245
1888,148
1889,155
1890,233
1891,177
1892,134
1893,222
1894,253
1895,217
1896,199
1897,233
1898,187
1899,160
1900,189
1901,244
1902,204
1903,176
1904,194
1905,193
1906,212
1907,216
1908,190
1909,119
1910,202
1911,216
1912,204
1913,69
1914,134
1915,144
1916,224
1917,207
1918,91
1919,171
1920,233
1921,217
1922,211
1923,193
1924,99
1925,203
1926,221
1927,159
1928,162
1929,208
1930,159
1931,255
1932,230
1933,234
1934,211
1935,241
1936,196
1937,211
1938,67
1939,67
1940,173
1941,225
1942,216
1943,175
1944,246
1945,210
1946,109
1947,189
1948,245
1949,96
1950,155
1951,125
1952,148
1953,71
1954,235
1955,132
1956,205
1957,212
1958,188
1959,121
1960,172
1961,105
1962,175
1963,147
1964,0
1965,152
1966,212
1967,203
1968,245
1969,255
1970,245
1971,253
1972,205
1973,129
1974,226
1975,81
1976,206
1977,236
1978,188
1979,243
1980,200
1981,237
1982,208
1983,231
1984,217
1985,160
1986,224
1987,203
1988,241
1989,205
1990,239
1991,170
1992,240
1993,140
1994,47
1995,216
1996,74
1997,205
1998,176
1999,194
2000,202
2001,216
2002,210
2003,225
2004,160
2005,196
2006,222
2007,230
2008,215
2009,224
2010,223
2011,227
2012,232
2013,217
2014,172
2015,152
2016,219
2017,216
2018,200
2019,234
2020,182
2021,235
2022,93
2023,214
2024,199
2025,238
2026,229
2027,152
2028,201
2029,97
2030,254
2031,225
2032,232
2033,244
2034,175
2035,226
2036,120
2037,166
2038,151
2039,201
2040,121
2041,223
2042,0
2043,189
2044,244
2045,127
2046,256
2047,247
2048,181
2049,146
2050,36
2051,139
2052,147
2053,200
2054,204
2055,231
2056,212
2057,229
2058,204
2059,208
2060,157
2061,215
2062,34
2063,38
2064,99
2065,242
2066,224
2067,109
2068,56
2069,100
2070,178
2071,215
2072,173
2073,231
2074,253
2075,243
2076,153
2077,123
2078,242
2079,115
2080,211
2081,234
2082,228
2083,197
2084,215
2085,134
2086,136
2087,176
2088,206
2089,236
2090,142
2091,254
2092,173
2093,234
2094,210
2095,195
2096,239
2097,187
2098,168
2099,135
2100,180
2101,240
2102,193
2103,157
2104,210
2105,125
2106,239
2107,218
2108,178
2109,240
2110,179
2111,220
2112,147
2113,161
2114,213
2115,232
2116,204
2117,241
2118,234
2119,248
2120,146
2121,0
2122,219
2123,158
2124,224
2125,220
2126,180
2127,130
2128,147
2129,152
2130,235
2131,170
2132,156
2133,163
2134,152
2135,183
2136,232
2137,123
2138,256
2139,207
2140,208
2141,226
2142,191
2143,230
2144,222
2145,227
2146,175
2147,182
2148,218
2149,212
2150,170
2151,254
2152,153
2153,211
2154,238
2155,241
2156,244
2157,208
2158,169
2159,157
2160,134
2161,187
2162,17
2163,235
2164,242
2165,136
2166,232
2167,145
2168,190
2169,252
2170,224
2171,196
2172,119
2173,133
2174,170
2175,144
2176,233
2177,250
2178,206
2179,211
2180,256
2181,153
2182,189
2183,147
2184,158
2185,203
2186,123
2187,45
2188,210
2189,218
2190,170
2191,213
2192,158
2193,0
2194,252
2195,105
2196,101
2197,227
2198,130
2199,148
2200,161
2201,194
2202,239
2203,0
2204,181
2205,164
2206,242
2207,171
2208,168
2209,151
2210,146
2211,243
2212,55
2213,144
2214,225
2215,256
2216,231
2217,228
2218,209
2219,175
2220,167
2221,242
2222,226
2223,172
2224,103
2225,214
2226,218
2227,128
2228,161
2229,183
2230,242
2231,224
2232,80
2233,173
2234,143
2235,231
2236,93
2237,243
2238,208
2239,155
2240,171
2241,205
2242,181
2243,194
2244,114
2245,175
2246,165
2247,210
2248,234
2249,147
2250,233
2251,255
2252,117
2253,218
2254,251
2255,212
2256,133
2257,217
2258,171
2259,31
2260,212
2261,201
2262,228
2263,117
2264,240
2265,38
2266,225
2267,222
2268,0
2269,149
2270,153
2271,56
2272,249
2273,176
2274,231
2275,147
2276,256
2277,237
2278,175
2279,173
2280,225
2281,156
2282,162
2283,85
2284,252
2285,226
2286,123
2287,191
2288,234
2289,228
2290,200
2291,213
2292,241
2293,137
2294,170
2295,177
2296,156
2297,165
2298,252
2299,222
2300,186
2301,189
2302,250
2303,241
2304,236
2305,237
2306,171
2307,149
2308,174
2309,219
2310,153
2311,130
2312,243
2313,228
2314,253
2315,256
2316,198
2317,3
2318,118
2319,218
2320,209
2321,196
2322,243
2323,249
2324,244
2325,228
2326,121
2327,234
2328,116
2329,191
2330,190
2331,148
2332,198
2333,184
2334,224
2335,178
2336,145
2337,222
2338,222
2339,147
2340,234
2341,180
2342,256
2343,198
2344,208
2345,210
2346,229
2347,202
2348,242
2349,220
2350,167
2351,241
2352,0
2353,88
2354,116
2355,240
2356,226
2357,204
2358,196
2359,42
2360,221
2361,107
2362,98
2363,225
2364,217
2365,189
2366,128
2367,246
2368,115
2369,150
2370,242
2371,209
2372,145
2373,243
2374,221
2375,192
2376,214
2377,0
2378,253
2379,249
2380,214
2381,189
2382,112
2383,239
2384,206
2385,215
2386,152
2387,218
2388,222
2389,158
2390,237
2391,101
2392,178
2393,192
2394,122
2395,133
2396,191
2397,247
2398,163
2399,221
