0,34
1,240
2,228
3,168
4,222
5,137
6,165
7,91
8,192
9,119
10,104
11,179
12,227
13,234
14,246
15,144
16,140
17,206
18,173
19,97
20,133
21,163
22,154
23,195
24,0
25,123
26,178
27,132
28,112
29,225
30,219
31,147
32,160
33,162
34,123
35,47
36,229
37,178
38,221
39,244
40,137
41,219
42,151
43,108
44,120
45,240
46,227
47,205
48,167
49,82
50,153
51,142
52,242
53,242
54,210
55,194
56,193
57,156
58,158
59,128
60,93
61,159
62,155
63,189
64,207
65,122
66,196
67,126
68,117
69,131
70,127
71,182
72,207
73,209
74,164
75,94
76,159
77,128
78,181
79,202
80,215
81,167
82,195
83,198
84,176
85,133
86,190
87,248
88,215
89,210
90,160
91,139
92,86
93,233
94,162
95,182
96,114
97,129
98,202
99,219
100,189
101,238
102,172
103,227
104,127
105,154
106,200
107,171
108,167
109,144
110,196
111,179
112,215
113,0
114,204
115,176
116,89
117,117
118,214
119,194
120,165
121,0
122,192
123,218
124,182
125,138
126,162
127,195
128,164
129,95
130,172
131,198
132,212
133,37
134,176
135,158
136,56
137,217
138,185
139,185
140,123
141,206
142,58
143,189
144,200
145,188
146,175
147,201
148,148
149,211
150,126
151,148
152,145
153,154
154,141
155,220
156,246
157,111
158,207
159,180
160,194
161,172
162,66
163,137
164,222
165,231
166,165
167,214
168,138
169,224
170,192
171,161
172,170
173,237
174,134
175,136
176,166
177,105
178,152
179,182
180,135
181,147
182,114
183,66
184,172
185,172
186,138
187,195
188,97
189,163
190,115
191,238
192,184
193,112
194,121
195,202
196,145
197,218
198,239
199,167
200,116
201,219
202,217
203,196
204,166
205,183
206,183
207,178
208,198
209,198
210,131
211,211
212,209
213,208
214,191
215,169
216,207
217,76
218,175
219,203
220,191
221,184
222,244
223,166
224,187
225,211
226,204
227,243
228,206
229,194
230,93
231,203
232,134
233,131
234,115
235,54
236,183
237,135
238,177
239,229
240,141
241,132
242,239
243,208
244,129
245,221
246,192
247,48
248,212
249,166
250,178
251,156
252,156
253,113
254,172
255,179
256,222
257,153
258,180
259,230
260,225
261,96
262,168
263,197
264,151
265,203
266,117
267,183
268,144
269,203
270,239
271,83
272,99
273,146
274,55
275,204
276,155
277,162
278,164
279,172
280,111
281,222
282,123
283,167
284,171
285,81
286,161
287,116
288,188
289,164
290,197
291,228
292,229
293,194
294,149
295,237
296,160
297,182
298,192
299,201
300,186
301,165
302,212
303,169
304,198
305,227
306,227
307,136
308,204
309,166
310,227
311,107
312,170
313,112
314,138
315,157
316,169
317,224
318,155
319,122
320,136
321,124
322,201
323,219
324,226
325,156
326,204
327,234
328,223
329,116
330,143
331,165
332,246
333,206
334,217
335,165
336,201
337,204
338,149
339,171
340,243
341,151
342,34
343,130
344,115
345,138
346,161
347,157
348,247
349,39
350,248
351,197
352,137
353,83
354,203
355,208
356,193
357,149
358,193
359,183
360,150
361,174
362,177
363,152
364,134
365,198
366,100
367,178
368,212
369,185
370,223
371,182
372,211
373,112
374,70
375,159
376,153
377,185
378,159
379,202
380,147
381,139
382,129
383,166
384,220
385,137
386,113
387,232
388,120
389,240
390,131
391,189
392,224
393,68
394,127
395,240
396,228
397,209
398,239
399,109
400,169
401,104
402,238
403,240
404,181
405,118
406,82
407,143
408,200
409,228
410,240
411,222
412,199
413,125
414,104
415,201
416,239
417,249
418,152
419,201
420,132
421,143
422,161
423,129
424,214
425,231
426,124
427,227
428,186
429,145
430,239
431,224
432,86
433,229
434,156
435,102
436,125
437,200
438,196
439,174
440,131
441,224
442,126
443,110
444,177
445,116
446,177
447,175
448,228
449,208
450,202
451,143
452,254
453,154
454,218
455,149
456,218
457,218
458,207
459,197
460,229
461,116
462,172
463,228
464,244
465,113
466,107
467,181
468,192
469,247
470,135
471,230
472,141
473,123
474,182
475,154
476,235
477,168
478,96
479,244
480,183
481,167
482,191
483,205
484,72
485,224
486,109
487,227
488,248
489,98
490,220
491,241
492,126
493,208
494,85
495,252
496,218
497,229
498,157
499,180
500,203
501,240
502,235
503,230
504,157
505,177
506,187
507,178
508,199
509,190
510,109
511,206
512,214
513,139
514,147
515,244
516,222
517,163
518,221
519,232
520,212
521,167
522,146
523,226
524,177
525,240
526,170
527,154
528,206
529,206
530,188
531,226
532,167
533,211
534,211
535,173
536,229
537,93
538,242
539,181
540,137
541,170
542,118
543,202
544,230
545,174
546,167
547,216
548,207
549,196
550,117
551,182
552,148
553,129
554,246
555,186
556,121
557,210
558,127
559,230
560,207
561,246
562,153
563,221
564,138
565,194
566,108
567,219
568,204
569,183
570,189
571,222
572,189
573,189
574,242
575,164
576,220
577,232
578,172
579,242
580,203
581,244
582,194
583,150
584,180
585,144
586,168
587,188
588,194
589,230
590,216
591,150
592,208
593,141
594,138
595,150
596,193
597,228
598,119
599,145
600,125
601,242
602,132
603,102
604,155
605,228
606,142
607,150
608,189
609,120
610,141
611,180
612,160
613,124
614,224
615,115
616,27
617,163
618,236
619,174
620,113
621,178
622,228
623,169
624,117
625,185
626,177
627,215
628,225
629,115
630,223
631,221
632,100
633,132
634,212
635,217
636,237
637,167
638,135
639,110
640,192
641,172
642,237
643,185
644,184
645,140
646,240
647,196
648,199
649,61
650,146
651,205
652,201
653,222
654,186
655,203
656,143
657,211
658,185
659,215
660,131
661,200
662,180
663,180
664,181
665,181
666,226
667,211
668,130
669,201
670,131
671,165
672,183
673,170
674,242
675,207
676,202
677,154
678,146
679,91
680,210
681,153
682,142
683,210
684,218
685,213
686,150
687,222
688,206
689,174
690,91
691,214
692,20
693,246
694,238
695,166
696,134
697,174
698,137
699,148
700,123
701,229
702,234
703,244
704,114
705,198
706,44
707,176
708,143
709,241
710,140
711,233
712,107
713,225
714,152
715,146
716,145
717,248
718,191
719,70
720,206
721,186
722,147
723,63
724,173
725,100
726,190
727,75
728,125
729,214
730,209
731,106
732,178
733,155
734,236
735,170
736,214
737,148
738,179
739,56
740,192
741,221
742,110
743,243
744,219
745,111
746,199
747,97
748,152
749,192
750,119
751,198
752,197
753,191
754,192
755,220
756,188
757,216
758,241
759,127
760,173
761,252
762,246
763,211
764,229
765,211
766,233
767,156
768,192
769,186
770,239
771,65
772,142
773,185
774,148
775,236
776,191
777,228
778,197
779,244
780,144
781,222
782,126
783,194
784,107
785,183
786,81
787,142
788,118
789,216
790,177
791,136
792,93
793,182
794,227
795,87
796,124
797,242
798,100
799,120
800,228
801,149
802,186
803,226
804,244
805,123
806,123
807,197
808,212
809,154
810,193
811,209
812,180
813,134
814,216
815,216
816,120
817,163
818,231
819,187
820,163
821,165
822,224
823,214
824,190
825,194
826,218
827,143
828,245
829,215
830,219
831,211
832,152
833,228
834,170
835,163
836,183
837,169
838,248
839,227
840,30
841,108
842,136
843,211
844,155
845,134
846,140
847,238
848,189
849,215
850,201
851,102
852,71
853,152
854,177
855,157
856,193
857,238
858,156
859,225
860,206
861,149
862,191
863,162
864,160
865,227
866,222
867,242
868,245
869,242
870,142
871,220
872,220
873,171
874,161
875,225
876,163
877,179
878,174
879,166
880,49
881,176
882,215
883,164
884,163
885,135
886,221
887,245
888,169
889,241
890,165
891,100
892,146
893,206
894,170
895,171
896,167
897,114
898,188
899,204
900,152
901,135
902,201
903,161
904,228
905,137
906,205
907,138
908,167
909,168
910,132
911,205
912,124
913,202
914,150
915,241
916,191
917,173
918,174
919,66
920,165
921,149
922,141
923,191
924,191
925,161
926,201
927,195
928,125
929,213
930,118
931,130
932,163
933,198
934,159
935,168
936,168
937,227
938,159
939,137
940,168
941,207
942,160
943,145
944,210
945,146
946,137
947,141
948,201
949,140
950,115
951,146
952,219
953,227
954,180
955,243
956,192
957,210
958,153
959,87
960,191
961,230
962,127
963,210
964,162
965,139
966,82
967,169
968,143
969,198
970,195
971,177
972,160
973,67
974,176
975,138
976,201
977,132
978,208
979,241
980,197
981,199
982,142
983,160
984,165
985,238
986,198
987,226
988,236
989,139
990,244
991,139
992,174
993,212
994,217
995,199
996,157
997,241
998,151
999,226
1000,211
1001,137
1002,168
1003,242
1004,212
1005,221
1006,154
1007,191
1008,185
1009,179
1010,227
1011,191
1012,171
1013,196
1014,196
1015,223
1016,117
1017,190
1018,219
1019,246
1020,165
1021,247
1022,116
1023,163
1024,146
1025,213
1026,205
1027,76
1028,190
1029,184
1030,228
1031,128
1032,109
1033,150
1034,189
1035,191
1036,227
1037,173
1038,222
1039,167
1040,190
1041,126
1042,215
1043,152
1044,149
1045,228
1046,185
1047,162
1048,229
1049,122
1050,163
1051,177
1052,212
1053,176
1054,196
1055,144
1056,239
1057,178
1058,143
1059,209
1060,222
1061,145
1062,198
1063,159
1064,208
1065,210
1066,163
1067,227
1068,244
1069,206
1070,230
1071,183
1072,118
1073,222
1074,242
1075,179
1076,214
1077,193
1078,163
1079,172
1080,216
1081,154
1082,151
1083,108
1084,196
1085,217
1086,210
1087,125
1088,197
1089,142
1090,222
1091,177
1092,210
1093,175
1094,219
1095,236
1096,134
1097,190
1098,209
1099,215
1100,203
1101,226
1102,237
1103,227
1104,143
1105,208
1106,207
1107,144
1108,225
1109,197
1110,182
1111,146
1112,136
1113,230
1114,226
1115,151
1116,217
1117,155
1118,170
1119,154
1120,217
1121,180
1122,145
1123,123
1124,178
1125,160
1126,247
1127,221
1128,164
1129,210
1130,159
1131,233
1132,170
1133,232
1134,160
1135,194
1136,198
1137,189
1138,249
1139,191
1140,240
1141,176
1142,188
1143,94
1144,88
1145,118
1146,7
1147,250
1148,140
1149,209
1150,84
1151,229
1152,180
1153,163
1154,159
1155,193
1156,176
1157,203
1158,212
1159,231
1160,136
1161,224
1162,98
1163,248
1164,181
1165,240
1166,170
1167,222
1168,239
1169,214
1170,165
1171,197
1172,211
1173,200
1174,239
1175,249
1176,218
1177,194
1178,247
1179,141
1180,167
1181,140
1182,120
1183,112
1184,218
1185,226
1186,219
1187,198
1188,95
1189,187
1190,212
1191,143
1192,228
1193,202
1194,231
1195,248
1196,189
1197,178
1198,158
1199,230
1200,160
1201,247
1202,113
1203,207
1204,186
1205,182
1206,146
1207,174
1208,144
1209,226
1210,186
1211,214
1212,200
1213,185
1214,70
1215,147
1216,88
1217,180
1218,118
1219,250
1220,198
1221,195
1222,66
1223,127
1224,187
1225,91
1226,241
1227,100
1228,159
1229,236
1230,120
1231,94
1232,149
1233,168
1234,110
1235,179
1236,178
1237,155
1238,148
1239,212
1240,168
1241,155
1242,128
1243,227
1244,232
1245,249
1246,231
1247,138
1248,240
1249,168
1250,235
1251,171
1252,183
1253,186
1254,131
1255,137
1256,163
1257,240
1258,188
1259,130
1260,173
1261,214
1262,87
1263,248
1264,191
1265,178
1266,36
1267,123
1268,237
1269,194
1270,230
1271,189
1272,194
1273,225
1274,243
1275,216
1276,147
1277,85
1278,220
1279,251
1280,197
1281,95
1282,236
1283,185
1284,152
1285,78
1286,176
1287,0
1288,157
1289,164
1290,237
1291,224
1292,114
1293,197
1294,123
1295,176
1296,242
1297,94
1298,145
1299,117
1300,245
1301,152
1302,235
1303,166
1304,196
1305,231
1306,226
1307,229
1308,87
1309,181
1310,146
1311,156
1312,118
1313,218
1314,214
1315,216
1316,98
1317,191
1318,134
1319,212
1320,77
1321,110
1322,180
1323,244
1324,130
1325,125
1326,163
1327,131
1328,131
1329,211
1330,163
1331,101
1332,126
1333,171
1334,138
1335,184
1336,152
1337,151
1338,55
1339,224
1340,111
1341,164
1342,217
1343,219
1344,121
1345,148
1346,247
1347,139
1348,206
1349,174
1350,220
1351,29
1352,180
1353,41
1354,220
1355,92
1356,228
1357,199
1358,152
1359,186
1360,190
1361,111
1362,189
1363,66
1364,242
1365,245
1366,178
1367,173
1368,162
1369,135
1370,223
1371,183
1372,143
1373,144
1374,242
1375,224
1376,143
1377,182
1378,154
1379,214
1380,216
1381,147
1382,221
1383,222
1384,228
1385,140
1386,242
1387,204
1388,49
1389,15
1390,81
1391,223
1392,179
1393,135
1394,221
1395,85
1396,143
1397,98
1398,167
1399,179
1400,193
1401,187
1402,116
1403,211
1404,224
1405,147
1406,204
1407,92
1408,124
1409,213
1410,171
1411,212
1412,218
1413,213
1414,226
1415,113
1416,158
1417,151
1418,253
1419,196
1420,173
1421,222
1422,246
1423,141
1424,126
1425,244
1426,71
1427,110
1428,205
1429,192
1430,61
1431,196
1432,204
1433,120
1434,131
1435,238
1436,147
1437,154
1438,234
1439,242
1440,230
1441,106
1442,139
1443,243
1444,161
1445,223
1446,136
1447,136
1448,213
1449,90
1450,90
1451,184
1452,192
1453,113
1454,226
1455,246
1456,192
1457,84
1458,141
1459,169
1460,199
1461,215
1462,81
1463,142
1464,133
1465,154
1466,206
1467,215
1468,227
1469,162
1470,90
1471,180
1472,143
1473,146
1474,180
1475,178
1476,190
1477,104
1478,216
1479,189
1480,142
1481,147
1482,236
1483,229
1484,220
1485,87
1486,247
1487,171
1488,242
1489,218
1490,168
1491,11
1492,224
1493,198
1494,251
1495,227
1496,248
1497,216
1498,213
1499,159
1500,129
1501,200
1502,207
1503,155
1504,126
1505,188
1506,140
1507,82
1508,176
1509,186
1510,126
1511,180
1512,164
1513,127
1514,148
1515,232
1516,186
1517,212
1518,222
1519,128
1520,197
1521,236
1522,174
1523,113
1524,147
1525,218
1526,199
1527,210
1528,186
1529,218
1530,164
1531,104
1532,173
1533,230
1534,148
1535,118
1536,120
1537,167
1538,135
1539,225
1540,174
1541,227
1542,91
1543,225
1544,146
1545,130
1546,169
1547,171
1548,100
1549,182
1550,50
1551,84
1552,128
1553,153
1554,190
1555,147
1556,124
1557,232
1558,189
1559,107
1560,231
1561,116
1562,229
1563,143
1564,147
1565,159
1566,114
1567,174
1568,238
1569,111
1570,184
1571,187
1572,243
1573,236
1574,196
1575,228
1576,135
1577,106
1578,132
1579,230
1580,193
1581,154
1582,91
1583,234
1584,168
1585,184
1586,205
1587,150
1588,190
1589,132
1590,229
1591,222
1592,204
1593,197
1594,181
1595,24
1596,194
1597,140
1598,124
1599,153
1600,219
1601,205
1602,144
1603,176
1604,238
1605,218
1606,198
1607,164
1608,228
1609,176
1610,252
1611,129
1612,191
1613,223
1614,179
1615,120
1616,233
1617,140
1618,179
1619,167
1620,159
1621,212
1622,237
1623,165
1624,205
1625,158
1626,134
1627,104
1628,233
1629,163
1630,170
1631,224
1632,204
1633,194
1634,185
1635,222
1636,201
1637,236
1638,118
1639,213
1640,223
1641,151
1642,180
1643,187
1644,208
1645,202
1646,206
1647,253
1648,254
1649,250
1650,234
1651,246
1652,185
1653,148
1654,140
1655,248
1656,195
1657,173
1658,247
1659,213
1660,232
1661,154
1662,199
1663,216
1664,158
1665,248
1666,166
1667,201
1668,149
1669,124
1670,207
1671,178
1672,251
1673,255
1674,196
1675,246
1676,214
1677,234
1678,156
1679,129
1680,231
1681,140
1682,216
1683,207
1684,162
1685,237
1686,167
1687,235
1688,242
1689,168
1690,87
1691,116
1692,223
1693,160
1694,87
1695,188
1696,201
1697,34
1698,216
1699,249
1700,117
1701,218
1702,133
1703,226
1704,235
1705,198
1706,230
1707,124
1708,151
1709,229
1710,193
1711,172
1712,135
1713,171
1714,66
1715,221
1716,226
1717,186
1718,89
1719,218
1720,152
1721,174
1722,189
1723,34
1724,124
1725,200
1726,239
1727,191
1728,187
1729,139
1730,142
1731,228
1732,164
1733,206
1734,140
1735,201
1736,117
1737,142
1738,182
1739,205
1740,118
1741,135
1742,142
1743,232
1744,249
1745,166
1746,143
1747,111
1748,176
1749,159
1750,107
1751,152
1752,152
1753,95
1754,180
1755,189
1756,225
1757,144
1758,232
1759,197
1760,94
1761,37
1762,227
1763,198
1764,208
1765,130
1766,116
1767,170
1768,233
1769,163
1770,203
1771,90
1772,131
1773,164
1774,118
1775,246
1776,236
1777,155
1778,106
1779,188
1780,199
1781,198
1782,74
1783,22
1784,192
1785,99
1786,126
1787,207
1788,205
1789,105
1790,237
1791,245
1792,196
1793,118
1794,197
1795,222
1796,166
1797,175
1798,215
1799,185
1800,159
1801,231
1802,228
1803,121
1804,215
1805,216
1806,185
1807,187
1808,174
1809,214
1810,133
1811,207
1812,168
1813,247
1814,158
1815,186
1816,180
1817,182
1818,166
1819,93
1820,147
1821,190
1822,172
1823,122
1824,193
1825,157
1826,132
1827,169
1828,188
1829,227
1830,202
1831,236
1832,212
1833,105
1834,119
1835,199
1836,166
1837,150
1838,236
1839,225
1840,217
1841,204
1842,194
1843,160
1844,153
1845,72
1846,64
1847,146
1848,222
1849,126
1850,170
1851,185
1852,211
1853,152
1854,176
1855,170
1856,166
1857,243
1858,195
1859,227
1860,227
1861,126
1862,150
1863,230
1864,247
1865,121
1866,182
1867,242
1868,99
1869,249
1870,236
1871,202
1872,180
1873,203
1874,213
1875,221
1876,159
1877,160
1878,179
1879,158
1880,220
1881,154
1882,245
1883,218
1884,161
1885,216
1886,197
1887,109
1888,145
1889,162
1890,237
1891,91
1892,252
1893,240
1894,199
1895,245
1896,123
1897,165
1898,186
1899,143
1900,112
1901,232
1902,145
1903,208
1904,166
1905,197
1906,63
1907,161
1908,240
1909,122
1910,181
1911,248
1912,178
1913,142
1914,130
1915,241
1916,223
1917,237
1918,232
1919,120
1920,186
1921,191
1922,249
1923,194
1924,121
1925,185
1926,193
1927,157
1928,138
1929,185
1930,104
1931,104
1932,247
1933,156
1934,68
1935,254
1936,213
1937,171
1938,178
1939,182
1940,108
1941,235
1942,244
1943,184
1944,109
1945,169
1946,210
1947,224
1948,235
1949,230
1950,176
1951,175
1952,198
1953,193
1954,150
1955,107
1956,213
1957,175
1958,200
1959,190
1960,215
1961,132
1962,52
1963,153
1964,71
1965,219
1966,230
1967,195
1968,179
1969,246
1970,123
1971,162
1972,225
1973,132
1974,200
1975,201
1976,160
1977,183
1978,175
1979,188
1980,152
1981,223
1982,233
1983,224
1984,177
1985,203
1986,201
1987,254
1988,227
1989,243
1990,146
1991,130
1992,238
1993,228
1994,144
1995,230
1996,87
1997,154
1998,225
1999,193
2000,150
2001,123
2002,146
2003,120
2004,178
2005,165
2006,190
2007,243
2008,46
2009,37
2010,248
2011,125
2012,232
2013,210
2014,137
2015,132
2016,194
2017,249
2018,180
2019,224
2020,247
2021,125
2022,202
2023,247
2024,180
2025,88
2026,204
2027,208
2028,143
2029,88
2030,230
2031,191
2032,43
2033,224
2034,162
2035,205
2036,222
2037,163
2038,241
2039,178
2040,203
2041,122
2042,155
2043,238
2044,133
2045,104
2046,233
2047,63
2048,137
2049,177
2050,218
2051,134
2052,128
2053,148
2054,232
2055,232
2056,40
2057,114
2058,200
2059,231
2060,176
2061,157
2062,161
2063,136
2064,202
2065,178
2066,214
2067,92
2068,120
2069,117
2070,200
2071,243
2072,97
2073,207
2074,206
2075,225
2076,230
2077,211
2078,150
2079,173
2080,199
2081,149
2082,131
2083,207
2084,212
2085,170
2086,172
2087,194
2088,215
2089,223
2090,170
2091,66
2092,239
2093,110
2094,165
2095,234
2096,168
2097,177
2098,164
2099,160
2100,119
2101,172
2102,163
2103,154
2104,215
2105,183
2106,193
2107,161
2108,158
2109,168
2110,231
2111,55
2112,202
2113,103
2114,44
2115,179
2116,98
2117,135
2118,93
2119,245
2120,209
2121,201
2122,188
2123,178
2124,245
2125,60
2126,157
2127,211
2128,196
2129,126
2130,181
2131,237
2132,82
2133,220
2134,144
2135,0
2136,204
2137,190
2138,157
2139,150
2140,128
2141,147
2142,188
2143,216
2144,153
2145,194
2146,91
2147,237
2148,34
2149,112
2150,168
2151,206
2152,116
2153,166
2154,186
2155,166
2156,168
2157,199
2158,217
2159,194
2160,157
2161,158
2162,129
2163,174
2164,177
2165,229
2166,148
2167,41
2168,33
2169,247
2170,239
2171,114
2172,213
2173,184
2174,221
2175,175
2176,183
2177,216
2178,154
2179,239
2180,109
2181,236
2182,12
2183,173
2184,109
2185,212
2186,143
2187,227
2188,228
2189,182
2190,178
2191,58
2192,176
2193,122
2194,211
2195,99
2196,218
2197,132
2198,206
2199,175
2200,186
2201,56
2202,216
2203,162
2204,122
2205,235
2206,124
2207,134
2208,162
2209,122
2210,120
2211,155
2212,152
2213,87
2214,162
2215,225
2216,206
2217,159
2218,81
2219,98
2220,196
2221,125
2222,203
2223,210
2224,134
2225,169
2226,222
2227,99
2228,175
2229,197
2230,248
2231,103
2232,167
2233,221
2234,224
2235,184
2236,115
2237,160
2238,173
2239,198
2240,158
2241,247
2242,196
2243,201
2244,243
2245,201
2246,177
2247,190
2248,38
2249,106
2250,182
2251,194
2252,224
2253,169
2254,133
2255,191
2256,165
2257,48
2258,198
2259,152
2260,190
2261,171
2262,186
2263,210
2264,231
2265,170
2266,133
2267,194
2268,223
2269,97
2270,90
2271,234
2272,129
2273,211
2274,164
2275,204
2276,182
2277,93
2278,28
2279,167
2280,188
2281,149
2282,144
2283,144
2284,79
2285,248
2286,129
2287,194
2288,242
2289,198
2290,136
2291,215
2292,64
2293,162
2294,130
2295,242
2296,150
2297,198
2298,227
2299,115
2300,209
2301,166
2302,183
2303,241
2304,169
2305,144
2306,0
2307,82
2308,215
2309,183
2310,194
2311,155
2312,231
2313,226
2314,179
2315,129
2316,43
2317,139
2318,250
2319,113
2320,225
2321,198
2322,171
2323,197
2324,216
2325,206
2326,147
2327,235
2328,160
2329,238
2330,146
2331,174
2332,204
2333,181
2334,188
2335,225
2336,108
2337,142
2338,207
2339,170
2340,205
2341,197
2342,172
2343,167
2344,203
2345,224
2346,177
2347,165
2348,206
2349,208
2350,170
2351,160
2352,198
2353,166
2354,205
2355,157
2356,141
2357,152
2358,201
2359,167
2360,149
2361,123
2362,177
2363,66
2364,216
2365,120
2366,244
2367,120
2368,203
2369,211
2370,182
2371,81
2372,238
2373,171
2374,107
2375,130
2376,211
2377,91
2378,83
2379,237
2380,138
2381,191
2382,170
2383,214
2384,35
2385,149
2386,211
2387,211
2388,116
2389,122
2390,202
2391,197
2392,155
2393,168
2394,59
2395,191
2396,218
2397,138
2398,200
2399,209
