0,53
1,239
2,229
3,180
4,215
5,156
6,180
7,88
8,196
9,128
10,176
11,210
12,231
13,232
14,237
15,144
16,152
17,220
18,133
19,81
20,123
21,172
22,166
23,212
24,23
25,120
26,181
27,150
28,157
29,218
30,226
31,162
32,176
33,172
34,105
35,80
36,236
37,190
38,230
39,245
40,169
41,230
42,177
43,58
44,172
45,239
46,223
47,212
48,140
49,92
50,187
51,172
52,239
53,243
54,220
55,171
56,195
57,158
58,166
59,135
60,71
61,191
62,142
63,204
64,209
65,68
66,223
67,130
68,136
69,141
70,130
71,199
72,213
73,217
74,140
75,149
76,153
77,165
78,203
79,202
80,220
81,180
82,209
83,190
84,188
85,137
86,197
87,248
88,220
89,207
90,192
91,130
92,170
93,237
94,190
95,200
96,142
97,138
98,212
99,226
100,184
101,238
102,208
103,230
104,94
105,143
106,185
107,181
108,170
109,121
110,229
111,204
112,209
113,42
114,214
115,199
116,94
117,161
118,224
119,205
120,197
121,3
122,194
123,226
124,206
125,157
126,182
127,196
128,188
129,157
130,199
131,189
132,210
133,59
134,196
135,147
136,90
137,216
138,204
139,211
140,143
141,222
142,84
143,200
144,209
145,181
146,198
147,206
148,124
149,213
150,132
151,122
152,164
153,170
154,148
155,235
156,245
157,71
158,225
159,198
160,209
161,189
162,119
163,157
164,226
165,230
166,186
167,226
168,174
169,236
170,205
171,168
172,160
173,238
174,186
175,164
176,181
177,104
178,169
179,186
180,189
181,178
182,122
183,95
184,185
185,190
186,184
187,227
188,106
189,190
190,107
191,241
192,174
193,128
194,153
195,223
196,186
197,225
198,241
199,179
200,154
201,220
202,225
203,207
204,202
205,205
206,220
207,199
208,214
209,231
210,132
211,214
212,211
213,221
214,206
215,189
216,209
217,67
218,176
219,206
220,208
221,186
222,245
223,177
224,201
225,229
226,195
227,244
228,218
229,212
230,100
231,214
232,130
233,151
234,129
235,104
236,202
237,128
238,170
239,232
240,161
241,145
242,233
243,214
244,178
245,222
246,203
247,56
248,218
249,181
250,178
251,179
252,190
253,128
254,202
255,162
256,224
257,162
258,205
259,239
260,231
261,125
262,168
263,197
264,160
265,180
266,133
267,182
268,181
269,219
270,237
271,113
272,123
273,168
274,121
275,216
276,174
277,172
278,155
279,164
280,97
281,231
282,133
283,176
284,200
285,103
286,119
287,171
288,207
289,196
290,205
291,231
292,232
293,198
294,196
295,238
296,183
297,182
298,200
299,217
300,196
301,173
302,213
303,184
304,216
305,231
306,236
307,169
308,211
309,182
310,220
311,133
312,188
313,117
314,161
315,129
316,200
317,224
318,181
319,118
320,156
321,118
322,214
323,231
324,229
325,180
326,216
327,240
328,232
329,140
330,163
331,188
332,246
333,216
334,224
335,193
336,169
337,216
338,160
339,204
340,243
341,142
342,107
343,158
344,148
345,137
346,187
347,159
348,247
349,78
350,250
351,197
352,130
353,130
354,209
355,204
356,197
357,160
358,203
359,207
360,141
361,158
362,196
363,132
364,175
365,200
366,98
367,206
368,232
369,196
370,224
371,203
372,229
373,137
374,172
375,140
376,170
377,163
378,173
379,196
380,173
381,158
382,73
383,155
384,232
385,142
386,151
387,235
388,123
389,241
390,191
391,184
392,236
393,136
394,155
395,242
396,234
397,212
398,238
399,84
400,198
401,113
402,245
403,245
404,209
405,132
406,88
407,161
408,200
409,230
410,241
411,230
412,220
413,158
414,101
415,206
416,238
417,249
418,160
419,172
420,164
421,107
422,172
423,154
424,212
425,229
426,144
427,227
428,200
429,152
430,244
431,228
432,94
433,227
434,178
435,128
436,163
437,216
438,216
439,193
440,149
441,231
442,139
443,127
444,203
445,94
446,191
447,194
448,225
449,215
450,221
451,175
452,246
453,150
454,226
455,167
456,221
457,237
458,221
459,204
460,239
461,136
462,166
463,228
464,245
465,130
466,139
467,185
468,221
469,247
470,52
471,234
472,164
473,112
474,190
475,149
476,241
477,189
478,174
479,244
480,198
481,172
482,209
483,216
484,60
485,224
486,127
487,230
488,249
489,120
490,222
491,241
492,142
493,221
494,114
495,251
496,232
497,233
498,184
499,175
500,220
501,238
502,233
503,240
504,195
505,207
506,201
507,190
508,206
509,214
510,122
511,229
512,216
513,119
514,180
515,246
516,227
517,165
518,236
519,227
520,223
521,161
522,151
523,240
524,181
525,241
526,201
527,160
528,220
529,208
530,221
531,225
532,146
533,225
534,218
535,206
536,231
537,144
538,236
539,217
540,206
541,205
542,149
543,204
544,232
545,194
546,174
547,234
548,217
549,193
550,140
551,195
552,191
553,166
554,247
555,213
556,143
557,218
558,149
559,231
560,225
561,248
562,165
563,228
564,150
565,213
566,177
567,227
568,224
569,200
570,215
571,228
572,198
573,216
574,238
575,145
576,234
577,242
578,201
579,242
580,218
581,244
582,214
583,168
584,207
585,167
586,187
587,207
588,192
589,233
590,213
591,168
592,202
593,157
594,145
595,157
596,212
597,239
598,149
599,138
600,155
601,242
602,114
603,81
604,164
605,233
606,155
607,172
608,203
609,126
610,159
611,212
612,215
613,80
614,226
615,145
616,53
617,195
618,234
619,191
620,102
621,199
622,229
623,175
624,145
625,207
626,181
627,227
628,235
629,144
630,219
631,225
632,139
633,159
634,213
635,216
636,238
637,175
638,176
639,129
640,205
641,183
642,241
643,189
644,201
645,155
646,243
647,195
648,231
649,92
650,134
651,221
652,208
653,229
654,201
655,208
656,145
657,213
658,200
659,223
660,136
661,218
662,201
663,195
664,194
665,198
666,235
667,228
668,139
669,214
670,138
671,154
672,192
673,180
674,243
675,208
676,198
677,187
678,153
679,160
680,226
681,161
682,168
683,217
684,226
685,216
686,147
687,233
688,223
689,206
690,117
691,220
692,50
693,248
694,239
695,188
696,121
697,188
698,131
699,162
700,140
701,238
702,236
703,244
704,160
705,226
706,98
707,188
708,167
709,245
710,185
711,227
712,128
713,227
714,169
715,142
716,165
717,249
718,192
719,102
720,212
721,198
722,164
723,104
724,194
725,116
726,202
727,54
728,114
729,220
730,216
731,135
732,186
733,184
734,240
735,185
736,230
737,172
738,186
739,86
740,197
741,219
742,125
743,242
744,226
745,112
746,200
747,131
748,161
749,208
750,86
751,204
752,208
753,191
754,204
755,224
756,205
757,218
758,246
759,132
760,188
761,252
762,246
763,233
764,227
765,216
766,238
767,159
768,217
769,205
770,240
771,100
772,237
773,199
774,143
775,242
776,198
777,241
778,206
779,242
780,168
781,228
782,97
783,207
784,143
785,201
786,76
787,177
788,150
789,224
790,202
791,114
792,139
793,200
794,233
795,140
796,102
797,243
798,109
799,146
800,232
801,162
802,196
803,241
804,244
805,159
806,134
807,212
808,213
809,205
810,214
811,211
812,186
813,156
814,208
815,207
816,142
817,153
818,234
819,197
820,177
821,165
822,227
823,211
824,204
825,199
826,231
827,158
828,242
829,211
830,218
831,207
832,176
833,226
834,172
835,187
836,202
837,196
838,248
839,231
840,133
841,114
842,173
843,216
844,158
845,114
846,166
847,240
848,207
849,221
850,216
851,0
852,127
853,166
854,185
855,160
856,210
857,245
858,172
859,224
860,218
861,145
862,202
863,170
864,190
865,229
866,227
867,243
868,244
869,243
870,190
871,222
872,219
873,195
874,160
875,223
876,176
877,196
878,198
879,186
880,80
881,212
882,204
883,177
884,192
885,162
886,227
887,245
888,162
889,242
890,196
891,104
892,105
893,214
894,189
895,178
896,183
897,75
898,196
899,214
900,191
901,152
902,209
903,183
904,226
905,150
906,216
907,154
908,174
909,179
910,150
911,227
912,134
913,212
914,144
915,240
916,213
917,171
918,189
919,66
920,200
921,187
922,165
923,189
924,201
925,193
926,159
927,204
928,170
929,221
930,132
931,135
932,172
933,224
934,207
935,194
936,173
937,227
938,196
939,176
940,181
941,216
942,176
943,175
944,214
945,150
946,182
947,151
948,218
949,179
950,182
951,170
952,220
953,239
954,197
955,244
956,205
957,216
958,167
959,97
960,201
961,235
962,79
963,227
964,189
965,161
966,125
967,191
968,144
969,233
970,226
971,180
972,188
973,75
974,191
975,155
976,201
977,129
978,214
979,243
980,208
981,217
982,167
983,183
984,169
985,237
986,198
987,236
988,234
989,145
990,243
991,161
992,183
993,219
994,222
995,213
996,182
997,242
998,173
999,223
1000,218
1001,159
1002,181
1003,245
1004,223
1005,231
1006,201
1007,207
1008,201
1009,204
1010,231
1011,199
1012,192
1013,207
1014,213
1015,227
1016,163
1017,203
1018,216
1019,246
1020,184
1021,247
1022,108
1023,183
1024,178
1025,214
1026,212
1027,108
1028,201
1029,211
1030,235
1031,162
1032,134
1033,162
1034,201
1035,205
1036,236
1037,178
1038,230
1039,181
1040,205
1041,142
1042,211
1043,167
1044,158
1045,220
1046,190
1047,175
1048,235
1049,129
1050,191
1051,201
1052,223
1053,179
1054,160
1055,197
1056,240
1057,211
1058,169
1059,216
1060,229
1061,185
1062,197
1063,172
1064,225
1065,220
1066,172
1067,234
1068,246
1069,206
1070,232
1071,221
1072,115
1073,224
1074,241
1075,220
1076,218
1077,203
1078,166
1079,185
1080,234
1081,150
1082,177
1083,146
1084,208
1085,220
1086,214
1087,156
1088,201
1089,160
1090,230
1091,182
1092,219
1093,181
1094,214
1095,234
1096,118
1097,229
1098,213
1099,230
1100,203
1101,226
1102,237
1103,226
1104,175
1105,223
1106,221
1107,143
1108,228
1109,217
1110,203
1111,171
1112,188
1113,230
1114,234
1115,166
1116,225
1117,171
1118,190
1119,187
1120,221
1121,214
1122,173
1123,143
1124,167
1125,176
1126,245
1127,225
1128,183
1129,211
1130,192
1131,241
1132,181
1133,238
1134,188
1135,218
1136,219
1137,198
1138,250
1139,191
1140,248
1141,208
1142,206
1143,112
1144,143
1145,155
1146,18
1147,248
1148,153
1149,217
1150,90
1151,237
1152,186
1153,189
1154,172
1155,200
1156,205
1157,215
1158,209
1159,229
1160,183
1161,234
1162,113
1163,248
1164,168
1165,243
1166,188
1167,221
1168,243
1169,227
1170,188
1171,180
1172,226
1173,183
1174,239
1175,248
1176,218
1177,193
1178,248
1179,131
1180,172
1181,150
1182,152
1183,133
1184,229
1185,238
1186,224
1187,198
1188,176
1189,211
1190,218
1191,110
1192,247
1193,207
1194,231
1195,246
1196,202
1197,196
1198,170
1199,230
1200,166
1201,246
1202,137
1203,220
1204,170
1205,188
1206,133
1207,170
1208,101
1209,211
1210,179
1211,214
1212,214
1213,205
1214,73
1215,144
1216,142
1217,193
1218,128
1219,250
1220,204
1221,203
1222,39
1223,111
1224,200
1225,48
1226,240
1227,90
1228,173
1229,242
1230,123
1231,4
1232,150
1233,178
1234,96
1235,166
1236,194
1237,161
1238,154
1239,213
1240,178
1241,165
1242,126
1243,218
1244,230
1245,248
1246,221
1247,150
1248,239
1249,176
1250,230
1251,175
1252,178
1253,185
1254,50
1255,49
1256,188
1257,237
1258,159
1259,156
1260,151
1261,214
1262,51
1263,247
1264,172
1265,167
1266,69
1267,116
1268,236
1269,210
1270,242
1271,198
1272,183
1273,227
1274,243
1275,224
1276,159
1277,76
1278,202
1279,251
1280,183
1281,107
1282,234
1283,140
1284,151
1285,98
1286,166
1287,0
1288,153
1289,148
1290,231
1291,224
1292,116
1293,217
1294,170
1295,184
1296,235
1297,71
1298,174
1299,42
1300,241
1301,160
1302,240
1303,162
1304,204
1305,233
1306,223
1307,230
1308,40
1309,185
1310,92
1311,160
1312,69
1313,223
1314,231
1315,218
1316,150
1317,178
1318,120
1319,214
1320,81
1321,92
1322,174
1323,238
1324,66
1325,153
1326,152
1327,87
1328,162
1329,215
1330,187
1331,92
1332,112
1333,164
1334,139
1335,112
1336,66
1337,176
1338,0
1339,214
1340,94
1341,215
1342,215
1343,200
1344,136
1345,107
1346,247
1347,69
1348,211
1349,169
1350,240
1351,0
1352,177
1353,0
1354,224
1355,103
1356,226
1357,203
1358,156
1359,137
1360,218
1361,99
1362,167
1363,34
1364,243
1365,239
1366,171
1367,198
1368,138
1369,120
1370,215
1371,199
1372,98
1373,138
1374,242
1375,248
1376,142
1377,203
1378,179
1379,221
1380,208
1381,98
1382,217
1383,238
1384,223
1385,53
1386,239
1387,213
1388,43
1389,53
1390,37
1391,225
1392,174
1393,164
1394,185
1395,61
1396,143
1397,135
1398,182
1399,183
1400,182
1401,213
1402,140
1403,202
1404,229
1405,154
1406,209
1407,90
1408,162
1409,227
1410,181
1411,201
1412,220
1413,209
1414,234
1415,127
1416,185
1417,124
1418,236
1419,204
1420,161
1421,224
1422,245
1423,118
1424,120
1425,242
1426,26
1427,120
1428,220
1429,210
1430,34
1431,201
1432,215
1433,130
1434,177
1435,237
1436,144
1437,125
1438,232
1439,243
1440,231
1441,98
1442,148
1443,235
1444,198
1445,228
1446,130
1447,156
1448,200
1449,112
1450,34
1451,176
1452,206
1453,119
1454,236
1455,245
1456,195
1457,79
1458,175
1459,156
1460,197
1461,220
1462,73
1463,163
1464,112
1465,209
1466,213
1467,226
1468,225
1469,168
1470,109
1471,202
1472,145
1473,150
1474,218
1475,202
1476,197
1477,98
1478,217
1479,152
1480,129
1481,161
1482,231
1483,228
1484,217
1485,158
1486,247
1487,138
1488,238
1489,226
1490,207
1491,73
1492,237
1493,210
1494,251
1495,230
1496,249
1497,213
1498,229
1499,167
1500,159
1501,186
1502,211
1503,163
1504,124
1505,166
1506,147
1507,86
1508,189
1509,194
1510,134
1511,189
1512,173
1513,78
1514,142
1515,236
1516,204
1517,206
1518,230
1519,120
1520,189
1521,240
1522,178
1523,42
1524,132
1525,221
1526,199
1527,200
1528,189
1529,224
1530,146
1531,102
1532,179
1533,236
1534,145
1535,86
1536,136
1537,172
1538,153
1539,226
1540,187
1541,234
1542,67
1543,216
1544,140
1545,126
1546,189
1547,166
1548,78
1549,179
1550,36
1551,93
1552,173
1553,203
1554,166
1555,156
1556,120
1557,209
1558,189
1559,144
1560,230
1561,118
1562,243
1563,162
1564,136
1565,141
1566,105
1567,180
1568,239
1569,49
1570,191
1571,176
1572,246
1573,237
1574,206
1575,247
1576,150
1577,100
1578,51
1579,234
1580,213
1581,147
1582,94
1583,230
1584,181
1585,188
1586,208
1587,130
1588,199
1589,137
1590,235
1591,230
1592,209
1593,205
1594,181
1595,0
1596,156
1597,152
1598,103
1599,144
1600,217
1601,195
1602,157
1603,177
1604,239
1605,225
1606,207
1607,171
1608,240
1609,196
1610,252
1611,173
1612,182
1613,226
1614,173
1615,171
1616,233
1617,174
1618,192
1619,174
1620,159
1621,213
1622,240
1623,176
1624,216
1625,198
1626,121
1627,112
1628,233
1629,147
1630,174
1631,221
1632,204
1633,200
1634,195
1635,236
1636,190
1637,232
1638,99
1639,212
1640,219
1641,176
1642,202
1643,179
1644,218
1645,214
1646,208
1647,253
1648,254
1649,247
1650,230
1651,247
1652,170
1653,153
1654,142
1655,247
1656,189
1657,175
1658,248
1659,224
1660,232
1661,172
1662,201
1663,217
1664,165
1665,248
1666,169
1667,200
1668,154
1669,162
1670,200
1671,215
1672,250
1673,255
1674,200
1675,246
1676,223
1677,237
1678,167
1679,142
1680,230
1681,176
1682,230
1683,186
1684,176
1685,235
1686,171
1687,223
1688,240
1689,154
1690,132
1691,146
1692,215
1693,179
1694,114
1695,169
1696,219
1697,0
1698,217
1699,249
1700,142
1701,223
1702,146
1703,223
1704,217
1705,185
1706,228
1707,132
1708,175
1709,231
1710,206
1711,213
1712,150
1713,119
1714,39
1715,218
1716,233
1717,190
1718,122
1719,223
1720,139
1721,92
1722,187
1723,63
1724,63
1725,193
1726,237
1727,180
1728,172
1729,157
1730,132
1731,229
1732,163
1733,217
1734,164
1735,217
1736,141
1737,158
1738,195
1739,223
1740,87
1741,134
1742,159
1743,236
1744,249
1745,152
1746,149
1747,131
1748,188
1749,181
1750,77
1751,131
1752,151
1753,101
1754,196
1755,213
1756,224
1757,148
1758,233
1759,189
1760,108
1761,57
1762,220
1763,147
1764,219
1765,146
1766,172
1767,149
1768,233
1769,166
1770,200
1771,143
1772,145
1773,149
1774,115
1775,246
1776,242
1777,168
1778,122
1779,177
1780,219
1781,204
1782,65
1783,62
1784,198
1785,158
1786,99
1787,240
1788,205
1789,84
1790,240
1791,249
1792,213
1793,73
1794,204
1795,239
1796,163
1797,184
1798,226
1799,219
1800,185
1801,225
1802,229
1803,128
1804,230
1805,221
1806,194
1807,197
1808,227
1809,229
1810,211
1811,209
1812,165
1813,250
1814,168
1815,175
1816,206
1817,176
1818,168
1819,36
1820,143
1821,206
1822,192
1823,142
1824,212
1825,164
1826,164
1827,198
1828,199
1829,228
1830,226
1831,234
1832,208
1833,173
1834,118
1835,206
1836,183
1837,148
1838,242
1839,214
1840,234
1841,232
1842,220
1843,144
1844,187
1845,109
1846,65
1847,161
1848,226
1849,111
1850,198
1851,196
1852,216
1853,151
1854,190
1855,146
1856,191
1857,242
1858,193
1859,209
1860,225
1861,133
1862,149
1863,236
1864,244
1865,121
1866,139
1867,246
1868,100
1869,249
1870,236
1871,218
1872,183
1873,203
1874,225
1875,222
1876,149
1877,176
1878,203
1879,145
1880,241
1881,180
1882,244
1883,218
1884,172
1885,217
1886,189
1887,150
1888,174
1889,163
1890,234
1891,133
1892,252
1893,240
1894,201
1895,243
1896,86
1897,198
1898,190
1899,185
1900,82
1901,236
1902,158
1903,197
1904,184
1905,216
1906,22
1907,175
1908,241
1909,162
1910,190
1911,247
1912,196
1913,115
1914,71
1915,242
1916,230
1917,238
1918,242
1919,122
1920,199
1921,175
1922,245
1923,204
1924,86
1925,167
1926,195
1927,143
1928,87
1929,153
1930,137
1931,52
1932,247
1933,165
1934,59
1935,254
1936,206
1937,178
1938,186
1939,112
1940,113
1941,239
1942,245
1943,201
1944,137
1945,148
1946,220
1947,224
1948,229
1949,229
1950,207
1951,203
1952,230
1953,193
1954,159
1955,141
1956,218
1957,179
1958,203
1959,212
1960,220
1961,162
1962,71
1963,157
1964,73
1965,216
1966,231
1967,189
1968,207
1969,244
1970,123
1971,176
1972,239
1973,109
1974,198
1975,202
1976,170
1977,173
1978,196
1979,189
1980,170
1981,239
1982,238
1983,224
1984,189
1985,205
1986,214
1987,253
1988,232
1989,237
1990,156
1991,124
1992,234
1993,223
1994,145
1995,231
1996,49
1997,138
1998,230
1999,208
2000,146
2001,24
2002,106
2003,96
2004,196
2005,179
2006,206
2007,237
2008,72
2009,45
2010,244
2011,75
2012,231
2013,222
2014,162
2015,132
2016,170
2017,249
2018,180
2019,225
2020,242
2021,153
2022,203
2023,247
2024,204
2025,87
2026,210
2027,203
2028,139
2029,77
2030,229
2031,202
2032,20
2033,219
2034,130
2035,209
2036,226
2037,174
2038,242
2039,187
2040,201
2041,128
2042,162
2043,237
2044,153
2045,113
2046,235
2047,73
2048,0
2049,175
2050,213
2051,135
2052,130
2053,141
2054,238
2055,237
2056,0
2057,107
2058,196
2059,225
2060,186
2061,151
2062,133
2063,143
2064,203
2065,190
2066,226
2067,101
2068,128
2069,131
2070,200
2071,242
2072,112
2073,213
2074,211
2075,226
2076,224
2077,202
2078,165
2079,144
2080,208
2081,160
2082,129
2083,195
2084,216
2085,153
2086,175
2087,204
2088,235
2089,228
2090,194
2091,38
2092,237
2093,122
2094,160
2095,238
2096,167
2097,190
2098,178
2099,158
2100,12
2101,196
2102,181
2103,165
2104,208
2105,192
2106,200
2107,133
2108,181
2109,140
2110,233
2111,49
2112,193
2113,0
2114,51
2115,210
2116,30
2117,146
2118,130
2119,239
2120,191
2121,219
2122,129
2123,138
2124,244
2125,56
2126,149
2127,224
2128,219
2129,56
2130,106
2131,235
2132,45
2133,221
2134,141
2135,24
2136,218
2137,117
2138,134
2139,22
2140,105
2141,119
2142,180
2143,220
2144,135
2145,195
2146,56
2147,239
2148,116
2149,116
2150,76
2151,199
2152,96
2153,164
2154,213
2155,198
2156,175
2157,180
2158,212
2159,212
2160,95
2161,145
2162,170
2163,171
2164,190
2165,234
2166,143
2167,0
2168,8
2169,243
2170,238
2171,76
2172,218
2173,176
2174,218
2175,193
2176,179
2177,227
2178,124
2179,238
2180,128
2181,238
2182,0
2183,179
2184,125
2185,212
2186,76
2187,229
2188,225
2189,144
2190,200
2191,38
2192,217
2193,120
2194,204
2195,88
2196,221
2197,58
2198,208
2199,166
2200,202
2201,34
2202,233
2203,157
2204,84
2205,238
2206,122
2207,148
2208,156
2209,88
2210,116
2211,165
2212,138
2213,88
2214,164
2215,219
2216,212
2217,148
2218,53
2219,98
2220,186
2221,134
2222,207
2223,214
2224,146
2225,194
2226,220
2227,126
2228,157
2229,208
2230,249
2231,61
2232,138
2233,231
2234,227
2235,184
2236,136
2237,170
2238,166
2239,207
2240,130
2241,240
2242,193
2243,210
2244,243
2245,208
2246,189
2247,156
2248,0
2249,112
2250,170
2251,183
2252,221
2253,161
2254,133
2255,179
2256,183
2257,0
2258,195
2259,129
2260,185
2261,201
2262,197
2263,203
2264,234
2265,190
2266,144
2267,211
2268,224
2269,73
2270,26
2271,235
2272,148
2273,212
2274,185
2275,220
2276,184
2277,96
2278,2
2279,122
2280,180
2281,185
2282,171
2283,146
2284,44
2285,246
2286,123
2287,196
2288,239
2289,201
2290,166
2291,219
2292,58
2293,169
2294,118
2295,241
2296,184
2297,196
2298,226
2299,103
2300,198
2301,161
2302,200
2303,239
2304,183
2305,126
2306,0
2307,33
2308,223
2309,187
2310,215
2311,157
2312,223
2313,229
2314,27
2315,138
2316,64
2317,97
2318,249
2319,138
2320,235
2321,173
2322,145
2323,193
2324,203
2325,216
2326,128
2327,238
2328,160
2329,242
2330,94
2331,187
2332,206
2333,189
2334,193
2335,232
2336,103
2337,114
2338,185
2339,148
2340,219
2341,208
2342,167
2343,141
2344,218
2345,227
2346,158
2347,186
2348,216
2349,218
2350,178
2351,116
2352,200
2353,184
2354,191
2355,184
2356,166
2357,151
2358,215
2359,205
2360,172
2361,132
2362,196
2363,88
2364,228
2365,155
2366,243
2367,98
2368,207
2369,224
2370,190
2371,100
2372,236
2373,193
2374,12
2375,101
2376,213
2377,116
2378,92
2379,240
2380,164
2381,181
2382,152
2383,224
2384,0
2385,132
2386,208
2387,213
2388,137
2389,117
2390,216
2391,198
2392,155
2393,119
2394,96
2395,166
2396,219
2397,146
2398,209
2399,213
