0,187
1,181
2,181
3,214
4,165
5,148
6,186
7,228
8,231
9,149
10,134
11,223
12,186
13,168
14,215
15,178
16,202
17,189
18,243
19,238
20,240
21,152
22,168
23,206
24,243
25,226
26,92
27,136
28,226
29,157
30,0
31,188
32,198
33,232
34,213
35,220
36,232
37,221
38,199
39,228
40,189
41,240
42,165
43,149
44,226
45,210
46,142
47,233
48,113
49,154
50,173
51,217
52,129
53,203
54,190
55,180
56,179
57,199
58,178
59,253
60,231
61,151
62,184
63,211
64,207
65,223
66,250
67,236
68,159
69,90
70,178
71,196
72,161
73,226
74,240
75,144
76,214
77,59
78,199
79,176
80,236
81,231
82,160
83,170
84,219
85,222
86,167
87,196
88,96
89,203
90,142
91,249
92,181
93,167
94,179
95,199
96,235
97,187
98,243
99,189
100,256
101,251
102,174
103,89
104,247
105,217
106,218
107,193
108,161
109,54
110,133
111,187
112,198
113,216
114,246
115,207
116,221
117,227
118,228
119,237
120,162
121,214
122,77
123,34
124,182
125,197
126,234
127,109
128,197
129,145
130,171
131,229
132,218
133,229
134,167
135,177
136,174
137,201
138,84
139,140
140,254
141,233
142,216
143,128
144,157
145,180
146,178
147,204
148,190
149,211
150,109
151,213
152,208
153,199
154,197
155,238
156,249
157,152
158,31
159,144
160,222
161,185
162,225
163,177
164,247
165,22
166,123
167,153
168,163
169,252
170,213
171,136
172,193
173,131
174,247
175,182
176,214
177,219
178,240
179,0
180,139
181,124
182,157
183,210
184,196
185,202
186,229
187,134
188,145
189,202
190,247
191,211
192,120
193,250
194,172
195,237
196,164
197,193
198,186
199,202
200,194
201,205
202,193
203,205
204,253
205,137
206,143
207,211
208,202
209,179
210,171
211,190
212,239
213,225
214,64
215,165
216,193
217,186
218,240
219,189
220,153
221,238
222,184
223,166
224,215
225,252
226,244
227,167
228,222
229,219
230,179
231,159
232,227
233,213
234,179
235,195
236,142
237,214
238,116
239,230
240,210
241,164
242,245
243,158
244,238
245,236
246,226
247,249
248,197
249,203
250,165
251,139
252,194
253,194
254,232
255,250
256,254
257,224
258,171
259,174
260,134
261,190
262,231
263,137
264,212
265,219
266,168
267,142
268,188
269,205
270,70
271,197
272,188
273,252
274,193
275,159
276,229
277,171
278,252
279,158
280,155
281,195
282,210
283,196
284,128
285,222
286,178
287,215
288,218
289,198
290,164
291,232
292,175
293,121
294,206
295,179
296,139
297,110
298,174
299,220
300,170
301,194
302,244
303,182
304,226
305,228
306,158
307,217
308,218
309,249
310,201
311,175
312,159
313,247
314,253
315,168
316,54
317,171
318,222
319,199
320,191
321,84
322,192
323,205
324,201
325,236
326,177
327,245
328,201
329,171
330,225
331,251
332,178
333,229
334,228
335,220
336,195
337,199
338,208
339,136
340,49
341,251
342,225
343,189
344,149
345,149
346,146
347,108
348,46
349,151
350,157
351,158
352,136
353,149
354,206
355,182
356,211
357,229
358,221
359,122
360,189
361,179
362,208
363,144
364,228
365,183
366,199
367,238
368,240
369,170
370,179
371,194
372,117
373,158
374,251
375,112
376,211
377,231
378,117
379,180
380,169
381,140
382,99
383,188
384,187
385,252
386,207
387,99
388,180
389,218
390,234
391,161
392,239
393,182
394,186
395,20
396,206
397,208
398,146
399,234
400,124
401,155
402,221
403,126
404,189
405,217
406,217
407,97
408,211
409,227
410,182
411,108
412,225
413,250
414,207
415,140
416,162
417,90
418,218
419,114
420,215
421,196
422,216
423,242
424,205
425,236
426,224
427,96
428,118
429,146
430,232
431,237
432,227
433,246
434,191
435,184
436,186
437,223
438,199
439,218
440,151
441,147
442,193
443,147
444,179
445,184
446,22
447,190
448,140
449,216
450,73
451,212
452,208
453,219
454,220
455,217
456,195
457,245
458,192
459,248
460,231
461,243
462,247
463,159
464,218
465,191
466,185
467,192
468,176
469,127
470,116
471,172
472,173
473,162
474,170
475,244
476,227
477,176
478,209
479,170
480,143
481,246
482,234
483,249
484,130
485,151
486,218
487,118
488,155
489,230
490,160
491,154
492,185
493,80
494,161
495,143
496,228
497,237
498,228
499,236
500,164
501,193
502,228
503,247
504,126
505,232
506,112
507,190
508,45
509,83
510,232
511,231
512,225
513,251
514,181
515,227
516,195
517,189
518,114
519,229
520,86
521,221
522,159
523,73
524,199
525,185
526,213
527,202
528,221
529,224
530,182
531,203
532,70
533,184
534,251
535,114
536,228
537,219
538,105
539,116
540,192
541,247
542,206
543,178
544,229
545,129
546,164
547,120
548,68
549,256
550,161
551,100
552,222
553,165
554,83
555,195
556,36
557,236
558,134
559,193
560,130
561,219
562,193
563,96
564,212
565,174
566,253
567,254
568,210
569,246
570,201
571,98
572,231
573,233
574,178
575,191
576,233
577,143
578,235
579,255
580,204
581,42
582,160
583,254
584,248
585,127
586,198
587,194
588,223
589,85
590,229
591,223
592,249
593,145
594,163
595,216
596,233
597,246
598,139
599,235
600,157
601,206
602,105
603,217
604,161
605,151
606,193
607,200
608,209
609,106
610,212
611,251
612,162
613,249
614,102
615,253
616,139
617,159
618,156
619,126
620,192
621,216
622,140
623,230
624,160
625,192
626,211
627,196
628,219
629,150
630,178
631,182
632,231
633,205
634,206
635,186
636,172
637,113
638,94
639,220
640,88
641,169
642,190
643,150
644,231
645,224
646,239
647,218
648,193
649,214
650,167
651,251
652,132
653,113
654,0
655,198
656,143
657,250
658,233
659,196
660,226
661,194
662,186
663,197
664,217
665,159
666,228
667,130
668,223
669,149
670,167
671,210
672,76
673,217
674,192
675,210
676,131
677,153
678,181
679,223
680,238
681,136
682,242
683,122
684,207
685,226
686,145
687,155
688,199
689,160
690,247
691,225
692,199
693,196
694,152
695,227
696,145
697,237
698,17
699,138
700,207
701,223
702,165
703,255
704,143
705,216
706,63
707,247
708,49
709,154
710,247
711,251
712,251
713,216
714,142
715,180
716,196
717,218
718,120
719,87
720,118
721,218
722,69
723,218
724,216
725,176
726,95
727,254
728,0
729,192
730,221
731,159
732,235
733,140
734,239
735,129
736,155
737,180
738,207
739,180
740,228
741,207
742,152
743,166
744,166
745,191
746,93
747,254
748,193
749,240
750,161
751,0
752,213
753,81
754,250
755,130
756,232
757,182
758,175
759,232
760,186
761,101
762,229
763,221
764,170
765,234
766,151
767,192
768,136
769,200
770,148
771,216
772,145
773,226
774,202
775,139
776,186
777,209
778,182
779,127
780,216
781,158
782,118
783,237
784,195
785,251
786,238
787,92
788,126
789,224
790,252
791,64
792,180
793,240
794,178
795,240
796,128
797,165
798,224
799,256
800,156
801,232
802,198
803,181
804,172
805,239
806,243
807,188
808,251
809,211
810,216
811,151
812,162
813,228
814,199
815,204
816,210
817,159
818,107
819,197
820,251
821,208
822,0
823,214
824,223
825,193
826,203
827,227
828,172
829,222
830,193
831,236
832,199
833,138
834,165
835,155
836,184
837,143
838,140
839,105
840,231
841,222
842,238
843,219
844,208
845,237
846,112
847,172
848,229
849,153
850,208
851,122
852,183
853,247
854,119
855,181
856,77
857,243
858,145
859,68
860,237
861,207
862,150
863,212
864,167
865,88
866,217
867,224
868,179
869,232
870,180
871,227
872,219
873,217
874,243
875,242
876,198
877,213
878,184
879,217
880,246
881,150
882,0
883,229
884,189
885,194
886,153
887,225
888,221
889,84
890,244
891,206
892,214
893,193
894,179
895,253
896,238
897,215
898,170
899,169
900,142
901,160
902,201
903,107
904,114
905,187
906,99
907,5
908,194
909,240
910,238
911,194
912,46
913,215
914,244
915,209
916,110
917,183
918,162
919,183
920,198
921,185
922,212
923,233
924,235
925,158
926,222
927,130
928,238
929,230
930,231
931,230
932,167
933,240
934,165
935,245
936,240
937,142
938,47
939,250
940,229
941,203
942,126
943,205
944,196
945,232
946,201
947,152
948,192
949,256
950,205
951,242
952,136
953,232
954,235
955,110
956,234
957,242
958,201
959,217
960,210
961,252
962,252
963,152
964,181
965,192
966,247
967,253
968,221
969,176
970,222
971,150
972,157
973,131
974,185
975,152
976,221
977,159
978,230
979,236
980,218
981,255
982,145
983,228
984,235
985,90
986,0
987,229
988,136
989,155
990,152
991,150
992,79
993,206
994,203
995,161
996,205
997,220
998,179
999,250
1000,241
1001,176
1002,251
1003,96
1004,170
1005,168
1006,201
1007,185
1008,156
1009,98
1010,129
1011,182
1012,247
1013,192
1014,230
1015,190
1016,214
1017,219
1018,183
1019,226
1020,188
1021,78
1022,234
1023,166
1024,144
1025,254
1026,194
1027,216
1028,244
1029,189
1030,160
1031,149
1032,78
1033,236
1034,172
1035,248
1036,126
1037,24
1038,171
1039,146
1040,187
1041,159
1042,191
1043,213
1044,128
1045,227
1046,205
1047,198
1048,173
1049,134
1050,213
1051,245
1052,207
1053,49
1054,151
1055,134
1056,172
1057,243
1058,106
1059,191
1060,221
1061,132
1062,196
1063,216
1064,195
1065,229
1066,66
1067,223
1068,198
1069,244
1070,252
1071,171
1072,134
1073,199
1074,178
1075,253
1076,226
1077,251
1078,195
1079,246
1080,163
1081,205
1082,142
1083,205
1084,230
1085,186
1086,172
1087,155
1088,204
1089,186
1090,105
1091,157
1092,126
1093,137
1094,99
1095,223
1096,109
1097,163
1098,138
1099,190
1100,201
1101,230
1102,136
1103,167
1104,242
1105,178
1106,175
1107,251
1108,209
1109,226
1110,254
1111,229
1112,248
1113,238
1114,149
1115,205
1116,222
1117,144
1118,174
1119,179
1120,225
1121,155
1122,154
1123,149
1124,175
1125,230
1126,135
1127,169
1128,83
1129,190
1130,250
1131,256
1132,175
1133,236
1134,123
1135,198
1136,150
1137,154
1138,163
1139,91
1140,242
1141,237
1142,234
1143,136
1144,143
1145,164
1146,161
1147,224
1148,197
1149,150
1150,118
1151,246
1152,132
1153,197
1154,243
1155,133
1156,253
1157,237
1158,202
1159,244
1160,182
1161,226
1162,192
1163,229
1164,135
1165,182
1166,240
1167,186
1168,150
1169,118
1170,234
1171,194
1172,170
1173,181
1174,187
1175,207
1176,119
1177,224
1178,162
1179,244
1180,106
1181,198
1182,168
1183,209
1184,166
1185,236
1186,256
1187,124
1188,135
1189,226
1190,232
1191,212
1192,188
1193,250
1194,247
1195,232
1196,127
1197,167
1198,123
1199,79
1200,95
1201,255
1202,237
1203,238
1204,101
1205,231
1206,228
1207,225
1208,138
1209,238
1210,208
1211,186
1212,211
1213,149
1214,249
1215,0
1216,219
1217,0
1218,174
1219,244
1220,239
1221,163
1222,107
1223,225
1224,124
1225,48
1226,187
1227,187
1228,71
1229,155
1230,165
1231,181
1232,117
1233,241
1234,47
1235,73
1236,163
1237,108
1238,192
1239,245
1240,138
1241,201
1242,201
1243,209
1244,150
1245,117
1246,254
1247,244
1248,146
1249,199
1250,175
1251,200
1252,185
1253,234
1254,222
1255,211
1256,214
1257,165
1258,200
1259,244
1260,223
1261,240
1262,52
1263,253
1264,185
1265,201
1266,168
1267,221
1268,173
1269,243
1270,153
1271,227
1272,212
1273,238
1274,122
1275,156
1276,108
1277,213
1278,216
1279,188
1280,140
1281,181
1282,150
1283,203
1284,239
1285,151
1286,165
1287,50
1288,143
1289,195
1290,104
1291,144
1292,98
1293,114
1294,223
1295,161
1296,232
1297,230
1298,136
1299,241
1300,99
1301,235
1302,192
1303,203
1304,187
1305,127
1306,153
1307,189
1308,158
1309,161
1310,194
1311,204
1312,224
1313,176
1314,212
1315,256
1316,224
1317,149
1318,146
1319,127
1320,188
1321,95
1322,186
1323,233
1324,56
1325,163
1326,142
1327,250
1328,194
1329,228
1330,205
1331,171
1332,255
1333,205
1334,240
1335,140
1336,204
1337,136
1338,190
1339,185
1340,245
1341,253
1342,200
1343,220
1344,236
1345,223
1346,215
1347,255
1348,162
1349,173
1350,225
1351,232
1352,163
1353,196
1354,225
1355,70
1356,179
1357,100
1358,194
1359,71
1360,231
1361,236
1362,205
1363,177
1364,151
1365,180
1366,20
1367,225
1368,156
1369,233
1370,245
1371,203
1372,252
1373,184
1374,198
1375,177
1376,202
1377,213
1378,22
1379,172
1380,185
1381,177
1382,175
1383,231
1384,63
1385,121
1386,130
1387,183
1388,95
1389,246
1390,180
1391,197
1392,119
1393,240
1394,204
1395,212
1396,175
1397,232
1398,126
1399,209
1400,83
1401,197
1402,209
1403,151
1404,208
1405,136
1406,255
1407,53
1408,90
1409,116
1410,199
1411,218
1412,229
1413,219
1414,158
1415,225
1416,101
1417,215
1418,133
1419,74
1420,226
1421,231
1422,194
1423,256
1424,179
1425,210
1426,230
1427,132
1428,198
1429,162
1430,230
1431,167
1432,151
1433,229
1434,212
1435,150
1436,240
1437,230
1438,132
1439,198
1440,212
1441,245
1442,144
1443,250
1444,136
1445,245
1446,228
1447,224
1448,223
1449,168
1450,195
1451,162
1452,235
1453,166
1454,227
1455,238
1456,237
1457,171
1458,184
1459,165
1460,160
1461,199
1462,222
1463,212
1464,79
1465,206
1466,247
1467,239
1468,190
1469,169
1470,121
1471,244
1472,227
1473,202
1474,0
1475,208
1476,134
1477,212
1478,142
1479,214
1480,194
1481,62
1482,231
1483,99
1484,207
1485,191
1486,184
1487,251
1488,174
1489,219
1490,209
1491,251
1492,160
1493,251
1494,124
1495,231
1496,216
1497,203
1498,139
1499,200
1500,80
1501,199
1502,129
1503,162
1504,140
1505,97
1506,173
1507,226
1508,245
1509,154
1510,103
1511,239
1512,111
1513,140
1514,210
1515,169
1516,187
1517,188
1518,233
1519,181
1520,167
1521,204
1522,238
1523,247
1524,130
1525,214
1526,229
1527,150
1528,141
1529,168
1530,156
1531,224
1532,112
1533,58
1534,153
1535,186
1536,232
1537,167
1538,163
1539,226
1540,180
1541,250
1542,249
1543,219
1544,208
1545,119
1546,241
1547,166
1548,122
1549,169
1550,117
1551,103
1552,226
1553,210
1554,52
1555,232
1556,72
1557,220
1558,222
1559,157
1560,180
1561,164
1562,254
1563,149
1564,242
1565,153
1566,232
1567,231
1568,210
1569,161
1570,242
1571,244
1572,198
1573,235
1574,185
1575,170
1576,185
1577,233
1578,182
1579,220
1580,230
1581,239
1582,148
1583,199
1584,123
1585,176
1586,239
1587,234
1588,228
1589,189
1590,227
1591,181
1592,180
1593,98
1594,165
1595,237
1596,221
1597,154
1598,185
1599,171
1600,182
1601,140
1602,188
1603,223
1604,162
1605,242
1606,97
1607,222
1608,153
1609,182
1610,108
1611,225
1612,253
1613,172
1614,215
1615,181
1616,160
1617,156
1618,191
1619,226
1620,216
1621,59
1622,152
1623,190
1624,111
1625,176
1626,180
1627,208
1628,224
1629,164
1630,233
1631,227
1632,199
1633,207
1634,139
1635,180
1636,168
1637,207
1638,122
1639,195
1640,172
1641,212
1642,243
1643,94
1644,144
1645,251
1646,136
1647,226
1648,225
1649,199
1650,232
1651,208
1652,129
1653,168
1654,155
1655,233
1656,139
1657,212
1658,46
1659,177
1660,164
1661,249
1662,169
1663,105
1664,185
1665,243
1666,90
1667,164
1668,193
1669,124
1670,205
1671,141
1672,214
1673,84
1674,207
1675,182
1676,198
1677,227
1678,203
1679,78
1680,119
1681,215
1682,196
1683,159
1684,172
1685,179
1686,227
1687,221
1688,240
1689,189
1690,230
1691,99
1692,100
1693,126
1694,148
1695,64
1696,220
1697,139
1698,216
1699,208
1700,200
1701,250
1702,249
1703,239
1704,256
1705,196
1706,237
1707,256
1708,236
1709,232
1710,209
1711,207
1712,175
1713,184
1714,135
1715,155
1716,79
1717,191
1718,209
1719,178
1720,219
1721,171
1722,197
1723,174
1724,256
1725,211
1726,207
1727,214
1728,218
1729,230
1730,141
1731,202
1732,202
1733,76
1734,153
1735,10
1736,204
1737,251
1738,163
1739,243
1740,224
1741,87
1742,254
1743,170
1744,184
1745,150
1746,149
1747,202
1748,204
1749,138
1750,217
1751,187
1752,165
1753,214
1754,241
1755,202
1756,199
1757,191
1758,240
1759,194
1760,116
1761,102
1762,250
1763,196
1764,158
1765,63
1766,250
1767,175
1768,140
1769,214
1770,0
1771,199
1772,50
1773,177
1774,124
1775,142
1776,99
1777,222
1778,90
1779,157
1780,254
1781,157
1782,203
1783,186
1784,72
1785,168
1786,203
1787,234
1788,194
1789,250
1790,201
1791,101
1792,78
1793,193
1794,127
1795,41
1796,224
1797,70
1798,186
1799,170
1800,177
1801,188
1802,168
1803,124
1804,164
1805,166
1806,55
1807,196
1808,205
1809,144
1810,147
1811,213
1812,183
1813,205
1814,158
1815,184
1816,83
1817,125
1818,86
1819,236
1820,224
1821,203
1822,173
1823,242
1824,217
1825,206
1826,226
1827,160
1828,162
1829,69
1830,93
1831,174
1832,205
1833,241
1834,187
1835,218
1836,208
1837,197
1838,206
1839,168
1840,221
1841,149
1842,245
1843,155
1844,252
1845,0
1846,123
1847,208
1848,125
1849,167
1850,230
1851,148
1852,207
1853,174
1854,152
1855,179
1856,169
1857,196
1858,239
1859,174
1860,146
1861,177
1862,131
1863,174
1864,158
1865,185
1866,174
1867,253
1868,218
1869,223
1870,192
1871,125
1872,14
1873,195
1874,214
1875,211
1876,176
1877,214
1878,239
1879,167
1880,128
1881,77
1882,183
1883,174
1884,247
1885,134
1886,145
1887,249
1888,149
1889,136
1890,215
1891,144
1892,133
1893,208
1894,253
1895,192
1896,198
1897,191
1898,185
1899,189
1900,184
1901,242
1902,203
1903,150
1904,186
1905,182
1906,211
1907,204
1908,177
1909,116
1910,196
1911,216
1912,205
1913,75
1914,136
1915,162
1916,221
1917,199
1918,155
1919,154
1920,231
1921,208
1922,197
1923,197
1924,112
1925,215
1926,220
1927,149
1928,167
1929,195
1930,133
1931,255
1932,221
1933,205
1934,194
1935,246
1936,193
1937,176
1938,78
1939,184
1940,171
1941,214
1942,211
1943,169
1944,247
1945,182
1946,123
1947,181
1948,246
1949,108
1950,124
1951,151
1952,212
1953,113
1954,245
1955,130
1956,185
1957,203
1958,195
1959,146
1960,152
1961,97
1962,114
1963,114
1964,23
1965,143
1966,217
1967,200
1968,241
1969,255
1970,233
1971,253
1972,177
1973,97
1974,225
1975,190
1976,212
1977,221
1978,177
1979,246
1980,178
1981,223
1982,233
1983,235
1984,214
1985,117
1986,240
1987,200
1988,244
1989,208
1990,234
1991,195
1992,234
1993,130
1994,46
1995,189
1996,68
1997,147
1998,172
1999,191
2000,199
2001,215
2002,209
2003,201
2004,158
2005,158
2006,206
2007,226
2008,209
2009,219
2010,207
2011,228
2012,224
2013,214
2014,166
2015,165
2016,230
2017,195
2018,193
2019,217
2020,175
2021,228
2022,76
2023,200
2024,177
2025,222
2026,211
2027,154
2028,188
2029,132
2030,254
2031,219
2032,214
2033,214
2034,195
2035,223
2036,117
2037,158
2038,169
2039,199
2040,165
2041,212
2042,123
2043,155
2044,244
2045,115
2046,256
2047,246
2048,211
2049,168
2050,44
2051,162
2052,144
2053,222
2054,222
2055,231
2056,212
2057,216
2058,201
2059,198
2060,77
2061,209
2062,100
2063,0
2064,83
2065,230
2066,222
2067,142
2068,61
2069,78
2070,191
2071,208
2072,204
2073,213
2074,252
2075,243
2076,169
2077,125
2078,234
2079,147
2080,211
2081,227
2082,211
2083,188
2084,216
2085,161
2086,142
2087,164
2088,181
2089,229
2090,126
2091,254
2092,149
2093,225
2094,204
2095,182
2096,241
2097,158
2098,209
2099,150
2100,174
2101,246
2102,174
2103,157
2104,184
2105,147
2106,236
2107,216
2108,177
2109,236
2110,154
2111,213
2112,133
2113,172
2114,208
2115,230
2116,194
2117,242
2118,219
2119,248
2120,164
2121,121
2122,212
2123,129
2124,224
2125,229
2126,136
2127,195
2128,138
2129,152
2130,224
2131,194
2132,155
2133,184
2134,152
2135,169
2136,216
2137,132
2138,256
2139,201
2140,194
2141,195
2142,194
2143,218
2144,217
2145,225
2146,100
2147,145
2148,209
2149,196
2150,190
2151,252
2152,149
2153,208
2154,238
2155,234
2156,241
2157,199
2158,131
2159,204
2160,53
2161,191
2162,36
2163,236
2164,243
2165,170
2166,235
2167,158
2168,177
2169,252
2170,224
2171,181
2172,118
2173,129
2174,166
2175,210
2176,234
2177,251
2178,206
2179,210
2180,256
2181,191
2182,189
2183,146
2184,191
2185,182
2186,173
2187,7
2188,206
2189,181
2190,165
2191,211
2192,158
2193,88
2194,243
2195,126
2196,117
2197,218
2198,155
2199,134
2200,173
2201,191
2202,237
2203,18
2204,175
2205,84
2206,240
2207,145
2208,184
2209,130
2210,131
2211,239
2212,159
2213,103
2214,216
2215,256
2216,231
2217,232
2218,211
2219,184
2220,172
2221,236
2222,204
2223,157
2224,75
2225,219
2226,216
2227,105
2228,154
2229,160
2230,238
2231,214
2232,173
2233,192
2234,155
2235,226
2236,64
2237,249
2238,225
2239,158
2240,191
2241,194
2242,172
2243,196
2244,154
2245,182
2246,144
2247,191
2248,228
2249,161
2250,234
2251,255
2252,111
2253,194
2254,251
2255,230
2256,132
2257,229
2258,170
2259,56
2260,200
2261,186
2262,228
2263,132
2264,244
2265,137
2266,224
2267,204
2268,0
2269,179
2270,144
2271,98
2272,249
2273,151
2274,229
2275,152
2276,256
2277,238
2278,173
2279,138
2280,225
2281,153
2282,165
2283,54
2284,250
2285,218
2286,97
2287,211
2288,238
2289,226
2290,210
2291,204
2292,242
2293,88
2294,169
2295,164
2296,175
2297,188
2298,252
2299,211
2300,202
2301,206
2302,250
2303,240
2304,244
2305,232
2306,164
2307,153
2308,207
2309,193
2310,182
2311,133
2312,243
2313,208
2314,251
2315,256
2316,150
2317,39
2318,138
2319,206
2320,179
2321,206
2322,235
2323,238
2324,244
2325,183
2326,141
2327,202
2328,154
2329,175
2330,188
2331,174
2332,187
2333,194
2334,238
2335,137
2336,157
2337,221
2338,219
2339,145
2340,239
2341,174
2342,256
2343,209
2344,199
2345,198
2346,232
2347,204
2348,232
2349,233
2350,164
2351,233
2352,129
2353,100
2354,159
2355,245
2356,212
2357,199
2358,215
2359,2
2360,217
2361,109
2362,84
2363,219
2364,208
2365,172
2366,138
2367,247
2368,146
2369,119
2370,242
2371,207
2372,116
2373,240
2374,219
2375,224
2376,208
2377,83
2378,254
2379,246
2380,196
2381,176
2382,78
2383,237
2384,236
2385,212
2386,175
2387,208
2388,214
2389,148
2390,222
2391,154
2392,119
2393,203
2394,129
2395,124
2396,141
2397,249
2398,140
2399,214
