0,181
1,172
2,170
3,214
4,183
5,110
6,182
7,235
8,227
9,126
10,139
11,223
12,169
13,179
14,224
15,168
16,201
17,192
18,242
19,237
20,234
21,96
22,160
23,196
24,243
25,225
26,33
27,43
28,210
29,153
30,0
31,188
32,202
33,233
34,231
35,218
36,236
37,217
38,204
39,226
40,200
41,250
42,165
43,95
44,218
45,205
46,154
47,235
48,131
49,160
50,128
51,229
52,70
53,215
54,169
55,178
56,184
57,190
58,178
59,247
60,229
61,134
62,164
63,200
64,206
65,215
66,250
67,243
68,155
69,142
70,184
71,201
72,155
73,230
74,223
75,161
76,205
77,49
78,201
79,156
80,232
81,228
82,144
83,147
84,221
85,221
86,172
87,186
88,106
89,193
90,145
91,235
92,201
93,163
94,139
95,198
96,202
97,189
98,247
99,178
100,256
101,250
102,153
103,81
104,244
105,215
106,211
107,227
108,156
109,0
110,142
111,195
112,194
113,204
114,245
115,202
116,202
117,229
118,234
119,230
120,176
121,232
122,77
123,50
124,187
125,196
126,224
127,77
128,199
129,138
130,151
131,221
132,216
133,235
134,176
135,164
136,141
137,181
138,46
139,127
140,253
141,231
142,208
143,130
144,161
145,160
146,171
147,180
148,200
149,210
150,123
151,209
152,214
153,190
154,181
155,239
156,250
157,152
158,54
159,98
160,225
161,177
162,215
163,145
164,237
165,0
166,116
167,166
168,164
169,252
170,208
171,141
172,190
173,122
174,234
175,177
176,213
177,218
178,239
179,0
180,164
181,38
182,157
183,210
184,183
185,197
186,225
187,166
188,134
189,226
190,237
191,208
192,54
193,253
194,162
195,237
196,173
197,216
198,196
199,206
200,160
201,213
202,193
203,194
204,252
205,143
206,130
207,203
208,208
209,98
210,156
211,183
212,244
213,225
214,82
215,183
216,193
217,189
218,240
219,181
220,110
221,242
222,184
223,112
224,220
225,252
226,231
227,163
228,213
229,217
230,169
231,150
232,237
233,203
234,174
235,199
236,144
237,210
238,92
239,228
240,218
241,149
242,244
243,156
244,237
245,233
246,219
247,251
248,204
249,207
250,160
251,107
252,212
253,204
254,234
255,249
256,254
257,224
258,167
259,186
260,144
261,190
262,233
263,81
264,225
265,212
266,144
267,138
268,182
269,200
270,181
271,203
272,182
273,252
274,178
275,148
276,227
277,105
278,250
279,159
280,140
281,201
282,216
283,221
284,98
285,220
286,182
287,221
288,220
289,191
290,165
291,222
292,185
293,119
294,198
295,161
296,102
297,99
298,174
299,212
300,157
301,200
302,230
303,156
304,228
305,217
306,155
307,215
308,195
309,235
310,196
311,146
312,158
313,244
314,248
315,154
316,110
317,177
318,203
319,197
320,232
321,45
322,158
323,204
324,199
325,235
326,108
327,241
328,188
329,133
330,229
331,252
332,111
333,203
334,226
335,216
336,179
337,201
338,217
339,90
340,95
341,249
342,230
343,186
344,162
345,128
346,111
347,116
348,0
349,91
350,132
351,146
352,136
353,147
354,198
355,187
356,208
357,231
358,215
359,115
360,200
361,168
362,204
363,138
364,231
365,184
366,204
367,240
368,240
369,84
370,177
371,194
372,100
373,165
374,250
375,87
376,193
377,230
378,114
379,195
380,189
381,111
382,111
383,195
384,176
385,251
386,204
387,81
388,196
389,229
390,241
391,175
392,227
393,187
394,183
395,0
396,208
397,212
398,159
399,241
400,75
401,172
402,215
403,145
404,143
405,207
406,218
407,64
408,209
409,221
410,174
411,88
412,223
413,250
414,182
415,145
416,188
417,80
418,193
419,86
420,222
421,210
422,222
423,245
424,213
425,238
426,219
427,71
428,114
429,182
430,232
431,223
432,215
433,246
434,179
435,178
436,175
437,223
438,218
439,222
440,185
441,120
442,181
443,180
444,178
445,175
446,56
447,187
448,111
449,222
450,70
451,186
452,213
453,174
454,207
455,212
456,195
457,250
458,202
459,248
460,234
461,241
462,248
463,162
464,205
465,190
466,155
467,172
468,129
469,148
470,100
471,158
472,174
473,146
474,185
475,245
476,227
477,160
478,212
479,150
480,135
481,247
482,238
483,249
484,130
485,149
486,222
487,33
488,143
489,231
490,162
491,146
492,192
493,52
494,166
495,143
496,229
497,211
498,231
499,229
500,179
501,203
502,208
503,248
504,92
505,239
506,133
507,190
508,137
509,7
510,237
511,230
512,220
513,251
514,177
515,228
516,193
517,180
518,108
519,222
520,89
521,213
522,170
523,75
524,188
525,189
526,217
527,223
528,226
529,213
530,166
531,204
532,47
533,169
534,251
535,75
536,212
537,218
538,89
539,77
540,205
541,247
542,206
543,207
544,222
545,126
546,166
547,144
548,60
549,256
550,177
551,84
552,222
553,156
554,79
555,181
556,0
557,230
558,121
559,189
560,161
561,195
562,194
563,90
564,221
565,174
566,253
567,253
568,214
569,244
570,195
571,97
572,233
573,232
574,182
575,201
576,234
577,123
578,216
579,255
580,195
581,50
582,218
583,254
584,244
585,97
586,192
587,188
588,189
589,82
590,220
591,229
592,249
593,107
594,170
595,228
596,234
597,247
598,161
599,237
600,169
601,210
602,105
603,201
604,142
605,157
606,163
607,203
608,178
609,107
610,216
611,243
612,179
613,247
614,22
615,251
616,118
617,151
618,111
619,123
620,186
621,217
622,142
623,226
624,180
625,181
626,213
627,200
628,206
629,129
630,179
631,182
632,236
633,206
634,199
635,191
636,166
637,71
638,98
639,216
640,32
641,171
642,190
643,102
644,231
645,220
646,239
647,236
648,182
649,199
650,157
651,252
652,154
653,139
654,0
655,191
656,102
657,247
658,233
659,120
660,222
661,193
662,171
663,182
664,228
665,108
666,226
667,109
668,224
669,117
670,176
671,202
672,18
673,222
674,198
675,191
676,92
677,125
678,173
679,225
680,240
681,141
682,246
683,165
684,204
685,224
686,173
687,172
688,192
689,78
690,246
691,227
692,199
693,186
694,139
695,224
696,153
697,234
698,0
699,134
700,217
701,220
702,156
703,254
704,169
705,227
706,95
707,248
708,35
709,128
710,247
711,250
712,252
713,225
714,118
715,173
716,166
717,215
718,105
719,103
720,148
721,222
722,103
723,204
724,218
725,168
726,103
727,254
728,76
729,194
730,215
731,64
732,225
733,108
734,233
735,121
736,138
737,184
738,218
739,188
740,218
741,196
742,98
743,116
744,171
745,181
746,85
747,255
748,209
749,241
750,153
751,0
752,201
753,98
754,249
755,68
756,232
757,171
758,177
759,223
760,182
761,75
762,219
763,224
764,159
765,242
766,142
767,189
768,87
769,188
770,164
771,217
772,129
773,219
774,202
775,141
776,190
777,208
778,200
779,116
780,226
781,173
782,99
783,244
784,201
785,250
786,237
787,63
788,70
789,212
790,253
791,76
792,199
793,238
794,177
795,240
796,118
797,147
798,225
799,256
800,169
801,234
802,208
803,123
804,152
805,240
806,239
807,200
808,249
809,207
810,203
811,146
812,175
813,225
814,199
815,205
816,196
817,140
818,38
819,188
820,251
821,208
822,0
823,215
824,220
825,174
826,174
827,227
828,168
829,222
830,174
831,198
832,200
833,66
834,187
835,108
836,137
837,111
838,135
839,123
840,228
841,217
842,234
843,215
844,193
845,228
846,120
847,189
848,222
849,141
850,208
851,150
852,191
853,248
854,103
855,154
856,83
857,245
858,158
859,88
860,230
861,174
862,131
863,221
864,148
865,150
866,214
867,217
868,158
869,223
870,181
871,224
872,201
873,213
874,242
875,240
876,203
877,224
878,177
879,216
880,246
881,144
882,47
883,233
884,179
885,188
886,152
887,223
888,225
889,56
890,246
891,193
892,194
893,195
894,176
895,251
896,237
897,222
898,164
899,162
900,136
901,161
902,204
903,121
904,93
905,192
906,82
907,20
908,175
909,230
910,238
911,193
912,55
913,208
914,242
915,204
916,99
917,177
918,132
919,200
920,194
921,177
922,196
923,236
924,228
925,138
926,220
927,98
928,236
929,218
930,236
931,236
932,157
933,235
934,171
935,243
936,231
937,126
938,0
939,250
940,230
941,193
942,79
943,201
944,189
945,239
946,200
947,169
948,164
949,256
950,203
951,238
952,160
953,236
954,236
955,120
956,234
957,242
958,199
959,213
960,218
961,250
962,250
963,146
964,160
965,196
966,249
967,253
968,207
969,179
970,209
971,117
972,174
973,101
974,172
975,198
976,224
977,144
978,230
979,237
980,125
981,255
982,137
983,222
984,243
985,100
986,0
987,232
988,151
989,146
990,128
991,124
992,80
993,226
994,192
995,159
996,184
997,217
998,184
999,247
1000,241
1001,190
1002,247
1003,84
1004,166
1005,192
1006,198
1007,173
1008,155
1009,54
1010,91
1011,161
1012,247
1013,194
1014,229
1015,206
1016,213
1017,226
1018,189
1019,224
1020,206
1021,70
1022,234
1023,172
1024,125
1025,254
1026,165
1027,214
1028,247
1029,158
1030,149
1031,111
1032,78
1033,245
1034,167
1035,247
1036,88
1037,18
1038,170
1039,138
1040,181
1041,148
1042,166
1043,208
1044,132
1045,202
1046,163
1047,184
1048,154
1049,119
1050,222
1051,245
1052,211
1053,63
1054,122
1055,137
1056,180
1057,247
1058,50
1059,194
1060,222
1061,135
1062,203
1063,211
1064,182
1065,226
1066,64
1067,210
1068,203
1069,246
1070,249
1071,164
1072,149
1073,196
1074,138
1075,253
1076,217
1077,237
1078,200
1079,235
1080,135
1081,202
1082,103
1083,183
1084,212
1085,191
1086,174
1087,146
1088,133
1089,178
1090,100
1091,155
1092,114
1093,115
1094,84
1095,222
1096,90
1097,118
1098,142
1099,193
1100,216
1101,228
1102,119
1103,191
1104,241
1105,161
1106,176
1107,250
1108,226
1109,227
1110,254
1111,213
1112,244
1113,238
1114,132
1115,197
1116,194
1117,150
1118,179
1119,177
1120,228
1121,158
1122,135
1123,176
1124,133
1125,227
1126,72
1127,195
1128,75
1129,194
1130,244
1131,256
1132,205
1133,243
1134,91
1135,200
1136,153
1137,147
1138,172
1139,49
1140,240
1141,240
1142,234
1143,164
1144,86
1145,131
1146,161
1147,211
1148,164
1149,147
1150,0
1151,243
1152,112
1153,200
1154,243
1155,114
1156,248
1157,222
1158,202
1159,242
1160,178
1161,219
1162,171
1163,236
1164,122
1165,169
1166,237
1167,185
1168,143
1169,112
1170,236
1171,193
1172,168
1173,184
1174,187
1175,211
1176,116
1177,225
1178,149
1179,232
1180,109
1181,182
1182,161
1183,186
1184,163
1185,235
1186,256
1187,98
1188,52
1189,238
1190,230
1191,230
1192,171
1193,249
1194,242
1195,231
1196,91
1197,187
1198,115
1199,67
1200,94
1201,255
1202,211
1203,241
1204,68
1205,236
1206,207
1207,216
1208,145
1209,222
1210,189
1211,194
1212,201
1213,67
1214,247
1215,0
1216,224
1217,0
1218,172
1219,243
1220,244
1221,190
1222,118
1223,234
1224,120
1225,15
1226,188
1227,168
1228,14
1229,170
1230,157
1231,155
1232,104
1233,232
1234,74
1235,51
1236,131
1237,114
1238,192
1239,247
1240,186
1241,192
1242,197
1243,211
1244,170
1245,80
1246,254
1247,239
1248,182
1249,196
1250,166
1251,215
1252,202
1253,236
1254,210
1255,207
1256,213
1257,150
1258,197
1259,244
1260,229
1261,229
1262,23
1263,251
1264,223
1265,185
1266,185
1267,215
1268,174
1269,239
1270,105
1271,219
1272,220
1273,234
1274,107
1275,148
1276,110
1277,191
1278,221
1279,182
1280,153
1281,198
1282,124
1283,204
1284,238
1285,52
1286,165
1287,67
1288,119
1289,213
1290,112
1291,68
1292,122
1293,108
1294,220
1295,153
1296,236
1297,234
1298,151
1299,242
1300,106
1301,236
1302,204
1303,193
1304,189
1305,83
1306,139
1307,170
1308,147
1309,146
1310,190
1311,181
1312,213
1313,154
1314,207
1315,256
1316,218
1317,194
1318,170
1319,106
1320,158
1321,94
1322,193
1323,232
1324,58
1325,169
1326,147
1327,252
1328,180
1329,221
1330,192
1331,172
1332,255
1333,211
1334,240
1335,158
1336,172
1337,122
1338,166
1339,197
1340,245
1341,253
1342,185
1343,199
1344,222
1345,214
1346,213
1347,254
1348,154
1349,174
1350,223
1351,238
1352,150
1353,209
1354,230
1355,88
1356,146
1357,89
1358,184
1359,58
1360,233
1361,235
1362,221
1363,174
1364,150
1365,181
1366,90
1367,222
1368,132
1369,229
1370,241
1371,201
1372,253
1373,188
1374,211
1375,171
1376,196
1377,218
1378,43
1379,171
1380,176
1381,154
1382,164
1383,230
1384,40
1385,130
1386,112
1387,183
1388,62
1389,246
1390,190
1391,188
1392,122
1393,219
1394,211
1395,207
1396,177
1397,238
1398,125
1399,211
1400,51
1401,191
1402,200
1403,145
1404,150
1405,142
1406,255
1407,0
1408,69
1409,108
1410,194
1411,207
1412,225
1413,231
1414,134
1415,221
1416,44
1417,221
1418,145
1419,48
1420,222
1421,236
1422,207
1423,256
1424,167
1425,196
1426,220
1427,129
1428,153
1429,157
1430,231
1431,163
1432,154
1433,232
1434,198
1435,144
1436,243
1437,230
1438,148
1439,206
1440,198
1441,246
1442,147
1443,251
1444,171
1445,231
1446,222
1447,223
1448,221
1449,174
1450,181
1451,138
1452,234
1453,132
1454,212
1455,229
1456,237
1457,190
1458,202
1459,181
1460,90
1461,187
1462,226
1463,199
1464,43
1465,208
1466,248
1467,230
1468,155
1469,170
1470,95
1471,236
1472,226
1473,208
1474,0
1475,195
1476,102
1477,221
1478,142
1479,209
1480,195
1481,0
1482,232
1483,90
1484,197
1485,193
1486,168
1487,251
1488,162
1489,204
1490,166
1491,251
1492,151
1493,251
1494,134
1495,239
1496,216
1497,179
1498,140
1499,202
1500,58
1501,188
1502,127
1503,149
1504,130
1505,80
1506,72
1507,222
1508,244
1509,152
1510,79
1511,240
1512,95
1513,155
1514,218
1515,169
1516,162
1517,208
1518,234
1519,202
1520,158
1521,197
1522,236
1523,248
1524,116
1525,214
1526,223
1527,158
1528,148
1529,175
1530,157
1531,218
1532,94
1533,0
1534,165
1535,194
1536,232
1537,148
1538,155
1539,230
1540,162
1541,247
1542,243
1543,213
1544,168
1545,106
1546,236
1547,141
1548,116
1549,149
1550,92
1551,119
1552,204
1553,212
1554,74
1555,227
1556,50
1557,201
1558,200
1559,164
1560,168
1561,161
1562,254
1563,166
1564,241
1565,117
1566,233
1567,228
1568,221
1569,167
1570,243
1571,242
1572,184
1573,238
1574,198
1575,173
1576,164
1577,230
1578,191
1579,215
1580,226
1581,236
1582,175
1583,198
1584,133
1585,179
1586,237
1587,232
1588,220
1589,196
1590,229
1591,193
1592,155
1593,85
1594,150
1595,235
1596,214
1597,136
1598,180
1599,186
1600,164
1601,170
1602,194
1603,217
1604,148
1605,238
1606,82
1607,221
1608,137
1609,173
1610,135
1611,231
1612,254
1613,177
1614,206
1615,184
1616,149
1617,127
1618,182
1619,217
1620,215
1621,72
1622,138
1623,199
1624,135
1625,181
1626,150
1627,184
1628,211
1629,116
1630,230
1631,235
1632,206
1633,206
1634,154
1635,173
1636,156
1637,186
1638,77
1639,137
1640,166
1641,212
1642,242
1643,66
1644,123
1645,245
1646,82
1647,218
1648,229
1649,182
1650,240
1651,178
1652,121
1653,156
1654,89
1655,241
1656,71
1657,195
1658,58
1659,188
1660,155
1661,247
1662,167
1663,124
1664,182
1665,240
1666,48
1667,147
1668,173
1669,79
1670,208
1671,123
1672,220
1673,81
1674,206
1675,183
1676,214
1677,223
1678,179
1679,59
1680,119
1681,208
1682,212
1683,153
1684,167
1685,200
1686,224
1687,216
1688,241
1689,193
1690,224
1691,18
1692,146
1693,146
1694,153
1695,55
1696,228
1697,127
1698,216
1699,194
1700,225
1701,248
1702,249
1703,243
1704,256
1705,184
1706,238
1707,256
1708,221
1709,239
1710,205
1711,204
1712,173
1713,190
1714,151
1715,162
1716,98
1717,209
1718,215
1719,173
1720,222
1721,171
1722,202
1723,70
1724,256
1725,224
1726,192
1727,214
1728,206
1729,221
1730,145
1731,208
1732,202
1733,62
1734,127
1735,34
1736,189
1737,248
1738,172
1739,245
1740,206
1741,89
1742,254
1743,173
1744,162
1745,151
1746,159
1747,221
1748,201
1749,168
1750,219
1751,187
1752,142
1753,214
1754,249
1755,188
1756,204
1757,203
1758,228
1759,201
1760,180
1761,26
1762,250
1763,212
1764,195
1765,21
1766,244
1767,182
1768,130
1769,213
1770,0
1771,184
1772,0
1773,157
1774,78
1775,143
1776,133
1777,225
1778,93
1779,158
1780,254
1781,146
1782,204
1783,181
1784,126
1785,184
1786,181
1787,235
1788,192
1789,248
1790,199
1791,36
1792,47
1793,176
1794,30
1795,16
1796,232
1797,59
1798,170
1799,171
1800,170
1801,186
1802,172
1803,103
1804,141
1805,170
1806,0
1807,151
1808,193
1809,135
1810,146
1811,203
1812,204
1813,199
1814,167
1815,156
1816,103
1817,90
1818,114
1819,235
1820,199
1821,176
1822,151
1823,238
1824,215
1825,214
1826,227
1827,168
1828,164
1829,105
1830,98
1831,186
1832,196
1833,242
1834,119
1835,180
1836,214
1837,190
1838,215
1839,126
1840,219
1841,144
1842,236
1843,138
1844,251
1845,80
1846,122
1847,216
1848,77
1849,173
1850,233
1851,106
1852,197
1853,173
1854,108
1855,185
1856,144
1857,210
1858,238
1859,188
1860,142
1861,175
1862,138
1863,168
1864,184
1865,177
1866,177
1867,253
1868,201
1869,209
1870,179
1871,156
1872,0
1873,170
1874,216
1875,235
1876,129
1877,200
1878,244
1879,155
1880,150
1881,77
1882,198
1883,177
1884,245
1885,67
1886,88
1887,244
1888,151
1889,143
1890,214
1891,118
1892,85
1893,211
1894,253
1895,189
1896,196
1897,167
1898,169
1899,217
1900,165
1901,243
1902,192
1903,138
1904,186
1905,178
1906,204
1907,205
1908,184
1909,132
1910,199
1911,217
1912,210
1913,54
1914,103
1915,136
1916,220
1917,207
1918,104
1919,134
1920,228
1921,209
1922,216
1923,195
1924,95
1925,212
1926,227
1927,144
1928,164
1929,194
1930,122
1931,255
1932,213
1933,219
1934,170
1935,237
1936,194
1937,184
1938,32
1939,184
1940,154
1941,224
1942,207
1943,154
1944,244
1945,178
1946,99
1947,175
1948,245
1949,106
1950,127
1951,128
1952,179
1953,59
1954,241
1955,111
1956,175
1957,229
1958,175
1959,114
1960,171
1961,115
1962,120
1963,142
1964,0
1965,169
1966,203
1967,210
1968,245
1969,255
1970,231
1971,253
1972,171
1973,159
1974,215
1975,52
1976,212
1977,219
1978,187
1979,242
1980,184
1981,208
1982,217
1983,232
1984,206
1985,120
1986,241
1987,189
1988,234
1989,208
1990,236
1991,191
1992,233
1993,138
1994,40
1995,196
1996,102
1997,152
1998,147
1999,195
2000,179
2001,215
2002,202
2003,188
2004,169
2005,157
2006,196
2007,219
2008,193
2009,225
2010,215
2011,230
2012,228
2013,206
2014,148
2015,150
2016,211
2017,198
2018,188
2019,231
2020,160
2021,232
2022,55
2023,203
2024,182
2025,236
2026,227
2027,139
2028,188
2029,100
2030,254
2031,217
2032,220
2033,233
2034,166
2035,225
2036,107
2037,138
2038,186
2039,192
2040,134
2041,219
2042,0
2043,182
2044,241
2045,124
2046,256
2047,244
2048,179
2049,168
2050,18
2051,150
2052,158
2053,220
2054,202
2055,222
2056,216
2057,210
2058,195
2059,199
2060,68
2061,217
2062,77
2063,0
2064,76
2065,224
2066,232
2067,124
2068,50
2069,74
2070,184
2071,210
2072,186
2073,207
2074,252
2075,244
2076,164
2077,103
2078,234
2079,141
2080,195
2081,225
2082,227
2083,183
2084,215
2085,143
2086,121
2087,152
2088,199
2089,234
2090,125
2091,254
2092,129
2093,235
2094,207
2095,187
2096,235
2097,162
2098,187
2099,100
2100,171
2101,242
2102,155
2103,151
2104,188
2105,63
2106,237
2107,213
2108,166
2109,234
2110,185
2111,201
2112,130
2113,163
2114,211
2115,230
2116,189
2117,236
2118,221
2119,245
2120,186
2121,82
2122,215
2123,133
2124,226
2125,238
2126,149
2127,189
2128,126
2129,153
2130,225
2131,152
2132,154
2133,182
2134,136
2135,186
2136,216
2137,154
2138,256
2139,202
2140,216
2141,212
2142,211
2143,223
2144,224
2145,224
2146,148
2147,160
2148,221
2149,193
2150,168
2151,254
2152,160
2153,185
2154,240
2155,239
2156,235
2157,223
2158,129
2159,212
2160,87
2161,184
2162,21
2163,243
2164,238
2165,151
2166,233
2167,171
2168,180
2169,252
2170,219
2171,174
2172,109
2173,115
2174,158
2175,187
2176,239
2177,250
2178,202
2179,202
2180,256
2181,200
2182,187
2183,123
2184,130
2185,166
2186,143
2187,0
2188,199
2189,179
2190,155
2191,206
2192,153
2193,103
2194,241
2195,93
2196,115
2197,217
2198,125
2199,141
2200,110
2201,192
2202,239
2203,0
2204,196
2205,78
2206,241
2207,127
2208,147
2209,143
2210,132
2211,241
2212,159
2213,102
2214,208
2215,256
2216,219
2217,231
2218,203
2219,176
2220,158
2221,237
2222,204
2223,174
2224,56
2225,224
2226,213
2227,112
2228,147
2229,137
2230,244
2231,223
2232,137
2233,204
2234,154
2235,230
2236,71
2237,242
2238,218
2239,157
2240,186
2241,183
2242,149
2243,182
2244,148
2245,184
2246,165
2247,206
2248,212
2249,163
2250,232
2251,255
2252,93
2253,191
2254,250
2255,224
2256,107
2257,227
2258,173
2259,64
2260,218
2261,194
2262,227
2263,113
2264,244
2265,44
2266,231
2267,232
2268,0
2269,132
2270,159
2271,26
2272,250
2273,148
2274,231
2275,135
2276,256
2277,211
2278,178
2279,129
2280,237
2281,114
2282,164
2283,70
2284,252
2285,238
2286,89
2287,161
2288,238
2289,234
2290,224
2291,206
2292,243
2293,23
2294,174
2295,125
2296,157
2297,159
2298,251
2299,192
2300,203
2301,200
2302,249
2303,240
2304,245
2305,239
2306,156
2307,164
2308,206
2309,197
2310,141
2311,119
2312,243
2313,202
2314,251
2315,256
2316,154
2317,0
2318,110
2319,206
2320,184
2321,193
2322,232
2323,242
2324,244
2325,187
2326,136
2327,212
2328,104
2329,197
2330,210
2331,149
2332,186
2333,168
2334,211
2335,134
2336,162
2337,225
2338,231
2339,140
2340,232
2341,164
2342,256
2343,204
2344,186
2345,195
2346,222
2347,190
2348,236
2349,211
2350,158
2351,240
2352,56
2353,106
2354,151
2355,246
2356,211
2357,202
2358,202
2359,3
2360,217
2361,77
2362,58
2363,225
2364,220
2365,184
2366,115
2367,244
2368,131
2369,110
2370,242
2371,211
2372,104
2373,245
2374,221
2375,230
2376,221
2377,33
2378,254
2379,248
2380,208
2381,183
2382,56
2383,234
2384,244
2385,206
2386,170
2387,193
2388,219
2389,117
2390,230
2391,119
2392,135
2393,178
2394,142
2395,126
2396,131
2397,245
2398,146
2399,220
