0,177
1,153
2,193
3,216
4,188
5,64
6,205
7,235
8,229
9,154
10,152
11,240
12,213
13,171
14,230
15,187
16,205
17,218
18,239
19,237
20,245
21,124
22,186
23,207
24,243
25,236
26,119
27,99
28,231
29,171
30,7
31,189
32,184
33,238
34,213
35,232
36,233
37,226
38,197
39,244
40,174
41,249
42,220
43,92
44,228
45,219
46,175
47,234
48,147
49,184
50,167
51,227
52,68
53,217
54,205
55,193
56,173
57,189
58,206
59,253
60,234
61,162
62,197
63,230
64,209
65,221
66,251
67,239
68,189
69,67
70,203
71,201
72,171
73,227
74,241
75,168
76,206
77,27
78,203
79,187
80,239
81,238
82,106
83,168
84,215
85,211
86,160
87,205
88,173
89,208
90,195
91,248
92,190
93,181
94,106
95,218
96,219
97,183
98,247
99,205
100,256
101,251
102,201
103,95
104,247
105,217
106,217
107,203
108,177
109,8
110,173
111,185
112,215
113,233
114,248
115,215
116,235
117,224
118,230
119,236
120,156
121,216
122,109
123,38
124,197
125,204
126,225
127,93
128,207
129,162
130,170
131,211
132,226
133,241
134,141
135,194
136,138
137,151
138,45
139,172
140,254
141,234
142,223
143,132
144,182
145,190
146,174
147,179
148,209
149,205
150,89
151,219
152,232
153,197
154,194
155,240
156,249
157,166
158,54
159,134
160,236
161,189
162,223
163,157
164,237
165,44
166,104
167,194
168,159
169,252
170,223
171,165
172,202
173,116
174,230
175,202
176,212
177,201
178,232
179,4
180,164
181,58
182,184
183,231
184,202
185,199
186,229
187,125
188,160
189,239
190,249
191,224
192,124
193,253
194,194
195,239
196,171
197,199
198,174
199,201
200,201
201,227
202,187
203,204
204,253
205,163
206,184
207,216
208,226
209,136
210,149
211,189
212,248
213,237
214,64
215,178
216,223
217,188
218,233
219,173
220,152
221,232
222,208
223,95
224,228
225,253
226,246
227,175
228,221
229,236
230,170
231,173
232,241
233,217
234,195
235,205
236,144
237,209
238,143
239,232
240,230
241,179
242,247
243,190
244,244
245,234
246,227
247,250
248,194
249,210
250,166
251,166
252,206
253,203
254,222
255,248
256,254
257,220
258,190
259,188
260,141
261,209
262,226
263,70
264,223
265,221
266,185
267,143
268,225
269,197
270,117
271,210
272,184
273,252
274,211
275,190
276,223
277,130
278,250
279,167
280,123
281,199
282,232
283,190
284,152
285,220
286,202
287,224
288,216
289,207
290,159
291,233
292,172
293,114
294,202
295,160
296,107
297,98
298,99
299,206
300,176
301,192
302,245
303,144
304,230
305,228
306,155
307,209
308,213
309,249
310,222
311,174
312,170
313,248
314,253
315,176
316,109
317,129
318,230
319,192
320,183
321,61
322,171
323,220
324,207
325,231
326,162
327,249
328,214
329,55
330,235
331,252
332,126
333,224
334,225
335,225
336,188
337,218
338,228
339,132
340,144
341,251
342,237
343,215
344,150
345,167
346,143
347,106
348,5
349,76
350,124
351,187
352,128
353,144
354,199
355,211
356,206
357,218
358,219
359,144
360,206
361,193
362,204
363,137
364,234
365,205
366,194
367,242
368,242
369,40
370,174
371,212
372,141
373,137
374,249
375,146
376,190
377,234
378,123
379,223
380,194
381,95
382,151
383,223
384,177
385,252
386,197
387,73
388,169
389,228
390,238
391,179
392,242
393,155
394,172
395,0
396,216
397,212
398,157
399,237
400,103
401,179
402,212
403,188
404,187
405,211
406,233
407,60
408,201
409,230
410,202
411,142
412,226
413,252
414,198
415,108
416,161
417,93
418,227
419,115
420,235
421,207
422,222
423,246
424,197
425,238
426,227
427,78
428,176
429,171
430,230
431,222
432,221
433,248
434,203
435,180
436,150
437,219
438,215
439,217
440,190
441,146
442,193
443,192
444,189
445,174
446,0
447,203
448,126
449,224
450,91
451,192
452,194
453,175
454,228
455,227
456,207
457,250
458,209
459,254
460,240
461,244
462,248
463,186
464,207
465,159
466,158
467,190
468,120
469,163
470,136
471,195
472,190
473,161
474,192
475,243
476,227
477,177
478,229
479,125
480,162
481,248
482,246
483,242
484,138
485,160
486,228
487,89
488,171
489,236
490,185
491,171
492,198
493,36
494,197
495,162
496,234
497,237
498,243
499,234
500,185
501,184
502,245
503,247
504,178
505,246
506,127
507,199
508,102
509,9
510,225
511,228
512,226
513,252
514,170
515,236
516,184
517,158
518,122
519,230
520,48
521,218
522,180
523,87
524,202
525,238
526,219
527,229
528,193
529,214
530,196
531,211
532,57
533,187
534,251
535,52
536,227
537,232
538,123
539,136
540,183
541,249
542,229
543,192
544,232
545,113
546,190
547,100
548,163
549,256
550,187
551,127
552,228
553,160
554,93
555,214
556,0
557,238
558,134
559,192
560,141
561,215
562,193
563,103
564,219
565,164
566,253
567,254
568,223
569,246
570,213
571,105
572,230
573,241
574,207
575,194
576,234
577,82
578,235
579,255
580,203
581,75
582,219
583,254
584,250
585,119
586,205
587,216
588,202
589,81
590,237
591,231
592,249
593,118
594,175
595,232
596,235
597,248
598,173
599,236
600,150
601,213
602,123
603,215
604,165
605,126
606,189
607,165
608,216
609,118
610,222
611,252
612,175
613,249
614,46
615,253
616,155
617,142
618,135
619,162
620,203
621,213
622,136
623,235
624,138
625,189
626,214
627,201
628,220
629,148
630,194
631,189
632,232
633,234
634,216
635,195
636,166
637,100
638,75
639,222
640,39
641,177
642,183
643,152
644,236
645,233
646,240
647,207
648,183
649,203
650,191
651,251
652,120
653,155
654,0
655,217
656,120
657,251
658,237
659,130
660,214
661,208
662,178
663,204
664,230
665,79
666,235
667,81
668,216
669,64
670,196
671,221
672,4
673,239
674,188
675,213
676,113
677,151
678,199
679,226
680,245
681,150
682,248
683,149
684,210
685,229
686,177
687,183
688,198
689,118
690,243
691,228
692,210
693,190
694,165
695,225
696,126
697,234
698,0
699,124
700,205
701,225
702,156
703,255
704,199
705,226
706,95
707,247
708,20
709,165
710,248
711,251
712,253
713,214
714,138
715,172
716,172
717,227
718,148
719,86
720,109
721,237
722,80
723,218
724,222
725,162
726,147
727,253
728,40
729,208
730,214
731,27
732,238
733,64
734,235
735,146
736,176
737,181
738,218
739,181
740,241
741,226
742,68
743,89
744,196
745,166
746,94
747,255
748,203
749,239
750,170
751,10
752,214
753,120
754,249
755,34
756,234
757,212
758,194
759,239
760,195
761,90
762,203
763,231
764,187
765,243
766,157
767,207
768,130
769,225
770,183
771,222
772,138
773,231
774,192
775,151
776,192
777,234
778,199
779,54
780,215
781,174
782,105
783,242
784,212
785,251
786,239
787,121
788,67
789,219
790,252
791,114
792,180
793,239
794,204
795,228
796,177
797,168
798,240
799,256
800,161
801,237
802,218
803,154
804,180
805,230
806,243
807,205
808,250
809,222
810,237
811,79
812,170
813,235
814,196
815,209
816,205
817,143
818,48
819,205
820,251
821,222
822,0
823,219
824,230
825,217
826,193
827,234
828,196
829,242
830,195
831,203
832,206
833,107
834,152
835,121
836,171
837,151
838,163
839,161
840,235
841,238
842,236
843,225
844,219
845,240
846,100
847,193
848,235
849,179
850,212
851,186
852,166
853,249
854,149
855,137
856,65
857,245
858,183
859,131
860,238
861,202
862,179
863,227
864,169
865,190
866,223
867,239
868,144
869,227
870,182
871,228
872,223
873,208
874,243
875,242
876,199
877,222
878,201
879,194
880,243
881,145
882,7
883,227
884,193
885,209
886,96
887,217
888,198
889,88
890,250
891,218
892,205
893,201
894,176
895,254
896,240
897,232
898,172
899,177
900,126
901,190
902,191
903,162
904,109
905,209
906,107
907,18
908,206
909,228
910,213
911,209
912,112
913,196
914,243
915,220
916,144
917,168
918,161
919,194
920,224
921,188
922,185
923,241
924,251
925,168
926,229
927,128
928,245
929,231
930,236
931,234
932,162
933,241
934,171
935,239
936,230
937,128
938,0
939,252
940,236
941,226
942,132
943,193
944,213
945,240
946,217
947,167
948,162
949,256
950,169
951,244
952,174
953,231
954,247
955,152
956,241
957,247
958,212
959,203
960,222
961,250
962,250
963,158
964,187
965,184
966,249
967,253
968,230
969,166
970,218
971,140
972,202
973,121
974,177
975,182
976,226
977,164
978,226
979,233
980,106
981,255
982,180
983,228
984,237
985,107
986,0
987,241
988,161
989,175
990,165
991,164
992,141
993,222
994,202
995,188
996,205
997,220
998,191
999,251
1000,241
1001,178
1002,244
1003,92
1004,188
1005,178
1006,200
1007,197
1008,149
1009,105
1010,128
1011,184
1012,247
1013,219
1014,221
1015,191
1016,215
1017,215
1018,191
1019,221
1020,205
1021,56
1022,240
1023,185
1024,131
1025,255
1026,118
1027,226
1028,250
1029,204
1030,182
1031,83
1032,138
1033,248
1034,197
1035,249
1036,101
1037,41
1038,179
1039,97
1040,205
1041,177
1042,148
1043,214
1044,153
1045,214
1046,170
1047,192
1048,169
1049,142
1050,214
1051,255
1052,223
1053,135
1054,135
1055,135
1056,182
1057,247
1058,77
1059,200
1060,223
1061,141
1062,217
1063,223
1064,213
1065,236
1066,88
1067,210
1068,231
1069,249
1070,252
1071,174
1072,113
1073,215
1074,88
1075,254
1076,225
1077,252
1078,215
1079,246
1080,162
1081,204
1082,152
1083,184
1084,227
1085,180
1086,165
1087,173
1088,113
1089,196
1090,147
1091,188
1092,57
1093,147
1094,82
1095,219
1096,109
1097,115
1098,130
1099,199
1100,211
1101,240
1102,144
1103,182
1104,243
1105,174
1106,180
1107,251
1108,227
1109,229
1110,254
1111,234
1112,249
1113,243
1114,154
1115,215
1116,174
1117,145
1118,175
1119,207
1120,230
1121,129
1122,155
1123,134
1124,104
1125,243
1126,40
1127,177
1128,92
1129,216
1130,250
1131,256
1132,193
1133,240
1134,82
1135,208
1136,172
1137,159
1138,189
1139,38
1140,240
1141,237
1142,239
1143,131
1144,84
1145,189
1146,186
1147,217
1148,177
1149,169
1150,6
1151,247
1152,102
1153,209
1154,243
1155,148
1156,253
1157,238
1158,210
1159,242
1160,183
1161,229
1162,161
1163,233
1164,153
1165,166
1166,237
1167,190
1168,164
1169,151
1170,241
1171,192
1172,180
1173,211
1174,189
1175,232
1176,136
1177,225
1178,185
1179,245
1180,105
1181,126
1182,180
1183,225
1184,162
1185,239
1186,256
1187,72
1188,112
1189,225
1190,237
1191,233
1192,202
1193,250
1194,247
1195,228
1196,147
1197,175
1198,160
1199,32
1200,86
1201,255
1202,234
1203,229
1204,78
1205,235
1206,229
1207,220
1208,154
1209,238
1210,207
1211,192
1212,218
1213,61
1214,249
1215,0
1216,230
1217,0
1218,182
1219,244
1220,246
1221,166
1222,85
1223,217
1224,134
1225,84
1226,190
1227,163
1228,54
1229,137
1230,156
1231,179
1232,142
1233,240
1234,107
1235,84
1236,146
1237,118
1238,214
1239,245
1240,172
1241,230
1242,202
1243,210
1244,144
1245,81
1246,255
1247,243
1248,189
1249,215
1250,190
1251,196
1252,191
1253,243
1254,215
1255,191
1256,222
1257,156
1258,216
1259,244
1260,237
1261,240
1262,156
1263,252
1264,214
1265,188
1266,219
1267,201
1268,188
1269,243
1270,191
1271,225
1272,216
1273,233
1274,111
1275,182
1276,95
1277,216
1278,217
1279,190
1280,155
1281,188
1282,112
1283,209
1284,244
1285,44
1286,174
1287,56
1288,194
1289,224
1290,148
1291,92
1292,184
1293,135
1294,217
1295,185
1296,236
1297,237
1298,167
1299,252
1300,16
1301,236
1302,216
1303,215
1304,224
1305,102
1306,186
1307,207
1308,136
1309,174
1310,197
1311,202
1312,197
1313,140
1314,217
1315,256
1316,218
1317,199
1318,191
1319,110
1320,204
1321,99
1322,205
1323,245
1324,50
1325,150
1326,184
1327,251
1328,187
1329,223
1330,189
1331,202
1332,255
1333,217
1334,238
1335,174
1336,190
1337,110
1338,210
1339,177
1340,249
1341,254
1342,209
1343,212
1344,240
1345,225
1346,207
1347,254
1348,170
1349,188
1350,228
1351,232
1352,158
1353,233
1354,238
1355,84
1356,170
1357,151
1358,186
1359,63
1360,235
1361,240
1362,224
1363,186
1364,164
1365,179
1366,54
1367,238
1368,149
1369,238
1370,241
1371,208
1372,253
1373,166
1374,202
1375,212
1376,207
1377,211
1378,9
1379,180
1380,202
1381,197
1382,188
1383,236
1384,66
1385,145
1386,149
1387,210
1388,89
1389,246
1390,216
1391,201
1392,111
1393,233
1394,214
1395,231
1396,194
1397,242
1398,137
1399,212
1400,124
1401,219
1402,200
1403,165
1404,176
1405,162
1406,255
1407,0
1408,134
1409,142
1410,206
1411,229
1412,230
1413,235
1414,210
1415,226
1416,97
1417,234
1418,164
1419,52
1420,226
1421,225
1422,208
1423,256
1424,172
1425,200
1426,243
1427,149
1428,163
1429,194
1430,222
1431,126
1432,174
1433,234
1434,185
1435,154
1436,243
1437,236
1438,138
1439,219
1440,212
1441,246
1442,124
1443,251
1444,125
1445,246
1446,228
1447,219
1448,229
1449,190
1450,174
1451,145
1452,242
1453,157
1454,228
1455,230
1456,243
1457,147
1458,217
1459,181
1460,49
1461,186
1462,241
1463,209
1464,30
1465,222
1466,249
1467,225
1468,157
1469,188
1470,128
1471,244
1472,226
1473,219
1474,0
1475,200
1476,152
1477,197
1478,178
1479,208
1480,185
1481,52
1482,230
1483,99
1484,212
1485,207
1486,192
1487,251
1488,180
1489,222
1490,164
1491,251
1492,205
1493,252
1494,171
1495,235
1496,227
1497,198
1498,145
1499,205
1500,86
1501,204
1502,98
1503,153
1504,161
1505,147
1506,44
1507,226
1508,245
1509,178
1510,107
1511,244
1512,92
1513,132
1514,226
1515,160
1516,195
1517,196
1518,233
1519,207
1520,191
1521,226
1522,242
1523,249
1524,133
1525,226
1526,217
1527,173
1528,167
1529,179
1530,183
1531,221
1532,110
1533,13
1534,161
1535,204
1536,228
1537,167
1538,151
1539,237
1540,179
1541,250
1542,250
1543,218
1544,192
1545,104
1546,244
1547,167
1548,145
1549,157
1550,152
1551,97
1552,231
1553,225
1554,98
1555,224
1556,52
1557,224
1558,204
1559,176
1560,178
1561,175
1562,254
1563,178
1564,241
1565,110
1566,240
1567,236
1568,216
1569,169
1570,243
1571,241
1572,198
1573,227
1574,211
1575,206
1576,166
1577,240
1578,193
1579,238
1580,233
1581,237
1582,178
1583,196
1584,143
1585,157
1586,239
1587,232
1588,227
1589,209
1590,241
1591,191
1592,159
1593,147
1594,193
1595,237
1596,207
1597,162
1598,190
1599,180
1600,183
1601,182
1602,192
1603,215
1604,200
1605,242
1606,75
1607,226
1608,135
1609,191
1610,133
1611,213
1612,254
1613,194
1614,227
1615,163
1616,180
1617,173
1618,189
1619,207
1620,232
1621,101
1622,170
1623,206
1624,176
1625,187
1626,165
1627,204
1628,235
1629,133
1630,231
1631,239
1632,206
1633,219
1634,52
1635,215
1636,181
1637,214
1638,45
1639,168
1640,165
1641,212
1642,242
1643,91
1644,168
1645,252
1646,147
1647,229
1648,228
1649,199
1650,238
1651,220
1652,144
1653,182
1654,27
1655,242
1656,131
1657,212
1658,77
1659,168
1660,152
1661,249
1662,171
1663,130
1664,187
1665,241
1666,96
1667,185
1668,216
1669,98
1670,229
1671,105
1672,221
1673,72
1674,227
1675,211
1676,218
1677,224
1678,229
1679,83
1680,135
1681,220
1682,210
1683,158
1684,174
1685,192
1686,243
1687,230
1688,248
1689,206
1690,235
1691,69
1692,172
1693,143
1694,157
1695,87
1696,221
1697,165
1698,219
1699,211
1700,205
1701,250
1702,252
1703,241
1704,256
1705,195
1706,245
1707,256
1708,234
1709,239
1710,203
1711,218
1712,186
1713,163
1714,116
1715,174
1716,159
1717,188
1718,215
1719,193
1720,225
1721,173
1722,219
1723,55
1724,256
1725,222
1726,190
1727,218
1728,225
1729,230
1730,136
1731,190
1732,224
1733,59
1734,137
1735,36
1736,203
1737,252
1738,156
1739,246
1740,207
1741,75
1742,254
1743,192
1744,192
1745,126
1746,182
1747,188
1748,214
1749,152
1750,233
1751,163
1752,151
1753,222
1754,252
1755,204
1756,207
1757,184
1758,247
1759,209
1760,56
1761,58
1762,249
1763,206
1764,179
1765,45
1766,251
1767,199
1768,151
1769,224
1770,0
1771,206
1772,11
1773,180
1774,93
1775,176
1776,91
1777,233
1778,103
1779,169
1780,255
1781,67
1782,205
1783,218
1784,85
1785,173
1786,198
1787,238
1788,182
1789,250
1790,177
1791,26
1792,102
1793,202
1794,0
1795,82
1796,219
1797,50
1798,171
1799,210
1800,151
1801,212
1802,173
1803,117
1804,179
1805,169
1806,81
1807,131
1808,205
1809,128
1810,160
1811,226
1812,213
1813,226
1814,182
1815,176
1816,152
1817,76
1818,103
1819,241
1820,222
1821,165
1822,218
1823,241
1824,219
1825,210
1826,230
1827,185
1828,184
1829,76
1830,109
1831,189
1832,206
1833,250
1834,118
1835,185
1836,224
1837,173
1838,208
1839,102
1840,227
1841,160
1842,245
1843,157
1844,252
1845,0
1846,93
1847,218
1848,59
1849,181
1850,235
1851,49
1852,206
1853,201
1854,132
1855,212
1856,168
1857,215
1858,239
1859,180
1860,150
1861,181
1862,117
1863,181
1864,181
1865,215
1866,191
1867,253
1868,205
1869,233
1870,206
1871,179
1872,0
1873,198
1874,205
1875,237
1876,133
1877,188
1878,242
1879,170
1880,122
1881,87
1882,217
1883,161
1884,246
1885,70
1886,77
1887,248
1888,144
1889,127
1890,232
1891,130
1892,120
1893,219
1894,253
1895,223
1896,204
1897,216
1898,203
1899,166
1900,189
1901,246
1902,208
1903,172
1904,205
1905,188
1906,214
1907,211
1908,153
1909,134
1910,204
1911,210
1912,192
1913,47
1914,118
1915,171
1916,222
1917,197
1918,110
1919,163
1920,234
1921,219
1922,233
1923,195
1924,60
1925,196
1926,220
1927,148
1928,166
1929,186
1930,155
1931,255
1932,234
1933,228
1934,204
1935,240
1936,202
1937,198
1938,46
1939,168
1940,155
1941,224
1942,196
1943,171
1944,248
1945,162
1946,133
1947,204
1948,244
1949,69
1950,184
1951,142
1952,197
1953,30
1954,236
1955,90
1956,201
1957,226
1958,157
1959,142
1960,143
1961,57
1962,160
1963,110
1964,23
1965,151
1966,208
1967,197
1968,247
1969,255
1970,240
1971,253
1972,205
1973,139
1974,223
1975,40
1976,192
1977,231
1978,182
1979,244
1980,188
1981,234
1982,229
1983,231
1984,219
1985,130
1986,239
1987,197
1988,241
1989,204
1990,240
1991,177
1992,242
1993,148
1994,61
1995,207
1996,94
1997,190
1998,194
1999,188
2000,207
2001,219
2002,205
2003,227
2004,171
2005,181
2006,213
2007,231
2008,219
2009,219
2010,216
2011,233
2012,237
2013,223
2014,174
2015,169
2016,238
2017,205
2018,201
2019,231
2020,186
2021,244
2022,50
2023,198
2024,196
2025,236
2026,229
2027,131
2028,208
2029,102
2030,254
2031,232
2032,218
2033,241
2034,161
2035,220
2036,133
2037,132
2038,169
2039,195
2040,137
2041,221
2042,47
2043,183
2044,245
2045,95
2046,256
2047,249
2048,183
2049,170
2050,86
2051,157
2052,159
2053,198
2054,194
2055,226
2056,232
2057,232
2058,216
2059,210
2060,145
2061,221
2062,59
2063,0
2064,61
2065,241
2066,209
2067,143
2068,14
2069,133
2070,186
2071,209
2072,180
2073,224
2074,252
2075,246
2076,155
2077,127
2078,244
2079,118
2080,212
2081,237
2082,211
2083,202
2084,217
2085,107
2086,120
2087,172
2088,202
2089,233
2090,148
2091,254
2092,179
2093,237
2094,209
2095,208
2096,242
2097,181
2098,202
2099,120
2100,201
2101,242
2102,179
2103,151
2104,200
2105,89
2106,242
2107,227
2108,179
2109,241
2110,153
2111,217
2112,148
2113,174
2114,210
2115,233
2116,212
2117,242
2118,227
2119,248
2120,176
2121,56
2122,220
2123,148
2124,229
2125,232
2126,173
2127,181
2128,154
2129,170
2130,235
2131,108
2132,151
2133,153
2134,148
2135,191
2136,237
2137,122
2138,256
2139,211
2140,184
2141,221
2142,178
2143,224
2144,231
2145,233
2146,128
2147,181
2148,218
2149,220
2150,205
2151,254
2152,153
2153,219
2154,237
2155,245
2156,244
2157,205
2158,166
2159,201
2160,120
2161,184
2162,23
2163,229
2164,243
2165,125
2166,234
2167,164
2168,197
2169,252
2170,225
2171,199
2172,103
2173,138
2174,176
2175,196
2176,243
2177,251
2178,214
2179,208
2180,256
2181,204
2182,168
2183,163
2184,156
2185,200
2186,89
2187,37
2188,204
2189,202
2190,169
2191,218
2192,164
2193,53
2194,248
2195,107
2196,138
2197,217
2198,128
2199,148
2200,165
2201,204
2202,241
2203,0
2204,169
2205,150
2206,243
2207,186
2208,164
2209,139
2210,133
2211,233
2212,135
2213,162
2214,222
2215,256
2216,216
2217,236
2218,208
2219,171
2220,172
2221,237
2222,220
2223,162
2224,0
2225,218
2226,221
2227,132
2228,152
2229,180
2230,244
2231,230
2232,111
2233,178
2234,138
2235,236
2236,113
2237,242
2238,208
2239,152
2240,156
2241,174
2242,195
2243,198
2244,140
2245,192
2246,162
2247,211
2248,218
2249,146
2250,225
2251,255
2252,125
2253,218
2254,250
2255,225
2256,125
2257,219
2258,171
2259,88
2260,201
2261,189
2262,232
2263,119
2264,243
2265,52
2266,229
2267,195
2268,0
2269,164
2270,159
2271,39
2272,250
2273,181
2274,232
2275,59
2276,256
2277,235
2278,152
2279,156
2280,231
2281,141
2282,166
2283,76
2284,253
2285,230
2286,131
2287,203
2288,234
2289,230
2290,209
2291,204
2292,243
2293,115
2294,178
2295,185
2296,104
2297,149
2298,252
2299,227
2300,200
2301,204
2302,250
2303,242
2304,236
2305,234
2306,179
2307,168
2308,208
2309,213
2310,187
2311,167
2312,242
2313,234
2314,251
2315,256
2316,202
2317,0
2318,98
2319,214
2320,204
2321,211
2322,246
2323,246
2324,245
2325,220
2326,150
2327,230
2328,61
2329,190
2330,196
2331,184
2332,189
2333,204
2334,239
2335,183
2336,137
2337,223
2338,216
2339,121
2340,241
2341,186
2342,256
2343,211
2344,207
2345,216
2346,232
2347,213
2348,243
2349,185
2350,161
2351,238
2352,55
2353,106
2354,159
2355,236
2356,222
2357,207
2358,207
2359,56
2360,224
2361,85
2362,66
2363,232
2364,205
2365,181
2366,127
2367,247
2368,105
2369,112
2370,243
2371,217
2372,138
2373,245
2374,230
2375,207
2376,214
2377,6
2378,255
2379,249
2380,214
2381,189
2382,115
2383,238
2384,233
2385,211
2386,172
2387,210
2388,230
2389,144
2390,235
2391,109
2392,163
2393,196
2394,116
2395,120
2396,178
2397,247
2398,167
2399,222
