0,183
1,192
2,189
3,214
4,191
5,73
6,204
7,242
8,226
9,151
10,138
11,232
12,198
13,187
14,235
15,189
16,210
17,211
18,239
19,238
20,243
21,112
22,183
23,198
24,243
25,228
26,126
27,50
28,227
29,173
30,48
31,177
32,202
33,235
34,227
35,230
36,236
37,226
38,214
39,239
40,203
41,250
42,189
43,131
44,226
45,214
46,169
47,237
48,145
49,193
50,209
51,219
52,101
53,217
54,223
55,190
56,206
57,192
58,218
59,253
60,232
61,173
62,184
63,225
64,214
65,213
66,248
67,235
68,175
69,173
70,196
71,222
72,174
73,229
74,240
75,172
76,227
77,0
78,215
79,218
80,242
81,245
82,145
83,154
84,214
85,217
86,183
87,199
88,150
89,211
90,183
91,246
92,196
93,178
94,107
95,213
96,241
97,183
98,247
99,183
100,256
101,250
102,168
103,101
104,245
105,217
106,215
107,229
108,177
109,30
110,134
111,189
112,215
113,229
114,246
115,227
116,231
117,228
118,232
119,238
120,187
121,222
122,153
123,88
124,198
125,206
126,223
127,93
128,220
129,165
130,163
131,208
132,223
133,238
134,152
135,193
136,203
137,175
138,116
139,159
140,252
141,236
142,229
143,136
144,190
145,168
146,204
147,174
148,206
149,217
150,110
151,218
152,232
153,205
154,186
155,230
156,249
157,167
158,56
159,121
160,231
161,190
162,225
163,150
164,237
165,47
166,128
167,179
168,175
169,251
170,223
171,173
172,209
173,126
174,239
175,184
176,223
177,212
178,233
179,68
180,152
181,58
182,186
183,217
184,200
185,210
186,232
187,197
188,149
189,231
190,248
191,227
192,102
193,252
194,190
195,247
196,165
197,201
198,198
199,206
200,173
201,212
202,195
203,190
204,252
205,165
206,171
207,216
208,218
209,109
210,164
211,205
212,244
213,238
214,120
215,183
216,213
217,188
218,239
219,193
220,138
221,233
222,200
223,98
224,222
225,252
226,245
227,185
228,221
229,225
230,170
231,162
232,234
233,216
234,201
235,209
236,146
237,207
238,153
239,222
240,226
241,183
242,245
243,175
244,242
245,232
246,231
247,249
248,202
249,214
250,170
251,109
252,205
253,188
254,233
255,248
256,254
257,215
258,189
259,184
260,152
261,201
262,234
263,86
264,206
265,232
266,146
267,148
268,224
269,198
270,188
271,210
272,188
273,252
274,198
275,195
276,229
277,126
278,250
279,164
280,144
281,205
282,227
283,219
284,144
285,219
286,183
287,227
288,223
289,200
290,170
291,236
292,173
293,132
294,206
295,161
296,133
297,105
298,124
299,205
300,179
301,193
302,242
303,169
304,229
305,227
306,157
307,214
308,217
309,249
310,202
311,169
312,169
313,249
314,254
315,172
316,126
317,173
318,226
319,192
320,232
321,97
322,169
323,215
324,211
325,233
326,170
327,246
328,211
329,68
330,235
331,252
332,130
333,217
334,223
335,223
336,186
337,212
338,224
339,127
340,142
341,251
342,236
343,208
344,162
345,159
346,145
347,137
348,81
349,85
350,119
351,176
352,172
353,165
354,204
355,205
356,203
357,223
358,221
359,146
360,210
361,185
362,209
363,149
364,229
365,203
366,199
367,241
368,243
369,30
370,184
371,208
372,90
373,194
374,247
375,151
376,204
377,232
378,141
379,226
380,186
381,112
382,148
383,212
384,171
385,254
386,202
387,77
388,177
389,233
390,244
391,205
392,237
393,146
394,166
395,0
396,218
397,214
398,170
399,240
400,138
401,169
402,218
403,175
404,185
405,216
406,231
407,74
408,201
409,228
410,196
411,140
412,231
413,250
414,209
415,152
416,150
417,99
418,218
419,94
420,224
421,208
422,223
423,246
424,211
425,247
426,229
427,102
428,172
429,195
430,228
431,236
432,219
433,247
434,196
435,182
436,175
437,219
438,196
439,228
440,181
441,148
442,203
443,210
444,179
445,187
446,0
447,204
448,115
449,229
450,71
451,212
452,212
453,153
454,235
455,218
456,208
457,246
458,211
459,253
460,238
461,244
462,247
463,186
464,220
465,180
466,167
467,190
468,104
469,132
470,105
471,181
472,196
473,166
474,189
475,243
476,217
477,178
478,227
479,118
480,167
481,247
482,246
483,247
484,156
485,177
486,220
487,110
488,176
489,235
490,176
491,165
492,211
493,39
494,175
495,169
496,233
497,227
498,239
499,235
500,211
501,184
502,248
503,246
504,140
505,242
506,168
507,200
508,143
509,53
510,234
511,225
512,217
513,251
514,172
515,238
516,195
517,174
518,132
519,223
520,106
521,230
522,180
523,95
524,190
525,234
526,213
527,229
528,211
529,222
530,184
531,210
532,91
533,184
534,251
535,59
536,228
537,230
538,151
539,147
540,199
541,249
542,221
543,171
544,222
545,143
546,176
547,156
548,88
549,256
550,183
551,113
552,228
553,144
554,94
555,211
556,0
557,232
558,159
559,183
560,144
561,219
562,195
563,130
564,224
565,193
566,250
567,254
568,225
569,245
570,219
571,108
572,220
573,234
574,198
575,199
576,230
577,111
578,233
579,255
580,205
581,68
582,208
583,253
584,250
585,143
586,196
587,211
588,207
589,111
590,234
591,235
592,251
593,150
594,184
595,236
596,241
597,248
598,172
599,237
600,149
601,200
602,128
603,214
604,165
605,163
606,188
607,152
608,196
609,149
610,228
611,252
612,177
613,247
614,51
615,252
616,146
617,158
618,126
619,141
620,194
621,210
622,142
623,231
624,175
625,202
626,221
627,206
628,214
629,182
630,198
631,210
632,239
633,215
634,216
635,204
636,173
637,105
638,87
639,226
640,70
641,179
642,191
643,178
644,235
645,232
646,243
647,214
648,183
649,190
650,185
651,250
652,143
653,143
654,0
655,211
656,130
657,247
658,239
659,128
660,227
661,205
662,189
663,201
664,231
665,111
666,234
667,115
668,218
669,115
670,188
671,222
672,0
673,239
674,198
675,226
676,147
677,164
678,193
679,224
680,245
681,150
682,248
683,178
684,210
685,234
686,156
687,194
688,211
689,69
690,240
691,226
692,199
693,187
694,164
695,230
696,130
697,239
698,0
699,163
700,219
701,228
702,146
703,255
704,193
705,234
706,127
707,244
708,83
709,164
710,244
711,250
712,252
713,216
714,129
715,182
716,159
717,221
718,146
719,101
720,146
721,228
722,88
723,230
724,227
725,180
726,142
727,254
728,80
729,202
730,204
731,0
732,234
733,164
734,237
735,163
736,167
737,192
738,219
739,190
740,234
741,219
742,68
743,91
744,190
745,169
746,102
747,254
748,204
749,241
750,219
751,10
752,211
753,149
754,249
755,85
756,231
757,207
758,189
759,234
760,194
761,132
762,216
763,232
764,183
765,242
766,161
767,202
768,151
769,230
770,167
771,221
772,153
773,233
774,213
775,130
776,188
777,238
778,198
779,76
780,223
781,186
782,111
783,240
784,218
785,250
786,237
787,95
788,88
789,230
790,253
791,76
792,177
793,239
794,199
795,225
796,161
797,176
798,232
799,256
800,168
801,240
802,216
803,159
804,167
805,234
806,248
807,204
808,248
809,226
810,232
811,90
812,186
813,234
814,199
815,208
816,214
817,152
818,107
819,206
820,251
821,218
822,0
823,226
824,221
825,207
826,189
827,239
828,197
829,237
830,193
831,194
832,220
833,153
834,187
835,136
836,155
837,125
838,160
839,157
840,236
841,231
842,235
843,220
844,195
845,236
846,116
847,192
848,237
849,167
850,213
851,167
852,180
853,248
854,183
855,153
856,111
857,245
858,179
859,137
860,238
861,204
862,184
863,225
864,183
865,165
866,220
867,241
868,180
869,230
870,177
871,226
872,219
873,204
874,243
875,238
876,208
877,225
878,216
879,213
880,246
881,170
882,0
883,222
884,189
885,217
886,162
887,228
888,217
889,104
890,248
891,218
892,208
893,191
894,184
895,252
896,238
897,230
898,154
899,184
900,119
901,204
902,210
903,145
904,122
905,199
906,106
907,32
908,200
909,231
910,232
911,203
912,127
913,210
914,244
915,220
916,149
917,194
918,155
919,219
920,210
921,188
922,190
923,246
924,251
925,159
926,230
927,128
928,242
929,224
930,225
931,237
932,160
933,238
934,175
935,243
936,230
937,148
938,57
939,250
940,238
941,203
942,99
943,191
944,214
945,240
946,226
947,188
948,203
949,256
950,205
951,243
952,178
953,232
954,246
955,146
956,238
957,245
958,216
959,211
960,226
961,250
962,250
963,182
964,195
965,209
966,251
967,253
968,225
969,178
970,220
971,126
972,204
973,133
974,154
975,163
976,226
977,157
978,226
979,231
980,109
981,255
982,160
983,228
984,241
985,83
986,0
987,234
988,151
989,180
990,143
991,156
992,112
993,222
994,205
995,183
996,200
997,224
998,190
999,250
1000,241
1001,193
1002,247
1003,70
1004,185
1005,178
1006,189
1007,199
1008,140
1009,155
1010,136
1011,182
1012,248
1013,216
1014,228
1015,185
1016,218
1017,229
1018,181
1019,234
1020,216
1021,126
1022,237
1023,187
1024,137
1025,254
1026,140
1027,225
1028,246
1029,182
1030,183
1031,88
1032,90
1033,245
1034,206
1035,246
1036,90
1037,68
1038,178
1039,138
1040,196
1041,174
1042,174
1043,217
1044,148
1045,213
1046,194
1047,201
1048,171
1049,128
1050,226
1051,255
1052,221
1053,145
1054,134
1055,140
1056,182
1057,247
1058,128
1059,196
1060,214
1061,141
1062,227
1063,226
1064,212
1065,229
1066,79
1067,220
1068,226
1069,248
1070,252
1071,186
1072,184
1073,217
1074,94
1075,253
1076,221
1077,251
1078,215
1079,246
1080,166
1081,208
1082,168
1083,189
1084,226
1085,185
1086,165
1087,169
1088,118
1089,200
1090,134
1091,184
1092,62
1093,121
1094,89
1095,219
1096,117
1097,122
1098,132
1099,199
1100,220
1101,235
1102,135
1103,175
1104,240
1105,150
1106,175
1107,250
1108,231
1109,230
1110,254
1111,232
1112,248
1113,236
1114,176
1115,217
1116,195
1117,155
1118,190
1119,189
1120,231
1121,141
1122,167
1123,142
1124,133
1125,239
1126,0
1127,184
1128,116
1129,218
1130,248
1131,256
1132,221
1133,240
1134,105
1135,217
1136,178
1137,172
1138,189
1139,89
1140,237
1141,238
1142,235
1143,154
1144,93
1145,185
1146,196
1147,220
1148,180
1149,152
1150,157
1151,244
1152,115
1153,207
1154,243
1155,155
1156,252
1157,236
1158,220
1159,241
1160,191
1161,230
1162,192
1163,233
1164,133
1165,165
1166,234
1167,194
1168,171
1169,158
1170,234
1171,191
1172,187
1173,210
1174,192
1175,238
1176,130
1177,220
1178,181
1179,243
1180,130
1181,162
1182,178
1183,222
1184,181
1185,244
1186,256
1187,86
1188,190
1189,229
1190,233
1191,227
1192,206
1193,250
1194,244
1195,229
1196,185
1197,179
1198,168
1199,62
1200,97
1201,255
1202,217
1203,241
1204,92
1205,230
1206,229
1207,219
1208,135
1209,235
1210,188
1211,192
1212,216
1213,17
1214,248
1215,0
1216,228
1217,0
1218,194
1219,242
1220,246
1221,154
1222,103
1223,216
1224,142
1225,85
1226,187
1227,164
1228,16
1229,159
1230,165
1231,174
1232,144
1233,236
1234,93
1235,82
1236,139
1237,151
1238,204
1239,246
1240,191
1241,209
1242,201
1243,224
1244,185
1245,96
1246,254
1247,240
1248,181
1249,212
1250,180
1251,203
1252,178
1253,246
1254,209
1255,200
1256,218
1257,163
1258,211
1259,244
1260,234
1261,240
1262,71
1263,252
1264,209
1265,201
1266,185
1267,211
1268,193
1269,242
1270,139
1271,212
1272,218
1273,222
1274,116
1275,178
1276,136
1277,220
1278,218
1279,195
1280,160
1281,190
1282,108
1283,195
1284,242
1285,69
1286,183
1287,77
1288,179
1289,204
1290,134
1291,89
1292,179
1293,103
1294,217
1295,173
1296,236
1297,239
1298,180
1299,250
1300,65
1301,239
1302,216
1303,205
1304,222
1305,115
1306,165
1307,189
1308,150
1309,187
1310,197
1311,201
1312,208
1313,194
1314,216
1315,256
1316,219
1317,217
1318,198
1319,104
1320,182
1321,133
1322,209
1323,245
1324,107
1325,176
1326,169
1327,250
1328,188
1329,220
1330,204
1331,193
1332,255
1333,216
1334,236
1335,181
1336,191
1337,136
1338,198
1339,205
1340,246
1341,254
1342,198
1343,220
1344,233
1345,225
1346,205
1347,254
1348,162
1349,189
1350,225
1351,236
1352,166
1353,224
1354,235
1355,86
1356,158
1357,141
1358,186
1359,76
1360,237
1361,236
1362,222
1363,177
1364,162
1365,181
1366,73
1367,229
1368,165
1369,234
1370,246
1371,206
1372,252
1373,223
1374,190
1375,192
1376,224
1377,212
1378,70
1379,177
1380,200
1381,203
1382,179
1383,234
1384,51
1385,166
1386,143
1387,196
1388,62
1389,247
1390,221
1391,204
1392,120
1393,240
1394,209
1395,225
1396,195
1397,241
1398,153
1399,215
1400,83
1401,219
1402,206
1403,163
1404,162
1405,167
1406,255
1407,0
1408,133
1409,139
1410,210
1411,233
1412,229
1413,228
1414,191
1415,226
1416,99
1417,231
1418,172
1419,44
1420,223
1421,222
1422,195
1423,256
1424,175
1425,196
1426,243
1427,154
1428,163
1429,169
1430,222
1431,177
1432,165
1433,233
1434,186
1435,165
1436,241
1437,224
1438,147
1439,221
1440,213
1441,247
1442,121
1443,251
1444,154
1445,249
1446,231
1447,222
1448,226
1449,181
1450,196
1451,153
1452,241
1453,129
1454,228
1455,223
1456,240
1457,201
1458,211
1459,196
1460,112
1461,195
1462,240
1463,214
1464,72
1465,220
1466,248
1467,220
1468,175
1469,197
1470,121
1471,245
1472,220
1473,216
1474,0
1475,204
1476,141
1477,199
1478,176
1479,209
1480,205
1481,0
1482,228
1483,89
1484,215
1485,213
1486,177
1487,248
1488,176
1489,212
1490,193
1491,251
1492,183
1493,251
1494,159
1495,232
1496,224
1497,210
1498,144
1499,205
1500,74
1501,204
1502,151
1503,175
1504,175
1505,124
1506,119
1507,226
1508,245
1509,164
1510,107
1511,241
1512,97
1513,161
1514,227
1515,185
1516,181
1517,208
1518,235
1519,213
1520,187
1521,218
1522,237
1523,249
1524,138
1525,218
1526,231
1527,190
1528,173
1529,179
1530,158
1531,223
1532,115
1533,0
1534,188
1535,204
1536,228
1537,162
1538,146
1539,234
1540,198
1541,246
1542,250
1543,228
1544,212
1545,138
1546,242
1547,165
1548,131
1549,165
1550,159
1551,177
1552,226
1553,211
1554,71
1555,233
1556,80
1557,219
1558,212
1559,171
1560,189
1561,171
1562,254
1563,176
1564,242
1565,129
1566,233
1567,231
1568,223
1569,182
1570,235
1571,243
1572,196
1573,228
1574,189
1575,198
1576,182
1577,234
1578,189
1579,240
1580,236
1581,238
1582,165
1583,202
1584,108
1585,175
1586,240
1587,238
1588,224
1589,221
1590,241
1591,197
1592,165
1593,153
1594,173
1595,229
1596,224
1597,144
1598,193
1599,166
1600,182
1601,174
1602,192
1603,214
1604,181
1605,243
1606,106
1607,221
1608,137
1609,190
1610,122
1611,219
1612,254
1613,190
1614,225
1615,203
1616,165
1617,149
1618,187
1619,224
1620,224
1621,130
1622,200
1623,192
1624,157
1625,188
1626,168
1627,204
1628,228
1629,153
1630,229
1631,236
1632,197
1633,217
1634,114
1635,205
1636,198
1637,203
1638,50
1639,168
1640,178
1641,204
1642,240
1643,129
1644,157
1645,251
1646,126
1647,225
1648,230
1649,196
1650,241
1651,206
1652,142
1653,173
1654,37
1655,240
1656,135
1657,220
1658,95
1659,163
1660,181
1661,250
1662,163
1663,130
1664,174
1665,241
1666,157
1667,177
1668,213
1669,106
1670,217
1671,141
1672,210
1673,58
1674,215
1675,199
1676,217
1677,221
1678,216
1679,26
1680,161
1681,221
1682,216
1683,167
1684,166
1685,212
1686,241
1687,226
1688,246
1689,207
1690,232
1691,2
1692,180
1693,158
1694,183
1695,94
1696,221
1697,165
1698,223
1699,204
1700,231
1701,254
1702,251
1703,243
1704,256
1705,195
1706,241
1707,256
1708,233
1709,235
1710,196
1711,220
1712,189
1713,162
1714,130
1715,174
1716,136
1717,197
1718,220
1719,197
1720,227
1721,181
1722,214
1723,53
1724,256
1725,224
1726,176
1727,220
1728,216
1729,231
1730,145
1731,201
1732,217
1733,3
1734,161
1735,60
1736,205
1737,250
1738,162
1739,244
1740,218
1741,80
1742,252
1743,190
1744,168
1745,140
1746,179
1747,220
1748,213
1749,178
1750,226
1751,165
1752,157
1753,220
1754,250
1755,198
1756,201
1757,189
1758,241
1759,211
1760,104
1761,40
1762,250
1763,217
1764,197
1765,75
1766,251
1767,192
1768,160
1769,221
1770,0
1771,208
1772,33
1773,175
1774,85
1775,178
1776,111
1777,235
1778,124
1779,163
1780,254
1781,106
1782,205
1783,191
1784,144
1785,190
1786,205
1787,237
1788,185
1789,249
1790,190
1791,38
1792,77
1793,195
1794,0
1795,114
1796,223
1797,43
1798,151
1799,191
1800,225
1801,196
1802,189
1803,134
1804,153
1805,166
1806,64
1807,138
1808,206
1809,140
1810,164
1811,201
1812,220
1813,203
1814,177
1815,195
1816,141
1817,96
1818,107
1819,240
1820,212
1821,171
1822,196
1823,244
1824,225
1825,205
1826,230
1827,186
1828,177
1829,72
1830,112
1831,190
1832,211
1833,249
1834,132
1835,174
1836,223
1837,187
1838,224
1839,104
1840,229
1841,154
1842,244
1843,166
1844,251
1845,65
1846,136
1847,216
1848,103
1849,181
1850,234
1851,63
1852,219
1853,192
1854,152
1855,185
1856,159
1857,211
1858,238
1859,192
1860,158
1861,168
1862,142
1863,184
1864,191
1865,204
1866,167
1867,253
1868,214
1869,235
1870,200
1871,166
1872,0
1873,194
1874,217
1875,234
1876,106
1877,204
1878,241
1879,172
1880,174
1881,84
1882,215
1883,165
1884,247
1885,69
1886,97
1887,245
1888,151
1889,205
1890,231
1891,145
1892,133
1893,218
1894,253
1895,206
1896,199
1897,223
1898,185
1899,172
1900,183
1901,245
1902,214
1903,165
1904,208
1905,194
1906,216
1907,210
1908,176
1909,135
1910,197
1911,220
1912,200
1913,86
1914,132
1915,154
1916,223
1917,203
1918,106
1919,186
1920,232
1921,218
1922,225
1923,194
1924,108
1925,200
1926,223
1927,150
1928,179
1929,192
1930,144
1931,255
1932,226
1933,226
1934,183
1935,240
1936,194
1937,194
1938,91
1939,155
1940,154
1941,221
1942,206
1943,176
1944,242
1945,193
1946,121
1947,210
1948,245
1949,108
1950,154
1951,141
1952,168
1953,22
1954,249
1955,110
1956,182
1957,228
1958,181
1959,185
1960,166
1961,72
1962,158
1963,121
1964,26
1965,175
1966,216
1967,199
1968,245
1969,255
1970,241
1971,252
1972,186
1973,134
1974,223
1975,33
1976,207
1977,226
1978,194
1979,241
1980,187
1981,242
1982,223
1983,232
1984,217
1985,159
1986,241
1987,202
1988,242
1989,211
1990,240
1991,170
1992,241
1993,142
1994,42
1995,206
1996,43
1997,176
1998,197
1999,205
2000,198
2001,213
2002,207
2003,205
2004,175
2005,180
2006,206
2007,237
2008,206
2009,221
2010,220
2011,235
2012,236
2013,225
2014,178
2015,175
2016,227
2017,208
2018,200
2019,231
2020,187
2021,235
2022,76
2023,219
2024,191
2025,238
2026,225
2027,135
2028,206
2029,103
2030,254
2031,223
2032,222
2033,236
2034,183
2035,225
2036,116
2037,150
2038,161
2039,202
2040,131
2041,220
2042,31
2043,167
2044,245
2045,136
2046,256
2047,248
2048,189
2049,156
2050,89
2051,165
2052,145
2053,210
2054,208
2055,228
2056,211
2057,221
2058,217
2059,213
2060,137
2061,226
2062,57
2063,0
2064,95
2065,237
2066,222
2067,138
2068,94
2069,93
2070,195
2071,205
2072,180
2073,225
2074,253
2075,246
2076,164
2077,135
2078,244
2079,146
2080,205
2081,232
2082,225
2083,194
2084,218
2085,139
2086,129
2087,175
2088,218
2089,231
2090,150
2091,254
2092,165
2093,231
2094,205
2095,190
2096,241
2097,182
2098,204
2099,155
2100,202
2101,252
2102,184
2103,159
2104,214
2105,187
2106,244
2107,222
2108,184
2109,239
2110,203
2111,218
2112,147
2113,186
2114,216
2115,233
2116,211
2117,241
2118,226
2119,248
2120,172
2121,86
2122,210
2123,151
2124,234
2125,233
2126,184
2127,187
2128,155
2129,164
2130,232
2131,120
2132,159
2133,171
2134,146
2135,195
2136,227
2137,119
2138,256
2139,209
2140,200
2141,219
2142,208
2143,229
2144,226
2145,227
2146,150
2147,153
2148,219
2149,203
2150,201
2151,254
2152,165
2153,221
2154,239
2155,244
2156,246
2157,222
2158,156
2159,207
2160,107
2161,186
2162,0
2163,236
2164,222
2165,169
2166,233
2167,146
2168,191
2169,252
2170,236
2171,186
2172,106
2173,169
2174,171
2175,162
2176,241
2177,250
2178,209
2179,206
2180,256
2181,193
2182,157
2183,148
2184,138
2185,204
2186,91
2187,0
2188,226
2189,212
2190,155
2191,213
2192,141
2193,79
2194,242
2195,125
2196,106
2197,218
2198,112
2199,155
2200,172
2201,200
2202,239
2203,0
2204,187
2205,158
2206,244
2207,155
2208,182
2209,142
2210,144
2211,240
2212,118
2213,138
2214,225
2215,256
2216,226
2217,230
2218,217
2219,155
2220,182
2221,239
2222,216
2223,177
2224,7
2225,211
2226,218
2227,143
2228,151
2229,162
2230,238
2231,226
2232,140
2233,192
2234,159
2235,233
2236,136
2237,244
2238,216
2239,166
2240,190
2241,170
2242,187
2243,210
2244,133
2245,185
2246,166
2247,219
2248,221
2249,168
2250,242
2251,255
2252,144
2253,210
2254,250
2255,226
2256,118
2257,211
2258,179
2259,62
2260,211
2261,198
2262,232
2263,153
2264,241
2265,33
2266,231
2267,225
2268,0
2269,157
2270,157
2271,23
2272,250
2273,163
2274,226
2275,98
2276,256
2277,239
2278,172
2279,163
2280,225
2281,158
2282,183
2283,104
2284,252
2285,237
2286,130
2287,203
2288,230
2289,214
2290,202
2291,204
2292,246
2293,106
2294,176
2295,157
2296,159
2297,181
2298,249
2299,234
2300,200
2301,208
2302,250
2303,240
2304,237
2305,230
2306,168
2307,137
2308,191
2309,211
2310,183
2311,135
2312,248
2313,220
2314,252
2315,256
2316,191
2317,32
2318,106
2319,214
2320,211
2321,204
2322,236
2323,245
2324,243
2325,215
2326,156
2327,236
2328,85
2329,193
2330,199
2331,168
2332,208
2333,185
2334,231
2335,166
2336,169
2337,231
2338,218
2339,124
2340,234
2341,191
2342,256
2343,200
2344,202
2345,215
2346,235
2347,206
2348,236
2349,203
2350,180
2351,238
2352,61
2353,114
2354,152
2355,240
2356,222
2357,194
2358,201
2359,20
2360,230
2361,82
2362,80
2363,227
2364,228
2365,183
2366,141
2367,246
2368,142
2369,138
2370,245
2371,212
2372,121
2373,245
2374,233
2375,204
2376,221
2377,0
2378,253
2379,245
2380,214
2381,189
2382,99
2383,231
2384,227
2385,221
2386,156
2387,212
2388,228
2389,149
2390,232
2391,153
2392,160
2393,213
2394,141
2395,117
2396,152
2397,247
2398,171
2399,231
