0,201
1,156
2,188
3,218
4,178
5,76
6,196
7,231
8,230
9,123
10,135
11,229
12,215
13,185
14,221
15,159
16,214
17,210
18,242
19,231
20,245
21,131
22,179
23,198
24,243
25,228
26,55
27,48
28,226
29,168
30,122
31,177
32,182
33,240
34,221
35,234
36,233
37,226
38,197
39,237
40,179
41,249
42,212
43,63
44,222
45,214
46,181
47,232
48,156
49,177
50,162
51,215
52,46
53,205
54,219
55,195
56,198
57,194
58,206
59,253
60,236
61,138
62,189
63,228
64,202
65,219
66,251
67,238
68,178
69,94
70,196
71,202
72,195
73,228
74,240
75,158
76,222
77,0
78,205
79,178
80,238
81,243
82,145
83,171
84,221
85,214
86,183
87,211
88,178
89,205
90,190
91,246
92,198
93,182
94,107
95,223
96,231
97,199
98,250
99,197
100,256
101,251
102,194
103,87
104,247
105,212
106,227
107,203
108,174
109,3
110,147
111,177
112,216
113,235
114,249
115,226
116,227
117,234
118,232
119,236
120,163
121,214
122,133
123,50
124,189
125,205
126,225
127,128
128,221
129,170
130,174
131,204
132,226
133,243
134,165
135,193
136,156
137,192
138,123
139,180
140,254
141,237
142,224
143,142
144,174
145,177
146,184
147,184
148,207
149,207
150,126
151,218
152,235
153,180
154,178
155,235
156,250
157,163
158,45
159,128
160,235
161,177
162,222
163,142
164,248
165,102
166,115
167,184
168,162
169,252
170,224
171,180
172,205
173,148
174,241
175,190
176,218
177,219
178,238
179,0
180,166
181,82
182,194
183,231
184,207
185,203
186,224
187,146
188,158
189,220
190,248
191,222
192,136
193,252
194,174
195,241
196,150
197,201
198,194
199,202
200,190
201,217
202,193
203,175
204,252
205,168
206,167
207,213
208,223
209,130
210,172
211,181
212,244
213,239
214,79
215,152
216,215
217,177
218,236
219,171
220,141
221,231
222,198
223,112
224,225
225,253
226,246
227,182
228,223
229,224
230,183
231,176
232,237
233,219
234,205
235,197
236,137
237,214
238,150
239,228
240,232
241,168
242,246
243,179
244,239
245,236
246,228
247,249
248,205
249,216
250,176
251,111
252,198
253,203
254,223
255,250
256,254
257,223
258,181
259,179
260,149
261,205
262,229
263,38
264,225
265,219
266,166
267,146
268,235
269,184
270,49
271,209
272,188
273,252
274,201
275,204
276,230
277,91
278,251
279,182
280,108
281,200
282,234
283,214
284,132
285,224
286,192
287,226
288,214
289,209
290,163
291,223
292,182
293,116
294,202
295,165
296,118
297,98
298,76
299,223
300,173
301,197
302,241
303,147
304,231
305,219
306,153
307,215
308,215
309,249
310,224
311,180
312,185
313,249
314,253
315,171
316,91
317,170
318,228
319,175
320,215
321,123
322,184
323,224
324,204
325,233
326,115
327,249
328,213
329,68
330,228
331,252
332,84
333,227
334,228
335,221
336,194
337,210
338,223
339,118
340,144
341,250
342,237
343,210
344,147
345,181
346,163
347,105
348,66
349,73
350,101
351,186
352,136
353,144
354,204
355,191
356,209
357,219
358,218
359,123
360,204
361,198
362,216
363,139
364,234
365,191
366,205
367,237
368,239
369,42
370,178
371,204
372,145
373,164
374,251
375,146
376,192
377,227
378,118
379,223
380,206
381,120
382,141
383,218
384,176
385,252
386,202
387,94
388,188
389,228
390,238
391,185
392,243
393,123
394,179
395,3
396,215
397,215
398,158
399,237
400,128
401,172
402,215
403,171
404,165
405,211
406,232
407,97
408,230
409,238
410,196
411,135
412,230
413,251
414,210
415,127
416,130
417,128
418,217
419,118
420,226
421,205
422,225
423,245
424,207
425,243
426,229
427,103
428,135
429,195
430,229
431,232
432,208
433,247
434,202
435,169
436,178
437,224
438,193
439,218
440,188
441,144
442,195
443,176
444,180
445,179
446,14
447,197
448,129
449,224
450,89
451,184
452,199
453,152
454,237
455,221
456,195
457,248
458,209
459,254
460,238
461,245
462,251
463,196
464,218
465,149
466,166
467,190
468,134
469,139
470,95
471,200
472,191
473,178
474,186
475,243
476,222
477,164
478,231
479,141
480,166
481,247
482,246
483,248
484,133
485,156
486,233
487,2
488,183
489,234
490,187
491,160
492,195
493,22
494,175
495,160
496,232
497,229
498,243
499,236
500,187
501,182
502,241
503,247
504,161
505,240
506,161
507,201
508,102
509,54
510,220
511,229
512,222
513,251
514,172
515,235
516,202
517,182
518,118
519,221
520,0
521,230
522,197
523,84
524,201
525,233
526,224
527,228
528,227
529,220
530,191
531,214
532,108
533,181
534,251
535,125
536,232
537,238
538,153
539,140
540,203
541,247
542,215
543,184
544,226
545,101
546,187
547,158
548,148
549,256
550,166
551,122
552,227
553,166
554,125
555,218
556,0
557,240
558,137
559,188
560,139
561,207
562,187
563,127
564,214
565,174
566,253
567,254
568,221
569,245
570,219
571,106
572,231
573,235
574,201
575,199
576,223
577,150
578,230
579,255
580,193
581,108
582,222
583,254
584,249
585,126
586,201
587,213
588,173
589,127
590,232
591,231
592,249
593,134
594,177
595,233
596,233
597,248
598,162
599,233
600,194
601,203
602,117
603,212
604,178
605,137
606,152
607,184
608,215
609,129
610,228
611,251
612,182
613,249
614,63
615,254
616,129
617,145
618,128
619,129
620,209
621,206
622,131
623,233
624,139
625,202
626,218
627,204
628,216
629,124
630,189
631,197
632,234
633,224
634,208
635,194
636,172
637,96
638,45
639,230
640,62
641,162
642,183
643,167
644,238
645,230
646,239
647,230
648,184
649,194
650,174
651,251
652,128
653,134
654,0
655,208
656,128
657,247
658,240
659,84
660,217
661,213
662,181
663,204
664,224
665,106
666,233
667,124
668,226
669,111
670,195
671,225
672,0
673,242
674,186
675,223
676,125
677,137
678,211
679,225
680,245
681,144
682,249
683,139
684,206
685,231
686,186
687,182
688,196
689,119
690,239
691,230
692,201
693,207
694,158
695,226
696,130
697,236
698,56
699,127
700,215
701,236
702,153
703,254
704,184
705,221
706,95
707,247
708,98
709,151
710,248
711,251
712,253
713,218
714,134
715,173
716,180
717,220
718,172
719,98
720,133
721,234
722,98
723,226
724,226
725,174
726,157
727,254
728,22
729,208
730,204
731,0
732,229
733,96
734,242
735,146
736,174
737,196
738,220
739,212
740,230
741,222
742,105
743,105
744,198
745,164
746,91
747,255
748,203
749,243
750,167
751,36
752,201
753,102
754,250
755,61
756,229
757,203
758,191
759,237
760,202
761,111
762,221
763,222
764,196
765,238
766,155
767,213
768,120
769,236
770,183
771,226
772,131
773,233
774,197
775,143
776,200
777,239
778,198
779,56
780,223
781,170
782,96
783,244
784,214
785,251
786,240
787,93
788,98
789,232
790,252
791,96
792,192
793,240
794,203
795,235
796,138
797,168
798,236
799,256
800,151
801,240
802,209
803,151
804,170
805,224
806,247
807,208
808,250
809,227
810,221
811,89
812,174
813,231
814,198
815,209
816,206
817,141
818,52
819,200
820,251
821,223
822,0
823,227
824,231
825,200
826,205
827,235
828,210
829,241
830,164
831,190
832,219
833,59
834,152
835,141
836,138
837,123
838,172
839,170
840,236
841,236
842,239
843,227
844,194
845,238
846,112
847,199
848,235
849,178
850,212
851,178
852,158
853,250
854,181
855,149
856,76
857,246
858,190
859,120
860,238
861,202
862,192
863,222
864,151
865,164
866,212
867,241
868,151
869,226
870,182
871,223
872,214
873,205
874,243
875,245
876,208
877,230
878,211
879,183
880,246
881,147
882,10
883,221
884,179
885,219
886,143
887,224
888,219
889,87
890,250
891,218
892,204
893,199
894,177
895,252
896,239
897,237
898,148
899,164
900,137
901,201
902,196
903,148
904,77
905,194
906,108
907,41
908,203
909,223
910,240
911,215
912,112
913,141
914,246
915,215
916,144
917,183
918,159
919,207
920,216
921,183
922,195
923,243
924,251
925,164
926,227
927,160
928,241
929,232
930,224
931,234
932,160
933,241
934,175
935,243
936,236
937,148
938,77
939,252
940,235
941,210
942,100
943,209
944,193
945,241
946,214
947,168
948,176
949,256
950,173
951,243
952,157
953,233
954,244
955,140
956,237
957,247
958,206
959,213
960,227
961,250
962,250
963,163
964,181
965,200
966,251
967,253
968,229
969,172
970,214
971,127
972,214
973,122
974,171
975,171
976,220
977,154
978,228
979,234
980,77
981,255
982,157
983,233
984,238
985,109
986,0
987,241
988,157
989,163
990,142
991,151
992,115
993,203
994,198
995,173
996,198
997,229
998,184
999,251
1000,243
1001,175
1002,250
1003,92
1004,188
1005,199
1006,202
1007,198
1008,138
1009,131
1010,102
1011,185
1012,249
1013,211
1014,223
1015,206
1016,220
1017,220
1018,180
1019,225
1020,193
1021,60
1022,240
1023,187
1024,111
1025,254
1026,108
1027,228
1028,249
1029,190
1030,208
1031,88
1032,80
1033,246
1034,189
1035,248
1036,88
1037,68
1038,186
1039,122
1040,199
1041,160
1042,152
1043,210
1044,141
1045,215
1046,168
1047,191
1048,153
1049,129
1050,222
1051,255
1052,221
1053,124
1054,136
1055,141
1056,182
1057,247
1058,125
1059,206
1060,216
1061,143
1062,209
1063,220
1064,205
1065,232
1066,103
1067,215
1068,231
1069,249
1070,252
1071,170
1072,143
1073,223
1074,64
1075,254
1076,237
1077,251
1078,209
1079,246
1080,175
1081,205
1082,158
1083,185
1084,221
1085,185
1086,176
1087,170
1088,83
1089,196
1090,109
1091,196
1092,84
1093,100
1094,119
1095,223
1096,114
1097,132
1098,140
1099,205
1100,218
1101,237
1102,135
1103,176
1104,238
1105,151
1106,177
1107,251
1108,227
1109,226
1110,254
1111,236
1112,249
1113,239
1114,169
1115,219
1116,203
1117,143
1118,178
1119,199
1120,231
1121,157
1122,149
1123,176
1124,133
1125,242
1126,124
1127,165
1128,83
1129,221
1130,250
1131,256
1132,196
1133,238
1134,82
1135,224
1136,183
1137,169
1138,188
1139,107
1140,240
1141,238
1142,235
1143,140
1144,90
1145,204
1146,187
1147,196
1148,192
1149,147
1150,2
1151,247
1152,101
1153,207
1154,247
1155,148
1156,253
1157,237
1158,231
1159,245
1160,185
1161,233
1162,192
1163,230
1164,120
1165,167
1166,239
1167,189
1168,163
1169,159
1170,239
1171,194
1172,184
1173,213
1174,201
1175,235
1176,170
1177,228
1178,205
1179,246
1180,128
1181,179
1182,186
1183,222
1184,167
1185,243
1186,256
1187,70
1188,128
1189,232
1190,236
1191,234
1192,205
1193,252
1194,247
1195,228
1196,174
1197,182
1198,180
1199,72
1200,71
1201,255
1202,222
1203,235
1204,101
1205,235
1206,218
1207,220
1208,143
1209,235
1210,196
1211,192
1212,215
1213,69
1214,247
1215,0
1216,228
1217,0
1218,196
1219,244
1220,245
1221,169
1222,103
1223,222
1224,150
1225,59
1226,189
1227,168
1228,20
1229,150
1230,168
1231,171
1232,155
1233,243
1234,93
1235,75
1236,122
1237,133
1238,212
1239,241
1240,168
1241,214
1242,198
1243,212
1244,161
1245,56
1246,255
1247,239
1248,175
1249,215
1250,176
1251,198
1252,189
1253,243
1254,225
1255,195
1256,222
1257,163
1258,214
1259,246
1260,237
1261,243
1262,117
1263,252
1264,205
1265,191
1266,179
1267,211
1268,182
1269,247
1270,179
1271,222
1272,214
1273,241
1274,127
1275,183
1276,116
1277,212
1278,212
1279,198
1280,159
1281,200
1282,119
1283,208
1284,245
1285,30
1286,181
1287,53
1288,163
1289,199
1290,151
1291,69
1292,174
1293,102
1294,215
1295,178
1296,234
1297,240
1298,158
1299,252
1300,16
1301,238
1302,217
1303,183
1304,225
1305,127
1306,112
1307,192
1308,141
1309,171
1310,196
1311,214
1312,212
1313,184
1314,218
1315,256
1316,234
1317,190
1318,176
1319,93
1320,209
1321,98
1322,216
1323,245
1324,71
1325,178
1326,189
1327,251
1328,199
1329,222
1330,204
1331,178
1332,255
1333,220
1334,239
1335,185
1336,183
1337,136
1338,206
1339,189
1340,247
1341,254
1342,200
1343,206
1344,239
1345,215
1346,204
1347,254
1348,172
1349,187
1350,226
1351,232
1352,161
1353,235
1354,236
1355,122
1356,173
1357,141
1358,186
1359,82
1360,235
1361,236
1362,217
1363,161
1364,157
1365,180
1366,66
1367,235
1368,171
1369,234
1370,243
1371,196
1372,253
1373,188
1374,205
1375,153
1376,209
1377,220
1378,0
1379,183
1380,211
1381,194
1382,189
1383,239
1384,27
1385,167
1386,169
1387,211
1388,35
1389,247
1390,219
1391,191
1392,105
1393,238
1394,215
1395,227
1396,192
1397,238
1398,134
1399,189
1400,144
1401,217
1402,184
1403,173
1404,165
1405,181
1406,255
1407,0
1408,153
1409,134
1410,205
1411,235
1412,229
1413,230
1414,185
1415,227
1416,117
1417,230
1418,155
1419,46
1420,214
1421,228
1422,218
1423,256
1424,166
1425,194
1426,242
1427,167
1428,153
1429,154
1430,226
1431,97
1432,184
1433,234
1434,185
1435,165
1436,245
1437,228
1438,119
1439,227
1440,206
1441,247
1442,144
1443,251
1444,157
1445,245
1446,226
1447,224
1448,227
1449,190
1450,191
1451,144
1452,240
1453,139
1454,228
1455,226
1456,246
1457,165
1458,211
1459,183
1460,78
1461,187
1462,238
1463,205
1464,50
1465,222
1466,248
1467,215
1468,142
1469,189
1470,111
1471,240
1472,230
1473,208
1474,0
1475,200
1476,141
1477,189
1478,164
1479,212
1480,191
1481,0
1482,230
1483,147
1484,208
1485,207
1486,184
1487,251
1488,180
1489,214
1490,180
1491,250
1492,181
1493,252
1494,124
1495,232
1496,226
1497,195
1498,147
1499,202
1500,78
1501,196
1502,119
1503,153
1504,146
1505,115
1506,54
1507,223
1508,243
1509,199
1510,119
1511,241
1512,96
1513,170
1514,233
1515,177
1516,185
1517,184
1518,236
1519,202
1520,189
1521,215
1522,242
1523,247
1524,150
1525,226
1526,228
1527,179
1528,170
1529,179
1530,165
1531,224
1532,120
1533,0
1534,193
1535,203
1536,214
1537,159
1538,172
1539,236
1540,191
1541,251
1542,250
1543,220
1544,200
1545,116
1546,242
1547,163
1548,143
1549,169
1550,163
1551,98
1552,227
1553,221
1554,101
1555,230
1556,53
1557,204
1558,229
1559,159
1560,184
1561,184
1562,255
1563,183
1564,242
1565,128
1566,235
1567,236
1568,224
1569,157
1570,243
1571,240
1572,203
1573,236
1574,182
1575,200
1576,151
1577,229
1578,195
1579,242
1580,231
1581,237
1582,155
1583,200
1584,113
1585,169
1586,237
1587,225
1588,220
1589,202
1590,241
1591,187
1592,147
1593,163
1594,166
1595,237
1596,220
1597,146
1598,196
1599,202
1600,182
1601,150
1602,199
1603,217
1604,205
1605,241
1606,118
1607,229
1608,126
1609,187
1610,115
1611,228
1612,254
1613,188
1614,232
1615,216
1616,165
1617,151
1618,186
1619,228
1620,229
1621,132
1622,183
1623,201
1624,147
1625,174
1626,138
1627,204
1628,237
1629,142
1630,237
1631,241
1632,191
1633,216
1634,143
1635,209
1636,189
1637,214
1638,84
1639,154
1640,182
1641,208
1642,240
1643,149
1644,160
1645,252
1646,128
1647,227
1648,233
1649,198
1650,240
1651,221
1652,141
1653,178
1654,52
1655,241
1656,117
1657,221
1658,69
1659,157
1660,166
1661,249
1662,171
1663,132
1664,169
1665,243
1666,127
1667,175
1668,215
1669,83
1670,227
1671,119
1672,219
1673,36
1674,224
1675,203
1676,224
1677,228
1678,229
1679,3
1680,139
1681,222
1682,222
1683,173
1684,180
1685,188
1686,240
1687,226
1688,250
1689,203
1690,229
1691,90
1692,144
1693,158
1694,164
1695,86
1696,228
1697,137
1698,223
1699,208
1700,199
1701,251
1702,251
1703,244
1704,256
1705,196
1706,244
1707,256
1708,232
1709,234
1710,204
1711,212
1712,165
1713,181
1714,129
1715,161
1716,155
1717,187
1718,221
1719,186
1720,219
1721,180
1722,214
1723,55
1724,256
1725,221
1726,194
1727,223
1728,226
1729,230
1730,165
1731,205
1732,220
1733,110
1734,139
1735,89
1736,208
1737,251
1738,157
1739,246
1740,214
1741,94
1742,254
1743,187
1744,163
1745,161
1746,166
1747,190
1748,207
1749,139
1750,236
1751,155
1752,141
1753,222
1754,249
1755,205
1756,203
1757,158
1758,237
1759,216
1760,15
1761,39
1762,250
1763,202
1764,185
1765,87
1766,250
1767,187
1768,152
1769,225
1770,0
1771,212
1772,65
1773,155
1774,104
1775,164
1776,116
1777,231
1778,125
1779,168
1780,254
1781,71
1782,212
1783,197
1784,111
1785,169
1786,211
1787,238
1788,178
1789,251
1790,152
1791,0
1792,83
1793,183
1794,2
1795,66
1796,220
1797,90
1798,149
1799,203
1800,183
1801,196
1802,165
1803,80
1804,128
1805,157
1806,76
1807,144
1808,210
1809,111
1810,175
1811,213
1812,214
1813,209
1814,172
1815,182
1816,132
1817,133
1818,109
1819,244
1820,205
1821,113
1822,214
1823,242
1824,210
1825,200
1826,230
1827,184
1828,180
1829,90
1830,131
1831,170
1832,194
1833,248
1834,83
1835,146
1836,222
1837,161
1838,218
1839,99
1840,230
1841,196
1842,245
1843,161
1844,252
1845,19
1846,142
1847,220
1848,71
1849,172
1850,235
1851,95
1852,210
1853,206
1854,160
1855,187
1856,171
1857,218
1858,240
1859,191
1860,169
1861,194
1862,148
1863,184
1864,198
1865,198
1866,187
1867,251
1868,214
1869,223
1870,195
1871,148
1872,52
1873,200
1874,210
1875,235
1876,89
1877,206
1878,240
1879,174
1880,131
1881,82
1882,206
1883,176
1884,247
1885,108
1886,79
1887,245
1888,146
1889,154
1890,223
1891,149
1892,118
1893,215
1894,253
1895,217
1896,201
1897,213
1898,195
1899,173
1900,185
1901,245
1902,208
1903,178
1904,202
1905,186
1906,212
1907,215
1908,182
1909,126
1910,200
1911,212
1912,217
1913,135
1914,130
1915,174
1916,221
1917,191
1918,103
1919,176
1920,232
1921,218
1922,223
1923,191
1924,80
1925,220
1926,216
1927,154
1928,157
1929,196
1930,149
1931,255
1932,235
1933,225
1934,201
1935,248
1936,192
1937,212
1938,37
1939,97
1940,183
1941,228
1942,202
1943,171
1944,247
1945,192
1946,126
1947,196
1948,244
1949,62
1950,161
1951,151
1952,153
1953,14
1954,238
1955,103
1956,192
1957,219
1958,171
1959,174
1960,167
1961,91
1962,152
1963,130
1964,1
1965,181
1966,212
1967,207
1968,245
1969,255
1970,242
1971,253
1972,194
1973,147
1974,220
1975,0
1976,192
1977,231
1978,181
1979,246
1980,173
1981,229
1982,219
1983,235
1984,222
1985,153
1986,236
1987,178
1988,242
1989,198
1990,238
1991,161
1992,241
1993,127
1994,66
1995,203
1996,77
1997,175
1998,188
1999,195
2000,210
2001,214
2002,206
2003,200
2004,164
2005,188
2006,208
2007,236
2008,221
2009,225
2010,221
2011,233
2012,236
2013,225
2014,165
2015,178
2016,224
2017,213
2018,193
2019,229
2020,176
2021,234
2022,89
2023,214
2024,194
2025,242
2026,226
2027,125
2028,207
2029,82
2030,254
2031,225
2032,226
2033,237
2034,182
2035,223
2036,133
2037,134
2038,169
2039,204
2040,136
2041,231
2042,0
2043,169
2044,245
2045,114
2046,256
2047,246
2048,182
2049,159
2050,86
2051,152
2052,141
2053,211
2054,207
2055,229
2056,213
2057,220
2058,216
2059,217
2060,116
2061,225
2062,67
2063,28
2064,87
2065,242
2066,228
2067,132
2068,80
2069,99
2070,185
2071,220
2072,204
2073,225
2074,253
2075,244
2076,160
2077,180
2078,242
2079,145
2080,210
2081,229
2082,219
2083,191
2084,218
2085,116
2086,151
2087,172
2088,220
2089,230
2090,130
2091,254
2092,160
2093,234
2094,214
2095,201
2096,241
2097,182
2098,179
2099,141
2100,189
2101,243
2102,179
2103,150
2104,200
2105,112
2106,242
2107,222
2108,182
2109,238
2110,149
2111,215
2112,139
2113,184
2114,215
2115,229
2116,211
2117,244
2118,232
2119,250
2120,163
2121,0
2122,219
2123,149
2124,235
2125,232
2126,185
2127,146
2128,155
2129,168
2130,234
2131,95
2132,152
2133,165
2134,162
2135,195
2136,229
2137,113
2138,256
2139,213
2140,200
2141,227
2142,198
2143,224
2144,223
2145,227
2146,142
2147,183
2148,222
2149,218
2150,172
2151,254
2152,164
2153,211
2154,237
2155,243
2156,244
2157,203
2158,173
2159,155
2160,109
2161,204
2162,0
2163,238
2164,232
2165,132
2166,235
2167,153
2168,201
2169,252
2170,238
2171,190
2172,119
2173,158
2174,185
2175,168
2176,241
2177,251
2178,208
2179,210
2180,256
2181,183
2182,155
2183,142
2184,166
2185,204
2186,119
2187,53
2188,205
2189,168
2190,177
2191,213
2192,149
2193,32
2194,251
2195,99
2196,112
2197,222
2198,88
2199,158
2200,165
2201,204
2202,239
2203,0
2204,159
2205,157
2206,246
2207,176
2208,191
2209,138
2210,143
2211,240
2212,94
2213,157
2214,229
2215,256
2216,230
2217,229
2218,215
2219,184
2220,190
2221,241
2222,217
2223,171
2224,29
2225,222
2226,224
2227,132
2228,148
2229,164
2230,244
2231,228
2232,122
2233,166
2234,157
2235,236
2236,117
2237,254
2238,219
2239,153
2240,164
2241,197
2242,202
2243,191
2244,156
2245,183
2246,146
2247,225
2248,220
2249,150
2250,228
2251,255
2252,133
2253,211
2254,251
2255,218
2256,145
2257,219
2258,173
2259,54
2260,199
2261,192
2262,230
2263,142
2264,243
2265,53
2266,221
2267,221
2268,0
2269,166
2270,146
2271,72
2272,250
2273,155
2274,230
2275,97
2276,256
2277,238
2278,168
2279,168
2280,227
2281,167
2282,162
2283,101
2284,252
2285,226
2286,117
2287,201
2288,237
2289,226
2290,211
2291,202
2292,244
2293,145
2294,190
2295,165
2296,98
2297,147
2298,250
2299,234
2300,202
2301,204
2302,250
2303,239
2304,237
2305,238
2306,177
2307,149
2308,206
2309,215
2310,169
2311,140
2312,244
2313,222
2314,253
2315,256
2316,202
2317,0
2318,102
2319,216
2320,199
2321,196
2322,239
2323,247
2324,246
2325,216
2326,180
2327,228
2328,39
2329,195
2330,198
2331,176
2332,193
2333,186
2334,229
2335,162
2336,154
2337,223
2338,229
2339,139
2340,237
2341,165
2342,256
2343,208
2344,203
2345,210
2346,233
2347,215
2348,242
2349,208
2350,152
2351,243
2352,11
2353,101
2354,143
2355,244
2356,232
2357,210
2358,213
2359,54
2360,224
2361,111
2362,127
2363,229
2364,203
2365,168
2366,131
2367,246
2368,125
2369,153
2370,245
2371,214
2372,147
2373,245
2374,232
2375,223
2376,212
2377,0
2378,253
2379,248
2380,206
2381,187
2382,120
2383,233
2384,232
2385,221
2386,193
2387,211
2388,224
2389,137
2390,219
2391,140
2392,169
2393,189
2394,119
2395,136
2396,158
2397,248
2398,179
2399,219
