0,170
1,188
2,193
3,226
4,189
5,62
6,197
7,237
8,232
9,128
10,152
11,230
12,212
13,186
14,232
15,163
16,219
17,205
18,231
19,235
20,242
21,97
22,185
23,203
24,243
25,230
26,63
27,38
28,205
29,171
30,77
31,183
32,196
33,235
34,235
35,228
36,237
37,227
38,210
39,233
40,204
41,250
42,205
43,92
44,220
45,216
46,163
47,235
48,141
49,182
50,183
51,227
52,56
53,218
54,213
55,186
56,184
57,190
58,198
59,253
60,232
61,170
62,183
63,226
64,208
65,217
66,250
67,239
68,196
69,174
70,202
71,213
72,172
73,230
74,228
75,136
76,234
77,0
78,213
79,212
80,244
81,240
82,136
83,179
84,214
85,227
86,179
87,198
88,151
89,214
90,197
91,242
92,211
93,175
94,89
95,220
96,230
97,184
98,250
99,183
100,256
101,248
102,191
103,93
104,248
105,207
106,211
107,216
108,169
109,26
110,139
111,169
112,209
113,234
114,248
115,211
116,214
117,235
118,230
119,236
120,177
121,220
122,152
123,57
124,195
125,210
126,231
127,86
128,211
129,161
130,161
131,222
132,228
133,238
134,178
135,188
136,134
137,158
138,104
139,165
140,253
141,237
142,219
143,131
144,171
145,170
146,180
147,180
148,202
149,215
150,151
151,220
152,236
153,185
154,145
155,240
156,250
157,166
158,96
159,120
160,227
161,187
162,220
163,161
164,241
165,72
166,116
167,178
168,151
169,252
170,224
171,164
172,205
173,135
174,223
175,191
176,219
177,205
178,235
179,0
180,161
181,74
182,181
183,225
184,207
185,196
186,224
187,154
188,145
189,224
190,243
191,217
192,115
193,252
194,195
195,242
196,162
197,211
198,174
199,211
200,181
201,221
202,197
203,178
204,251
205,161
206,168
207,218
208,214
209,141
210,158
211,201
212,243
213,228
214,103
215,187
216,215
217,181
218,239
219,168
220,129
221,236
222,207
223,109
224,222
225,254
226,243
227,189
228,223
229,229
230,182
231,167
232,238
233,216
234,189
235,205
236,161
237,214
238,141
239,223
240,219
241,181
242,244
243,180
244,242
245,232
246,231
247,250
248,217
249,218
250,169
251,136
252,210
253,190
254,228
255,249
256,254
257,215
258,189
259,192
260,155
261,201
262,231
263,54
264,206
265,227
266,153
267,148
268,212
269,177
270,195
271,207
272,188
273,252
274,204
275,189
276,223
277,125
278,248
279,166
280,118
281,204
282,224
283,199
284,131
285,228
286,191
287,222
288,220
289,209
290,167
291,228
292,176
293,118
294,198
295,151
296,115
297,107
298,101
299,214
300,177
301,199
302,230
303,136
304,231
305,222
306,162
307,221
308,214
309,250
310,220
311,185
312,170
313,248
314,252
315,170
316,125
317,157
318,235
319,195
320,206
321,121
322,175
323,215
324,210
325,228
326,122
327,245
328,204
329,60
330,232
331,252
332,114
333,217
334,227
335,223
336,199
337,208
338,227
339,120
340,66
341,252
342,236
343,205
344,165
345,165
346,128
347,121
348,88
349,108
350,118
351,188
352,154
353,156
354,200
355,198
356,207
357,234
358,225
359,124
360,219
361,204
362,220
363,166
364,234
365,195
366,212
367,241
368,238
369,60
370,163
371,208
372,144
373,186
374,251
375,150
376,221
377,235
378,129
379,221
380,200
381,93
382,126
383,217
384,178
385,252
386,204
387,99
388,201
389,228
390,240
391,192
392,240
393,138
394,169
395,63
396,232
397,212
398,157
399,237
400,112
401,149
402,213
403,176
404,139
405,215
406,225
407,82
408,212
409,225
410,193
411,177
412,229
413,251
414,210
415,141
416,134
417,56
418,218
419,119
420,226
421,204
422,220
423,247
424,211
425,240
426,227
427,73
428,158
429,195
430,232
431,234
432,213
433,245
434,190
435,170
436,166
437,225
438,197
439,226
440,156
441,134
442,188
443,160
444,188
445,186
446,0
447,206
448,123
449,227
450,75
451,178
452,205
453,166
454,237
455,220
456,206
457,246
458,214
459,254
460,233
461,244
462,249
463,185
464,223
465,140
466,163
467,183
468,94
469,151
470,106
471,189
472,198
473,170
474,194
475,237
476,222
477,196
478,230
479,140
480,185
481,242
482,245
483,243
484,155
485,165
486,225
487,14
488,170
489,234
490,186
491,166
492,198
493,29
494,175
495,160
496,228
497,203
498,240
499,231
500,192
501,190
502,249
503,248
504,124
505,242
506,120
507,227
508,117
509,64
510,226
511,229
512,221
513,251
514,152
515,231
516,184
517,156
518,116
519,216
520,56
521,233
522,168
523,90
524,195
525,222
526,218
527,228
528,222
529,231
530,181
531,213
532,99
533,182
534,251
535,81
536,228
537,229
538,156
539,104
540,192
541,249
542,220
543,185
544,232
545,152
546,160
547,154
548,94
549,256
550,169
551,128
552,224
553,170
554,72
555,203
556,0
557,236
558,132
559,204
560,157
561,204
562,194
563,103
564,220
565,178
566,250
567,254
568,222
569,245
570,211
571,122
572,232
573,236
574,204
575,195
576,228
577,154
578,232
579,255
580,189
581,92
582,219
583,251
584,249
585,153
586,181
587,212
588,208
589,107
590,232
591,232
592,252
593,158
594,174
595,232
596,239
597,248
598,178
599,237
600,184
601,202
602,140
603,223
604,163
605,150
606,161
607,192
608,192
609,124
610,221
611,248
612,174
613,248
614,70
615,253
616,152
617,157
618,126
619,120
620,203
621,207
622,128
623,232
624,182
625,197
626,223
627,208
628,206
629,163
630,199
631,206
632,236
633,227
634,212
635,195
636,161
637,73
638,73
639,227
640,73
641,179
642,190
643,153
644,240
645,232
646,242
647,230
648,176
649,205
650,176
651,251
652,112
653,137
654,0
655,205
656,131
657,248
658,240
659,97
660,226
661,208
662,179
663,207
664,225
665,123
666,231
667,105
668,223
669,86
670,197
671,222
672,0
673,244
674,202
675,223
676,160
677,143
678,197
679,225
680,247
681,170
682,249
683,190
684,211
685,228
686,164
687,181
688,198
689,52
690,240
691,232
692,204
693,196
694,162
695,225
696,140
697,239
698,31
699,166
700,217
701,232
702,147
703,255
704,187
705,228
706,103
707,247
708,104
709,162
710,252
711,250
712,253
713,221
714,138
715,189
716,186
717,220
718,151
719,107
720,139
721,229
722,93
723,222
724,230
725,178
726,140
727,254
728,40
729,203
730,206
731,82
732,225
733,136
734,241
735,146
736,175
737,208
738,218
739,206
740,231
741,215
742,109
743,108
744,193
745,164
746,125
747,255
748,218
749,243
750,195
751,13
752,203
753,120
754,250
755,86
756,233
757,198
758,200
759,235
760,197
761,124
762,210
763,226
764,191
765,240
766,158
767,202
768,117
769,223
770,169
771,223
772,146
773,229
774,204
775,162
776,192
777,234
778,194
779,69
780,211
781,175
782,97
783,243
784,215
785,251
786,237
787,111
788,119
789,234
790,252
791,98
792,192
793,240
794,204
795,228
796,134
797,150
798,229
799,256
800,142
801,233
802,214
803,133
804,176
805,230
806,247
807,199
808,249
809,217
810,231
811,48
812,178
813,234
814,200
815,217
816,217
817,141
818,48
819,204
820,251
821,221
822,0
823,223
824,227
825,198
826,190
827,234
828,195
829,241
830,163
831,194
832,214
833,82
834,188
835,116
836,179
837,128
838,177
839,168
840,237
841,235
842,241
843,231
844,192
845,229
846,99
847,186
848,232
849,169
850,213
851,183
852,175
853,247
854,159
855,169
856,102
857,246
858,185
859,118
860,235
861,198
862,179
863,221
864,171
865,124
866,225
867,240
868,180
869,218
870,193
871,228
872,209
873,199
874,240
875,244
876,203
877,218
878,203
879,194
880,238
881,150
882,0
883,227
884,183
885,221
886,156
887,224
888,216
889,76
890,250
891,222
892,192
893,190
894,189
895,252
896,240
897,232
898,150
899,182
900,136
901,210
902,200
903,133
904,110
905,189
906,112
907,15
908,191
909,226
910,234
911,208
912,33
913,180
914,243
915,224
916,136
917,187
918,184
919,214
920,211
921,187
922,205
923,242
924,249
925,160
926,230
927,154
928,244
929,226
930,236
931,234
932,162
933,238
934,180
935,244
936,231
937,158
938,26
939,251
940,236
941,212
942,92
943,194
944,205
945,240
946,221
947,171
948,167
949,256
950,198
951,242
952,157
953,234
954,241
955,177
956,237
957,245
958,204
959,214
960,226
961,250
962,250
963,158
964,180
965,205
966,248
967,253
968,225
969,184
970,202
971,131
972,204
973,148
974,189
975,171
976,222
977,157
978,228
979,236
980,93
981,255
982,172
983,232
984,240
985,88
986,0
987,239
988,151
989,180
990,157
991,160
992,119
993,220
994,205
995,166
996,196
997,219
998,181
999,252
1000,239
1001,204
1002,246
1003,82
1004,184
1005,196
1006,206
1007,202
1008,164
1009,137
1010,88
1011,176
1012,248
1013,216
1014,228
1015,197
1016,218
1017,256
1018,193
1019,228
1020,200
1021,118
1022,237
1023,183
1024,106
1025,254
1026,125
1027,228
1028,249
1029,191
1030,201
1031,81
1032,76
1033,246
1034,187
1035,246
1036,80
1037,54
1038,181
1039,104
1040,185
1041,183
1042,182
1043,205
1044,140
1045,220
1046,200
1047,188
1048,149
1049,105
1050,217
1051,256
1052,217
1053,91
1054,123
1055,133
1056,184
1057,251
1058,116
1059,203
1060,221
1061,143
1062,222
1063,220
1064,203
1065,236
1066,56
1067,211
1068,224
1069,250
1070,250
1071,191
1072,151
1073,211
1074,109
1075,254
1076,222
1077,246
1078,211
1079,248
1080,172
1081,204
1082,167
1083,188
1084,221
1085,201
1086,183
1087,170
1088,47
1089,189
1090,98
1091,204
1092,87
1093,118
1094,135
1095,220
1096,99
1097,110
1098,136
1099,203
1100,224
1101,237
1102,143
1103,182
1104,243
1105,187
1106,173
1107,248
1108,231
1109,228
1110,254
1111,231
1112,248
1113,238
1114,151
1115,215
1116,202
1117,167
1118,185
1119,203
1120,232
1121,150
1122,164
1123,172
1124,116
1125,237
1126,47
1127,185
1128,87
1129,205
1130,248
1131,256
1132,214
1133,240
1134,87
1135,216
1136,172
1137,170
1138,193
1139,95
1140,241
1141,239
1142,236
1143,147
1144,109
1145,180
1146,196
1147,209
1148,174
1149,162
1150,158
1151,246
1152,111
1153,203
1154,245
1155,161
1156,253
1157,228
1158,225
1159,242
1160,191
1161,226
1162,168
1163,227
1164,130
1165,157
1166,242
1167,196
1168,179
1169,159
1170,238
1171,189
1172,183
1173,212
1174,189
1175,238
1176,144
1177,223
1178,189
1179,242
1180,75
1181,167
1182,173
1183,221
1184,174
1185,244
1186,256
1187,92
1188,173
1189,227
1190,233
1191,230
1192,201
1193,250
1194,247
1195,228
1196,139
1197,187
1198,149
1199,60
1200,94
1201,255
1202,225
1203,256
1204,95
1205,237
1206,215
1207,222
1208,136
1209,229
1210,186
1211,193
1212,221
1213,51
1214,247
1215,0
1216,229
1217,0
1218,188
1219,240
1220,245
1221,175
1222,111
1223,230
1224,158
1225,112
1226,199
1227,197
1228,6
1229,147
1230,173
1231,176
1232,132
1233,241
1234,64
1235,79
1236,144
1237,135
1238,203
1239,246
1240,167
1241,215
1242,201
1243,217
1244,172
1245,64
1246,254
1247,242
1248,166
1249,212
1250,166
1251,187
1252,195
1253,244
1254,216
1255,180
1256,217
1257,175
1258,212
1259,244
1260,234
1261,236
1262,149
1263,251
1264,213
1265,196
1266,187
1267,218
1268,178
1269,238
1270,183
1271,219
1272,219
1273,237
1274,89
1275,190
1276,112
1277,217
1278,214
1279,183
1280,172
1281,194
1282,125
1283,198
1284,245
1285,10
1286,184
1287,0
1288,158
1289,195
1290,166
1291,110
1292,137
1293,102
1294,229
1295,189
1296,233
1297,238
1298,159
1299,252
1300,33
1301,238
1302,222
1303,188
1304,207
1305,119
1306,115
1307,203
1308,137
1309,190
1310,214
1311,190
1312,191
1313,154
1314,211
1315,256
1316,217
1317,178
1318,198
1319,100
1320,196
1321,122
1322,210
1323,246
1324,42
1325,158
1326,180
1327,251
1328,186
1329,222
1330,204
1331,205
1332,255
1333,218
1334,243
1335,175
1336,183
1337,126
1338,200
1339,198
1340,250
1341,254
1342,202
1343,196
1344,240
1345,215
1346,214
1347,254
1348,180
1349,180
1350,230
1351,240
1352,164
1353,217
1354,235
1355,118
1356,189
1357,122
1358,188
1359,96
1360,235
1361,231
1362,234
1363,174
1364,163
1365,177
1366,89
1367,224
1368,143
1369,232
1370,242
1371,200
1372,253
1373,205
1374,204
1375,201
1376,207
1377,212
1378,23
1379,179
1380,193
1381,181
1382,185
1383,236
1384,17
1385,150
1386,186
1387,208
1388,98
1389,246
1390,214
1391,200
1392,104
1393,238
1394,226
1395,226
1396,195
1397,238
1398,158
1399,203
1400,103
1401,215
1402,179
1403,164
1404,151
1405,185
1406,255
1407,0
1408,118
1409,149
1410,197
1411,231
1412,230
1413,237
1414,181
1415,224
1416,76
1417,226
1418,149
1419,69
1420,212
1421,227
1422,198
1423,256
1424,178
1425,196
1426,241
1427,156
1428,155
1429,174
1430,214
1431,113
1432,172
1433,233
1434,198
1435,152
1436,241
1437,233
1438,127
1439,216
1440,207
1441,247
1442,180
1443,252
1444,162
1445,248
1446,230
1447,219
1448,221
1449,182
1450,191
1451,147
1452,239
1453,134
1454,222
1455,232
1456,244
1457,189
1458,206
1459,196
1460,92
1461,185
1462,238
1463,207
1464,43
1465,221
1466,248
1467,233
1468,159
1469,184
1470,118
1471,239
1472,229
1473,211
1474,0
1475,198
1476,97
1477,223
1478,173
1479,205
1480,210
1481,0
1482,229
1483,96
1484,206
1485,205
1486,184
1487,251
1488,172
1489,209
1490,191
1491,250
1492,178
1493,252
1494,131
1495,232
1496,218
1497,191
1498,151
1499,205
1500,66
1501,203
1502,142
1503,155
1504,165
1505,123
1506,121
1507,224
1508,239
1509,179
1510,132
1511,240
1512,91
1513,173
1514,220
1515,178
1516,184
1517,199
1518,234
1519,204
1520,197
1521,222
1522,242
1523,249
1524,138
1525,223
1526,226
1527,200
1528,161
1529,176
1530,162
1531,221
1532,119
1533,26
1534,175
1535,199
1536,234
1537,156
1538,168
1539,235
1540,195
1541,249
1542,247
1543,225
1544,196
1545,116
1546,243
1547,166
1548,165
1549,173
1550,179
1551,151
1552,225
1553,225
1554,71
1555,228
1556,48
1557,180
1558,220
1559,175
1560,179
1561,181
1562,254
1563,154
1564,242
1565,136
1566,234
1567,234
1568,221
1569,185
1570,244
1571,237
1572,196
1573,236
1574,177
1575,201
1576,155
1577,240
1578,200
1579,240
1580,233
1581,236
1582,159
1583,207
1584,104
1585,163
1586,235
1587,230
1588,225
1589,209
1590,240
1591,195
1592,146
1593,116
1594,168
1595,239
1596,219
1597,149
1598,194
1599,154
1600,174
1601,184
1602,200
1603,224
1604,196
1605,240
1606,119
1607,225
1608,138
1609,189
1610,115
1611,221
1612,254
1613,183
1614,232
1615,223
1616,171
1617,153
1618,195
1619,211
1620,221
1621,112
1622,176
1623,200
1624,163
1625,170
1626,162
1627,198
1628,235
1629,144
1630,235
1631,240
1632,193
1633,215
1634,94
1635,204
1636,194
1637,180
1638,70
1639,164
1640,179
1641,209
1642,238
1643,144
1644,161
1645,249
1646,118
1647,233
1648,229
1649,202
1650,242
1651,214
1652,151
1653,200
1654,18
1655,239
1656,98
1657,235
1658,84
1659,164
1660,146
1661,248
1662,196
1663,141
1664,196
1665,243
1666,161
1667,153
1668,204
1669,112
1670,218
1671,111
1672,220
1673,63
1674,216
1675,207
1676,219
1677,221
1678,225
1679,29
1680,153
1681,220
1682,214
1683,164
1684,167
1685,199
1686,236
1687,226
1688,244
1689,217
1690,232
1691,64
1692,132
1693,159
1694,168
1695,77
1696,229
1697,142
1698,223
1699,198
1700,218
1701,251
1702,251
1703,243
1704,256
1705,186
1706,246
1707,256
1708,232
1709,238
1710,208
1711,215
1712,158
1713,157
1714,121
1715,167
1716,105
1717,197
1718,220
1719,190
1720,218
1721,174
1722,212
1723,104
1724,256
1725,230
1726,182
1727,218
1728,225
1729,230
1730,130
1731,228
1732,219
1733,55
1734,149
1735,36
1736,206
1737,248
1738,156
1739,244
1740,206
1741,72
1742,255
1743,189
1744,175
1745,141
1746,192
1747,215
1748,214
1749,186
1750,234
1751,160
1752,143
1753,218
1754,249
1755,191
1756,202
1757,196
1758,227
1759,210
1760,23
1761,76
1762,250
1763,209
1764,182
1765,72
1766,250
1767,193
1768,157
1769,222
1770,0
1771,207
1772,64
1773,162
1774,76
1775,173
1776,123
1777,236
1778,137
1779,165
1780,255
1781,58
1782,220
1783,197
1784,105
1785,197
1786,208
1787,238
1788,175
1789,248
1790,163
1791,67
1792,73
1793,174
1794,36
1795,110
1796,227
1797,41
1798,166
1799,193
1800,209
1801,201
1802,183
1803,103
1804,130
1805,168
1806,65
1807,118
1808,205
1809,114
1810,177
1811,212
1812,213
1813,205
1814,186
1815,196
1816,153
1817,112
1818,69
1819,239
1820,202
1821,142
1822,199
1823,246
1824,212
1825,209
1826,235
1827,181
1828,181
1829,84
1830,115
1831,188
1832,213
1833,248
1834,117
1835,147
1836,221
1837,177
1838,219
1839,113
1840,225
1841,166
1842,242
1843,145
1844,252
1845,0
1846,124
1847,220
1848,75
1849,176
1850,234
1851,44
1852,198
1853,193
1854,131
1855,188
1856,177
1857,207
1858,238
1859,184
1860,158
1861,190
1862,144
1863,188
1864,184
1865,206
1866,185
1867,253
1868,189
1869,228
1870,197
1871,149
1872,79
1873,188
1874,206
1875,233
1876,153
1877,199
1878,241
1879,170
1880,180
1881,79
1882,207
1883,179
1884,247
1885,76
1886,137
1887,244
1888,146
1889,173
1890,222
1891,141
1892,109
1893,220
1894,253
1895,213
1896,207
1897,230
1898,182
1899,216
1900,186
1901,243
1902,217
1903,166
1904,204
1905,195
1906,214
1907,210
1908,196
1909,130
1910,201
1911,219
1912,217
1913,106
1914,115
1915,161
1916,220
1917,212
1918,92
1919,159
1920,232
1921,218
1922,213
1923,201
1924,61
1925,214
1926,223
1927,153
1928,174
1929,187
1930,147
1931,255
1932,232
1933,222
1934,193
1935,242
1936,193
1937,205
1938,60
1939,110
1940,179
1941,228
1942,210
1943,168
1944,243
1945,187
1946,133
1947,191
1948,243
1949,98
1950,146
1951,131
1952,164
1953,45
1954,240
1955,117
1956,194
1957,233
1958,159
1959,158
1960,163
1961,130
1962,171
1963,131
1964,0
1965,171
1966,217
1967,207
1968,245
1969,255
1970,242
1971,252
1972,199
1973,106
1974,228
1975,9
1976,204
1977,230
1978,205
1979,244
1980,183
1981,239
1982,210
1983,234
1984,220
1985,121
1986,236
1987,195
1988,237
1989,218
1990,242
1991,170
1992,241
1993,132
1994,56
1995,208
1996,52
1997,169
1998,178
1999,196
2000,199
2001,223
2002,211
2003,232
2004,166
2005,179
2006,205
2007,228
2008,217
2009,223
2010,217
2011,239
2012,234
2013,222
2014,168
2015,167
2016,223
2017,206
2018,202
2019,236
2020,191
2021,233
2022,91
2023,222
2024,199
2025,233
2026,229
2027,138
2028,210
2029,136
2030,254
2031,222
2032,227
2033,241
2034,175
2035,224
2036,153
2037,112
2038,164
2039,204
2040,118
2041,221
2042,0
2043,168
2044,247
2045,172
2046,256
2047,244
2048,181
2049,154
2050,78
2051,160
2052,182
2053,212
2054,196
2055,227
2056,212
2057,213
2058,211
2059,214
2060,153
2061,221
2062,57
2063,25
2064,83
2065,239
2066,225
2067,107
2068,52
2069,64
2070,177
2071,206
2072,186
2073,219
2074,253
2075,246
2076,143
2077,167
2078,242
2079,137
2080,211
2081,237
2082,223
2083,193
2084,217
2085,115
2086,160
2087,167
2088,216
2089,233
2090,163
2091,254
2092,150
2093,230
2094,203
2095,176
2096,237
2097,191
2098,187
2099,145
2100,207
2101,239
2102,188
2103,154
2104,222
2105,128
2106,243
2107,223
2108,179
2109,238
2110,187
2111,213
2112,149
2113,183
2114,215
2115,233
2116,213
2117,241
2118,227
2119,246
2120,182
2121,31
2122,212
2123,150
2124,231
2125,235
2126,177
2127,154
2128,163
2129,163
2130,237
2131,121
2132,164
2133,197
2134,155
2135,187
2136,232
2137,123
2138,256
2139,209
2140,194
2141,223
2142,203
2143,230
2144,224
2145,222
2146,159
2147,185
2148,221
2149,213
2150,172
2151,254
2152,168
2153,240
2154,238
2155,244
2156,246
2157,210
2158,175
2159,179
2160,95
2161,190
2162,0
2163,243
2164,243
2165,169
2166,236
2167,164
2168,188
2169,249
2170,225
2171,191
2172,98
2173,144
2174,176
2175,159
2176,241
2177,251
2178,211
2179,213
2180,256
2181,185
2182,144
2183,146
2184,159
2185,194
2186,96
2187,0
2188,202
2189,209
2190,176
2191,216
2192,165
2193,74
2194,252
2195,121
2196,113
2197,227
2198,115
2199,143
2200,180
2201,205
2202,239
2203,0
2204,193
2205,157
2206,244
2207,159
2208,186
2209,150
2210,150
2211,243
2212,119
2213,133
2214,220
2215,256
2216,213
2217,222
2218,217
2219,181
2220,173
2221,243
2222,220
2223,176
2224,40
2225,214
2226,210
2227,124
2228,153
2229,178
2230,245
2231,227
2232,113
2233,195
2234,129
2235,232
2236,103
2237,244
2238,220
2239,154
2240,158
2241,201
2242,183
2243,208
2244,127
2245,191
2246,159
2247,218
2248,222
2249,152
2250,238
2251,255
2252,147
2253,215
2254,251
2255,228
2256,130
2257,219
2258,178
2259,73
2260,214
2261,212
2262,232
2263,141
2264,245
2265,75
2266,229
2267,227
2268,0
2269,178
2270,151
2271,24
2272,250
2273,177
2274,230
2275,86
2276,256
2277,238
2278,182
2279,152
2280,224
2281,172
2282,168
2283,52
2284,254
2285,239
2286,118
2287,213
2288,238
2289,219
2290,222
2291,201
2292,246
2293,103
2294,137
2295,183
2296,144
2297,163
2298,252
2299,234
2300,204
2301,197
2302,250
2303,243
2304,238
2305,236
2306,184
2307,134
2308,201
2309,217
2310,167
2311,153
2312,245
2313,216
2314,251
2315,256
2316,199
2317,5
2318,108
2319,219
2320,203
2321,215
2322,237
2323,249
2324,245
2325,212
2326,136
2327,231
2328,56
2329,193
2330,217
2331,162
2332,202
2333,190
2334,220
2335,184
2336,170
2337,229
2338,229
2339,155
2340,241
2341,190
2342,256
2343,199
2344,202
2345,212
2346,230
2347,211
2348,243
2349,180
2350,194
2351,242
2352,70
2353,94
2354,166
2355,243
2356,218
2357,210
2358,197
2359,0
2360,222
2361,52
2362,98
2363,229
2364,217
2365,179
2366,160
2367,245
2368,126
2369,144
2370,245
2371,213
2372,142
2373,245
2374,222
2375,214
2376,216
2377,0
2378,255
2379,246
2380,217
2381,184
2382,132
2383,237
2384,239
2385,222
2386,158
2387,215
2388,228
2389,149
2390,229
2391,112
2392,133
2393,182
2394,129
2395,155
2396,157
2397,246
2398,178
2399,224
