0,36
1,244
2,232
3,188
4,210
5,157
6,180
7,89
8,208
9,125
10,140
11,207
12,230
13,232
14,242
15,162
16,149
17,226
18,179
19,96
20,113
21,168
22,181
23,208
24,7
25,122
26,187
27,154
28,141
29,233
30,228
31,162
32,171
33,174
34,108
35,48
36,229
37,182
38,233
39,244
40,176
41,224
42,183
43,34
44,157
45,240
46,225
47,217
48,159
49,84
50,199
51,156
52,241
53,245
54,213
55,179
56,198
57,149
58,162
59,170
60,82
61,195
62,147
63,213
64,206
65,106
66,229
67,131
68,172
69,151
70,129
71,199
72,210
73,214
74,120
75,136
76,107
77,147
78,144
79,186
80,215
81,132
82,180
83,197
84,193
85,131
86,191
87,248
88,223
89,185
90,172
91,151
92,128
93,239
94,160
95,189
96,118
97,138
98,209
99,226
100,196
101,238
102,226
103,232
104,82
105,147
106,193
107,179
108,135
109,143
110,221
111,217
112,220
113,49
114,216
115,213
116,141
117,160
118,215
119,223
120,206
121,0
122,200
123,231
124,198
125,184
126,183
127,201
128,167
129,116
130,202
131,201
132,214
133,76
134,199
135,179
136,81
137,220
138,191
139,221
140,150
141,208
142,83
143,200
144,204
145,196
146,204
147,205
148,97
149,211
150,139
151,153
152,189
153,173
154,152
155,237
156,246
157,33
158,216
159,196
160,205
161,174
162,136
163,158
164,225
165,246
166,207
167,208
168,179
169,236
170,218
171,165
172,162
173,239
174,125
175,165
176,191
177,115
178,178
179,197
180,207
181,178
182,81
183,20
184,176
185,192
186,166
187,229
188,101
189,187
190,101
191,240
192,175
193,149
194,155
195,210
196,171
197,227
198,242
199,176
200,135
201,223
202,230
203,184
204,211
205,200
206,200
207,188
208,206
209,232
210,155
211,218
212,212
213,227
214,202
215,210
216,207
217,105
218,197
219,212
220,213
221,181
222,245
223,180
224,190
225,227
226,176
227,242
228,214
229,213
230,114
231,203
232,164
233,148
234,153
235,111
236,197
237,108
238,161
239,233
240,138
241,143
242,239
243,213
244,162
245,219
246,208
247,81
248,214
249,171
250,170
251,177
252,201
253,135
254,205
255,173
256,222
257,167
258,203
259,236
260,232
261,139
262,182
263,202
264,153
265,199
266,128
267,190
268,190
269,207
270,242
271,99
272,120
273,175
274,117
275,216
276,181
277,177
278,164
279,167
280,104
281,228
282,130
283,161
284,201
285,121
286,118
287,143
288,215
289,192
290,215
291,232
292,233
293,208
294,189
295,238
296,182
297,189
298,197
299,212
300,200
301,166
302,223
303,186
304,204
305,226
306,240
307,167
308,216
309,188
310,209
311,185
312,183
313,147
314,153
315,141
316,198
317,221
318,186
319,80
320,164
321,123
322,213
323,233
324,225
325,172
326,217
327,239
328,235
329,164
330,181
331,197
332,246
333,216
334,225
335,197
336,187
337,205
338,170
339,215
340,244
341,131
342,73
343,166
344,135
345,150
346,182
347,152
348,247
349,121
350,249
351,192
352,140
353,138
354,205
355,203
356,203
357,160
358,216
359,199
360,152
361,182
362,203
363,173
364,153
365,212
366,96
367,202
368,232
369,203
370,223
371,206
372,236
373,147
374,142
375,148
376,169
377,154
378,164
379,176
380,189
381,161
382,58
383,153
384,232
385,126
386,118
387,234
388,155
389,242
390,150
391,188
392,228
393,137
394,148
395,241
396,233
397,220
398,244
399,106
400,176
401,103
402,244
403,244
404,193
405,113
406,85
407,165
408,209
409,230
410,241
411,236
412,217
413,134
414,110
415,212
416,237
417,250
418,172
419,183
420,165
421,76
422,175
423,135
424,220
425,229
426,108
427,226
428,198
429,157
430,238
431,232
432,84
433,218
434,179
435,117
436,162
437,212
438,221
439,197
440,155
441,230
442,151
443,140
444,195
445,120
446,191
447,185
448,224
449,216
450,218
451,178
452,248
453,163
454,227
455,175
456,219
457,233
458,217
459,207
460,239
461,130
462,175
463,233
464,246
465,142
466,115
467,200
468,200
469,246
470,134
471,234
472,156
473,101
474,185
475,150
476,240
477,186
478,144
479,244
480,198
481,165
482,207
483,218
484,56
485,230
486,142
487,232
488,249
489,113
490,222
491,240
492,138
493,218
494,98
495,251
496,226
497,233
498,152
499,163
500,232
501,240
502,234
503,241
504,194
505,198
506,216
507,195
508,209
509,212
510,144
511,232
512,214
513,131
514,164
515,245
516,227
517,177
518,237
519,239
520,224
521,155
522,150
523,246
524,190
525,242
526,184
527,168
528,215
529,203
530,238
531,223
532,153
533,223
534,226
535,215
536,229
537,100
538,242
539,209
540,186
541,206
542,149
543,215
544,228
545,189
546,162
547,232
548,213
549,202
550,129
551,205
552,205
553,158
554,247
555,221
556,164
557,220
558,156
559,234
560,225
561,247
562,185
563,227
564,158
565,207
566,163
567,227
568,234
569,217
570,227
571,230
572,207
573,219
574,241
575,154
576,227
577,242
578,198
579,244
580,209
581,245
582,207
583,177
584,206
585,156
586,191
587,201
588,196
589,236
590,223
591,174
592,198
593,156
594,141
595,159
596,208
597,236
598,153
599,142
600,145
601,241
602,104
603,115
604,152
605,235
606,157
607,170
608,194
609,133
610,146
611,198
612,195
613,64
614,230
615,152
616,42
617,187
618,235
619,193
620,82
621,192
622,229
623,186
624,167
625,206
626,182
627,223
628,235
629,118
630,215
631,227
632,122
633,169
634,211
635,214
636,238
637,175
638,185
639,132
640,213
641,175
642,239
643,205
644,205
645,155
646,240
647,198
648,217
649,93
650,132
651,220
652,202
653,228
654,202
655,221
656,173
657,217
658,199
659,223
660,148
661,216
662,204
663,191
664,194
665,201
666,237
667,216
668,143
669,213
670,138
671,158
672,206
673,188
674,241
675,206
676,207
677,181
678,158
679,145
680,225
681,147
682,168
683,213
684,222
685,216
686,157
687,235
688,230
689,210
690,109
691,219
692,72
693,247
694,238
695,182
696,124
697,196
698,132
699,150
700,136
701,238
702,236
703,244
704,153
705,217
706,103
707,196
708,168
709,244
710,182
711,230
712,153
713,230
714,174
715,160
716,167
717,250
718,200
719,97
720,210
721,191
722,179
723,128
724,196
725,107
726,201
727,84
728,112
729,219
730,208
731,156
732,181
733,190
734,238
735,188
736,232
737,189
738,189
739,67
740,191
741,215
742,120
743,245
744,230
745,122
746,200
747,166
748,166
749,218
750,132
751,204
752,207
753,196
754,215
755,195
756,201
757,217
758,242
759,133
760,154
761,252
762,246
763,230
764,226
765,222
766,240
767,170
768,226
769,199
770,239
771,93
772,218
773,199
774,139
775,245
776,207
777,240
778,212
779,244
780,172
781,224
782,123
783,204
784,121
785,207
786,58
787,189
788,125
789,226
790,198
791,108
792,126
793,215
794,234
795,119
796,86
797,242
798,99
799,138
800,228
801,165
802,194
803,246
804,244
805,159
806,144
807,205
808,213
809,198
810,218
811,208
812,190
813,155
814,210
815,200
816,138
817,138
818,237
819,205
820,167
821,183
822,229
823,201
824,197
825,192
826,226
827,154
828,244
829,213
830,210
831,208
832,152
833,226
834,159
835,185
836,214
837,162
838,248
839,231
840,80
841,111
842,179
843,212
844,155
845,136
846,154
847,240
848,218
849,220
850,215
851,11
852,99
853,166
854,190
855,169
856,206
857,245
858,169
859,226
860,215
861,145
862,205
863,172
864,197
865,234
866,227
867,244
868,243
869,243
870,204
871,220
872,218
873,194
874,172
875,217
876,180
877,193
878,191
879,202
880,101
881,202
882,209
883,171
884,193
885,167
886,227
887,244
888,177
889,241
890,213
891,103
892,86
893,214
894,169
895,173
896,197
897,70
898,202
899,213
900,166
901,145
902,216
903,168
904,229
905,175
906,211
907,157
908,181
909,159
910,146
911,218
912,121
913,212
914,146
915,241
916,203
917,181
918,197
919,67
920,200
921,172
922,194
923,205
924,206
925,191
926,142
927,212
928,165
929,213
930,133
931,140
932,186
933,237
934,199
935,201
936,183
937,237
938,205
939,160
940,175
941,225
942,175
943,201
944,222
945,166
946,196
947,141
948,204
949,188
950,158
951,147
952,218
953,237
954,219
955,244
956,207
957,209
958,175
959,95
960,201
961,239
962,155
963,227
964,202
965,203
966,130
967,195
968,168
969,213
970,234
971,191
972,197
973,65
974,206
975,175
976,207
977,124
978,216
979,241
980,205
981,220
982,215
983,205
984,175
985,238
986,199
987,233
988,238
989,147
990,242
991,158
992,183
993,233
994,221
995,211
996,214
997,238
998,167
999,225
1000,217
1001,152
1002,185
1003,245
1004,218
1005,235
1006,181
1007,209
1008,204
1009,194
1010,227
1011,193
1012,187
1013,197
1014,213
1015,229
1016,256
1017,210
1018,218
1019,246
1020,256
1021,248
1022,92
1023,185
1024,172
1025,233
1026,205
1027,96
1028,195
1029,207
1030,234
1031,172
1032,148
1033,166
1034,207
1035,208
1036,236
1037,175
1038,230
1039,204
1040,206
1041,151
1042,199
1043,166
1044,155
1045,225
1046,191
1047,163
1048,233
1049,165
1050,203
1051,205
1052,216
1053,200
1054,141
1055,186
1056,242
1057,213
1058,172
1059,220
1060,232
1061,181
1062,195
1063,177
1064,231
1065,206
1066,256
1067,239
1068,246
1069,210
1070,231
1071,202
1072,154
1073,231
1074,242
1075,211
1076,218
1077,195
1078,174
1079,191
1080,231
1081,146
1082,172
1083,141
1084,215
1085,224
1086,219
1087,142
1088,210
1089,152
1090,224
1091,180
1092,221
1093,174
1094,221
1095,238
1096,126
1097,210
1098,211
1099,225
1100,209
1101,226
1102,241
1103,222
1104,170
1105,215
1106,220
1107,149
1108,231
1109,223
1110,184
1111,167
1112,166
1113,230
1114,227
1115,198
1116,228
1117,176
1118,196
1119,174
1120,229
1121,199
1122,173
1123,157
1124,176
1125,169
1126,247
1127,223
1128,189
1129,215
1130,191
1131,239
1132,162
1133,241
1134,183
1135,195
1136,231
1137,204
1138,249
1139,202
1140,247
1141,208
1142,212
1143,126
1144,152
1145,178
1146,16
1147,250
1148,161
1149,213
1150,96
1151,228
1152,206
1153,196
1154,182
1155,206
1156,196
1157,220
1158,214
1159,237
1160,172
1161,236
1162,116
1163,248
1164,154
1165,242
1166,170
1167,225
1168,239
1169,217
1170,183
1171,185
1172,224
1173,191
1174,242
1175,248
1176,219
1177,206
1178,248
1179,134
1180,171
1181,154
1182,156
1183,156
1184,224
1185,238
1186,224
1187,194
1188,107
1189,201
1190,224
1191,125
1192,247
1193,215
1194,228
1195,248
1196,196
1197,192
1198,167
1199,235
1200,180
1201,248
1202,128
1203,224
1204,146
1205,169
1206,132
1207,167
1208,123
1209,198
1210,174
1211,219
1212,212
1213,176
1214,86
1215,64
1216,116
1217,150
1218,132
1219,250
1220,214
1221,189
1222,79
1223,100
1224,164
1225,0
1226,238
1227,114
1228,165
1229,238
1230,136
1231,18
1232,140
1233,170
1234,82
1235,193
1236,196
1237,116
1238,154
1239,205
1240,202
1241,170
1242,138
1243,226
1244,230
1245,248
1246,220
1247,149
1248,241
1249,179
1250,225
1251,169
1252,182
1253,178
1254,73
1255,49
1256,182
1257,237
1258,140
1259,134
1260,153
1261,219
1262,61
1263,247
1264,192
1265,148
1266,76
1267,139
1268,237
1269,204
1270,241
1271,189
1272,189
1273,223
1274,245
1275,223
1276,162
1277,63
1278,195
1279,251
1280,168
1281,86
1282,230
1283,156
1284,115
1285,42
1286,149
1287,0
1288,152
1289,92
1290,231
1291,220
1292,69
1293,198
1294,92
1295,126
1296,242
1297,67
1298,189
1299,47
1300,244
1301,162
1302,240
1303,197
1304,188
1305,235
1306,221
1307,233
1308,97
1309,190
1310,110
1311,169
1312,126
1313,231
1314,235
1315,225
1316,87
1317,180
1318,127
1319,207
1320,83
1321,40
1322,149
1323,234
1324,70
1325,158
1326,129
1327,71
1328,127
1329,224
1330,195
1331,123
1332,96
1333,163
1334,186
1335,95
1336,52
1337,139
1338,0
1339,217
1340,64
1341,199
1342,195
1343,194
1344,100
1345,74
1346,246
1347,78
1348,211
1349,164
1350,216
1351,0
1352,191
1353,0
1354,225
1355,102
1356,231
1357,210
1358,145
1359,127
1360,231
1361,87
1362,179
1363,62
1364,242
1365,244
1366,174
1367,186
1368,109
1369,132
1370,229
1371,202
1372,31
1373,141
1374,240
1375,243
1376,169
1377,205
1378,168
1379,226
1380,214
1381,129
1382,218
1383,232
1384,216
1385,68
1386,240
1387,217
1388,92
1389,44
1390,0
1391,211
1392,153
1393,211
1394,212
1395,42
1396,125
1397,99
1398,174
1399,182
1400,180
1401,206
1402,134
1403,203
1404,228
1405,141
1406,210
1407,89
1408,164
1409,213
1410,177
1411,202
1412,223
1413,211
1414,235
1415,131
1416,181
1417,126
1418,242
1419,189
1420,138
1421,227
1422,246
1423,157
1424,144
1425,244
1426,47
1427,109
1428,220
1429,211
1430,54
1431,139
1432,211
1433,106
1434,140
1435,243
1436,154
1437,138
1438,240
1439,243
1440,233
1441,116
1442,127
1443,248
1444,202
1445,216
1446,135
1447,176
1448,181
1449,104
1450,46
1451,172
1452,210
1453,123
1454,237
1455,247
1456,195
1457,77
1458,181
1459,160
1460,216
1461,256
1462,42
1463,168
1464,70
1465,192
1466,220
1467,225
1468,210
1469,165
1470,121
1471,204
1472,139
1473,166
1474,223
1475,215
1476,210
1477,83
1478,218
1479,168
1480,134
1481,156
1482,238
1483,220
1484,217
1485,150
1486,246
1487,144
1488,242
1489,232
1490,196
1491,69
1492,241
1493,217
1494,251
1495,230
1496,248
1497,228
1498,221
1499,161
1500,133
1501,201
1502,202
1503,173
1504,87
1505,169
1506,49
1507,64
1508,199
1509,207
1510,136
1511,187
1512,149
1513,34
1514,125
1515,235
1516,195
1517,212
1518,232
1519,104
1520,191
1521,239
1522,182
1523,48
1524,138
1525,226
1526,187
1527,205
1528,201
1529,228
1530,118
1531,109
1532,160
1533,243
1534,159
1535,90
1536,136
1537,158
1538,147
1539,223
1540,186
1541,241
1542,60
1543,214
1544,149
1545,116
1546,199
1547,166
1548,59
1549,148
1550,61
1551,118
1552,167
1553,196
1554,156
1555,169
1556,146
1557,198
1558,166
1559,146
1560,222
1561,102
1562,244
1563,179
1564,147
1565,144
1566,113
1567,180
1568,242
1569,42
1570,176
1571,185
1572,245
1573,237
1574,164
1575,246
1576,124
1577,90
1578,9
1579,234
1580,218
1581,150
1582,106
1583,225
1584,182
1585,207
1586,218
1587,112
1588,186
1589,123
1590,238
1591,230
1592,208
1593,208
1594,193
1595,0
1596,156
1597,142
1598,61
1599,121
1600,222
1601,196
1602,150
1603,154
1604,237
1605,212
1606,204
1607,160
1608,228
1609,176
1610,252
1611,147
1612,170
1613,218
1614,156
1615,131
1616,235
1617,215
1618,176
1619,165
1620,124
1621,214
1622,237
1623,173
1624,192
1625,202
1626,146
1627,109
1628,235
1629,92
1630,169
1631,215
1632,206
1633,192
1634,189
1635,235
1636,196
1637,231
1638,45
1639,212
1640,201
1641,191
1642,140
1643,179
1644,229
1645,214
1646,223
1647,253
1648,254
1649,250
1650,232
1651,243
1652,180
1653,146
1654,145
1655,247
1656,197
1657,186
1658,248
1659,226
1660,231
1661,167
1662,180
1663,215
1664,153
1665,249
1666,173
1667,191
1668,154
1669,170
1670,194
1671,212
1672,251
1673,255
1674,187
1675,245
1676,224
1677,238
1678,163
1679,134
1680,230
1681,158
1682,228
1683,212
1684,176
1685,234
1686,182
1687,228
1688,238
1689,172
1690,95
1691,150
1692,226
1693,173
1694,126
1695,153
1696,212
1697,30
1698,222
1699,249
1700,160
1701,227
1702,155
1703,230
1704,242
1705,180
1706,218
1707,138
1708,190
1709,233
1710,201
1711,232
1712,159
1713,136
1714,39
1715,212
1716,233
1717,206
1718,83
1719,220
1720,164
1721,101
1722,183
1723,62
1724,53
1725,168
1726,233
1727,181
1728,168
1729,115
1730,106
1731,231
1732,127
1733,215
1734,145
1735,205
1736,141
1737,120
1738,200
1739,226
1740,101
1741,121
1742,160
1743,233
1744,247
1745,142
1746,142
1747,108
1748,179
1749,200
1750,72
1751,111
1752,102
1753,104
1754,190
1755,215
1756,222
1757,152
1758,225
1759,185
1760,89
1761,53
1762,222
1763,138
1764,218
1765,155
1766,162
1767,196
1768,231
1769,164
1770,208
1771,134
1772,130
1773,161
1774,128
1775,245
1776,243
1777,179
1778,121
1779,182
1780,221
1781,192
1782,39
1783,42
1784,211
1785,160
1786,111
1787,238
1788,207
1789,134
1790,238
1791,249
1792,205
1793,36
1794,195
1795,239
1796,152
1797,208
1798,222
1799,216
1800,186
1801,226
1802,233
1803,110
1804,216
1805,218
1806,190
1807,201
1808,204
1809,233
1810,192
1811,213
1812,141
1813,245
1814,148
1815,180
1816,217
1817,162
1818,148
1819,37
1820,141
1821,207
1822,199
1823,140
1824,210
1825,161
1826,150
1827,207
1828,196
1829,242
1830,222
1831,235
1832,215
1833,256
1834,89
1835,172
1836,185
1837,156
1838,238
1839,206
1840,220
1841,256
1842,221
1843,151
1844,142
1845,119
1846,86
1847,163
1848,227
1849,127
1850,176
1851,203
1852,212
1853,158
1854,202
1855,128
1856,198
1857,242
1858,201
1859,209
1860,227
1861,142
1862,105
1863,235
1864,246
1865,104
1866,220
1867,245
1868,73
1869,249
1870,227
1871,221
1872,179
1873,211
1874,215
1875,224
1876,145
1877,161
1878,205
1879,126
1880,241
1881,204
1882,249
1883,226
1884,169
1885,221
1886,181
1887,150
1888,174
1889,164
1890,232
1891,135
1892,252
1893,240
1894,202
1895,247
1896,53
1897,191
1898,203
1899,177
1900,94
1901,234
1902,170
1903,183
1904,169
1905,203
1906,33
1907,129
1908,237
1909,136
1910,174
1911,247
1912,196
1913,120
1914,101
1915,240
1916,234
1917,235
1918,239
1919,112
1920,198
1921,185
1922,245
1923,204
1924,99
1925,166
1926,185
1927,109
1928,84
1929,147
1930,82
1931,94
1932,247
1933,163
1934,34
1935,254
1936,194
1937,135
1938,201
1939,109
1940,116
1941,241
1942,247
1943,184
1944,109
1945,95
1946,214
1947,218
1948,231
1949,224
1950,207
1951,210
1952,225
1953,176
1954,137
1955,78
1956,216
1957,186
1958,207
1959,218
1960,221
1961,172
1962,68
1963,139
1964,93
1965,207
1966,236
1967,177
1968,211
1969,242
1970,106
1971,186
1972,229
1973,97
1974,199
1975,202
1976,157
1977,175
1978,192
1979,155
1980,168
1981,232
1982,236
1983,206
1984,186
1985,212
1986,210
1987,254
1988,230
1989,246
1990,100
1991,96
1992,236
1993,219
1994,171
1995,233
1996,34
1997,150
1998,235
1999,204
2000,154
2001,22
2002,56
2003,77
2004,199
2005,169
2006,214
2007,239
2008,40
2009,39
2010,249
2011,102
2012,225
2013,235
2014,168
2015,132
2016,182
2017,249
2018,174
2019,224
2020,246
2021,131
2022,205
2023,247
2024,187
2025,92
2026,206
2027,201
2028,158
2029,15
2030,222
2031,212
2032,0
2033,222
2034,67
2035,187
2036,224
2037,150
2038,244
2039,179
2040,214
2041,133
2042,164
2043,239
2044,142
2045,26
2046,231
2047,77
2048,0
2049,156
2050,201
2051,106
2052,144
2053,146
2054,236
2055,234
2056,0
2057,118
2058,192
2059,229
2060,188
2061,138
2062,127
2063,143
2064,187
2065,181
2066,234
2067,76
2068,136
2069,110
2070,196
2071,243
2072,121
2073,221
2074,208
2075,222
2076,226
2077,203
2078,166
2079,135
2080,216
2081,170
2082,116
2083,213
2084,217
2085,147
2086,171
2087,190
2088,242
2089,226
2090,181
2091,66
2092,236
2093,128
2094,173
2095,234
2096,113
2097,172
2098,161
2099,147
2100,0
2101,165
2102,176
2103,152
2104,211
2105,193
2106,190
2107,121
2108,197
2109,136
2110,237
2111,8
2112,203
2113,0
2114,28
2115,224
2116,34
2117,154
2118,177
2119,225
2120,200
2121,221
2122,146
2123,140
2124,245
2125,88
2126,177
2127,234
2128,225
2129,48
2130,145
2131,238
2132,27
2133,202
2134,131
2135,0
2136,219
2137,25
2138,181
2139,36
2140,89
2141,141
2142,177
2143,215
2144,140
2145,195
2146,8
2147,240
2148,72
2149,115
2150,128
2151,208
2152,109
2153,166
2154,214
2155,206
2156,188
2157,186
2158,227
2159,209
2160,98
2161,125
2162,160
2163,166
2164,171
2165,233
2166,178
2167,0
2168,28
2169,246
2170,236
2171,60
2172,218
2173,196
2174,209
2175,214
2176,172
2177,223
2178,149
2179,240
2180,145
2181,238
2182,0
2183,167
2184,63
2185,215
2186,54
2187,224
2188,234
2189,99
2190,186
2191,2
2192,212
2193,107
2194,204
2195,83
2196,197
2197,24
2198,222
2199,170
2200,199
2201,26
2202,219
2203,162
2204,108
2205,236
2206,137
2207,142
2208,169
2209,80
2210,99
2211,180
2212,153
2213,33
2214,183
2215,218
2216,214
2217,139
2218,72
2219,104
2220,177
2221,144
2222,205
2223,225
2224,137
2225,202
2226,205
2227,97
2228,167
2229,208
2230,249
2231,49
2232,165
2233,228
2234,223
2235,171
2236,136
2237,159
2238,157
2239,196
2240,130
2241,245
2242,190
2243,211
2244,244
2245,209
2246,182
2247,160
2248,0
2249,124
2250,154
2251,196
2252,222
2253,138
2254,130
2255,181
2256,173
2257,0
2258,187
2259,116
2260,171
2261,202
2262,194
2263,198
2264,240
2265,186
2266,168
2267,218
2268,224
2269,95
2270,50
2271,234
2272,158
2273,212
2274,169
2275,227
2276,144
2277,97
2278,0
2279,125
2280,173
2281,159
2282,147
2283,153
2284,36
2285,247
2286,80
2287,192
2288,242
2289,192
2290,134
2291,205
2292,29
2293,169
2294,129
2295,242
2296,135
2297,189
2298,228
2299,108
2300,204
2301,156
2302,190
2303,240
2304,163
2305,153
2306,0
2307,0
2308,220
2309,194
2310,209
2311,130
2312,215
2313,230
2314,101
2315,129
2316,45
2317,80
2318,250
2319,128
2320,237
2321,186
2322,130
2323,189
2324,212
2325,207
2326,129
2327,236
2328,142
2329,242
2330,67
2331,196
2332,199
2333,201
2334,187
2335,218
2336,91
2337,114
2338,162
2339,92
2340,219
2341,192
2342,121
2343,176
2344,235
2345,216
2346,117
2347,192
2348,216
2349,221
2350,164
2351,62
2352,208
2353,178
2354,179
2355,184
2356,178
2357,169
2358,191
2359,194
2360,178
2361,136
2362,208
2363,97
2364,241
2365,161
2366,243
2367,67
2368,203
2369,237
2370,202
2371,109
2372,235
2373,194
2374,68
2375,169
2376,218
2377,92
2378,92
2379,239
2380,158
2381,148
2382,154
2383,220
2384,0
2385,147
2386,198
2387,223
2388,152
2389,110
2390,213
2391,209
2392,134
2393,83
2394,91
2395,164
2396,213
2397,141
2398,210
2399,207
