0,195
1,185
2,183
3,220
4,201
5,152
6,192
7,238
8,229
9,142
10,139
11,236
12,212
13,187
14,226
15,185
16,212
17,176
18,241
19,238
20,242
21,113
22,170
23,195
24,243
25,227
26,82
27,101
28,221
29,159
30,77
31,188
32,180
33,236
34,234
35,227
36,236
37,219
38,202
39,233
40,192
41,243
42,205
43,80
44,223
45,212
46,171
47,236
48,153
49,173
50,177
51,213
52,80
53,218
54,191
55,191
56,202
57,196
58,199
59,253
60,229
61,150
62,183
63,223
64,208
65,216
66,249
67,240
68,168
69,60
70,203
71,205
72,169
73,230
74,239
75,149
76,216
77,84
78,212
79,171
80,242
81,246
82,138
83,185
84,217
85,207
86,175
87,197
88,160
89,211
90,196
91,245
92,185
93,160
94,157
95,213
96,213
97,189
98,242
99,184
100,256
101,251
102,170
103,95
104,246
105,216
106,216
107,219
108,180
109,29
110,175
111,192
112,212
113,221
114,247
115,184
116,202
117,225
118,232
119,236
120,179
121,198
122,113
123,81
124,190
125,201
126,223
127,163
128,180
129,164
130,182
131,209
132,222
133,240
134,171
135,198
136,173
137,194
138,85
139,161
140,252
141,235
142,218
143,140
144,149
145,174
146,183
147,188
148,210
149,215
150,115
151,214
152,233
153,203
154,168
155,234
156,249
157,165
158,38
159,117
160,222
161,189
162,219
163,147
164,238
165,50
166,161
167,171
168,166
169,252
170,218
171,166
172,209
173,121
174,241
175,206
176,206
177,211
178,238
179,34
180,171
181,76
182,189
183,225
184,210
185,212
186,226
187,146
188,143
189,221
190,248
191,223
192,95
193,250
194,150
195,236
196,165
197,201
198,175
199,204
200,180
201,213
202,185
203,205
204,253
205,171
206,179
207,205
208,221
209,164
210,157
211,199
212,244
213,232
214,58
215,175
216,221
217,192
218,229
219,178
220,135
221,234
222,202
223,130
224,226
225,252
226,246
227,189
228,216
229,223
230,162
231,171
232,231
233,213
234,197
235,195
236,151
237,209
238,147
239,223
240,222
241,158
242,248
243,184
244,235
245,223
246,229
247,251
248,201
249,213
250,174
251,175
252,198
253,205
254,221
255,247
256,254
257,212
258,184
259,193
260,134
261,198
262,231
263,56
264,222
265,212
266,151
267,151
268,185
269,189
270,186
271,205
272,183
273,252
274,205
275,211
276,229
277,131
278,250
279,182
280,102
281,203
282,222
283,219
284,147
285,231
286,187
287,219
288,214
289,210
290,159
291,231
292,182
293,111
294,208
295,151
296,134
297,96
298,120
299,206
300,186
301,199
302,243
303,189
304,229
305,224
306,161
307,207
308,207
309,247
310,212
311,173
312,170
313,246
314,253
315,153
316,86
317,180
318,235
319,187
320,214
321,125
322,171
323,217
324,212
325,234
326,164
327,245
328,207
329,120
330,233
331,250
332,161
333,217
334,227
335,228
336,187
337,219
338,221
339,110
340,55
341,251
342,233
343,201
344,178
345,182
346,144
347,109
348,37
349,109
350,132
351,162
352,124
353,151
354,200
355,201
356,195
357,229
358,231
359,124
360,204
361,187
362,216
363,133
364,228
365,196
366,192
367,235
368,243
369,158
370,184
371,204
372,130
373,174
374,250
375,138
376,193
377,232
378,132
379,230
380,179
381,110
382,114
383,215
384,188
385,251
386,201
387,106
388,184
389,226
390,239
391,161
392,235
393,135
394,198
395,37
396,216
397,213
398,165
399,235
400,130
401,183
402,218
403,175
404,196
405,218
406,229
407,99
408,216
409,228
410,199
411,124
412,223
413,251
414,198
415,144
416,140
417,37
418,216
419,121
420,231
421,204
422,221
423,244
424,213
425,245
426,221
427,122
428,158
429,172
430,231
431,219
432,215
433,245
434,195
435,177
436,170
437,228
438,217
439,219
440,195
441,122
442,201
443,165
444,168
445,173
446,22
447,181
448,95
449,224
450,79
451,197
452,200
453,191
454,215
455,223
456,205
457,246
458,214
459,253
460,238
461,244
462,249
463,188
464,209
465,194
466,178
467,178
468,144
469,146
470,98
471,185
472,196
473,175
474,170
475,244
476,222
477,185
478,222
479,163
480,166
481,244
482,241
483,248
484,158
485,158
486,220
487,127
488,169
489,227
490,171
491,144
492,191
493,84
494,183
495,169
496,233
497,222
498,236
499,235
500,145
501,188
502,216
503,247
504,150
505,241
506,137
507,202
508,124
509,24
510,214
511,225
512,219
513,252
514,151
515,237
516,201
517,166
518,97
519,231
520,53
521,217
522,173
523,89
524,196
525,194
526,213
527,219
528,217
529,226
530,185
531,208
532,96
533,192
534,251
535,162
536,221
537,225
538,155
539,124
540,202
541,243
542,213
543,182
544,227
545,137
546,183
547,112
548,88
549,256
550,177
551,165
552,223
553,160
554,75
555,210
556,0
557,234
558,158
559,194
560,161
561,206
562,184
563,96
564,226
565,172
566,253
567,254
568,207
569,245
570,213
571,120
572,221
573,234
574,203
575,202
576,225
577,131
578,234
579,255
580,192
581,119
582,184
583,252
584,245
585,109
586,184
587,215
588,197
589,91
590,233
591,234
592,249
593,139
594,165
595,232
596,238
597,248
598,175
599,234
600,174
601,203
602,132
603,213
604,157
605,154
606,182
607,197
608,202
609,130
610,208
611,251
612,181
613,248
614,27
615,251
616,140
617,127
618,157
619,136
620,202
621,214
622,125
623,232
624,161
625,184
626,222
627,195
628,215
629,143
630,187
631,182
632,233
633,212
634,216
635,196
636,174
637,91
638,66
639,224
640,76
641,183
642,192
643,190
644,232
645,226
646,242
647,221
648,179
649,198
650,190
651,249
652,148
653,182
654,0
655,218
656,115
657,247
658,236
659,164
660,224
661,206
662,179
663,211
664,226
665,105
666,237
667,109
668,214
669,122
670,188
671,221
672,25
673,233
674,196
675,226
676,142
677,149
678,200
679,227
680,240
681,159
682,246
683,177
684,215
685,221
686,153
687,176
688,206
689,91
690,246
691,229
692,204
693,194
694,150
695,226
696,135
697,235
698,0
699,146
700,215
701,220
702,156
703,255
704,168
705,222
706,114
707,244
708,80
709,138
710,248
711,251
712,252
713,215
714,131
715,184
716,205
717,220
718,135
719,97
720,148
721,231
722,79
723,226
724,206
725,175
726,119
727,254
728,15
729,196
730,212
731,168
732,230
733,133
734,245
735,152
736,165
737,189
738,215
739,184
740,226
741,220
742,124
743,117
744,187
745,170
746,86
747,254
748,204
749,239
750,171
751,45
752,201
753,112
754,249
755,91
756,230
757,205
758,183
759,239
760,194
761,91
762,228
763,220
764,178
765,241
766,160
767,204
768,160
769,209
770,177
771,218
772,151
773,221
774,201
775,121
776,193
777,209
778,200
779,118
780,222
781,184
782,102
783,241
784,203
785,250
786,238
787,105
788,109
789,215
790,253
791,100
792,214
793,240
794,199
795,229
796,151
797,162
798,236
799,256
800,162
801,235
802,215
803,170
804,175
805,227
806,225
807,202
808,250
809,225
810,207
811,131
812,175
813,233
814,194
815,215
816,207
817,173
818,66
819,195
820,251
821,219
822,0
823,205
824,227
825,209
826,191
827,237
828,207
829,229
830,184
831,218
832,220
833,119
834,161
835,153
836,186
837,128
838,153
839,167
840,233
841,236
842,236
843,225
844,199
845,235
846,133
847,194
848,235
849,175
850,214
851,184
852,174
853,250
854,179
855,164
856,58
857,243
858,187
859,160
860,235
861,198
862,168
863,218
864,165
865,134
866,222
867,233
868,168
869,223
870,183
871,227
872,213
873,206
874,242
875,240
876,201
877,225
878,205
879,205
880,246
881,156
882,4
883,219
884,190
885,222
886,154
887,227
888,214
889,74
890,245
891,210
892,205
893,192
894,173
895,252
896,238
897,232
898,153
899,178
900,129
901,179
902,205
903,139
904,174
905,206
906,119
907,28
908,191
909,225
910,231
911,206
912,57
913,211
914,245
915,216
916,118
917,206
918,170
919,176
920,219
921,179
922,188
923,237
924,241
925,169
926,226
927,156
928,243
929,230
930,226
931,233
932,182
933,239
934,176
935,243
936,230
937,152
938,42
939,250
940,239
941,215
942,135
943,208
944,197
945,239
946,203
947,157
948,197
949,256
950,193
951,243
952,154
953,229
954,244
955,122
956,241
957,242
958,209
959,205
960,206
961,248
962,250
963,146
964,182
965,186
966,251
967,252
968,228
969,171
970,208
971,124
972,181
973,126
974,167
975,150
976,228
977,165
978,222
979,232
980,220
981,255
982,163
983,228
984,241
985,97
986,0
987,237
988,151
989,141
990,142
991,140
992,102
993,214
994,195
995,163
996,204
997,219
998,187
999,250
1000,243
1001,187
1002,246
1003,102
1004,182
1005,194
1006,177
1007,187
1008,162
1009,127
1010,108
1011,171
1012,248
1013,205
1014,235
1015,195
1016,219
1017,218
1018,200
1019,222
1020,195
1021,95
1022,242
1023,186
1024,119
1025,254
1026,183
1027,224
1028,250
1029,170
1030,203
1031,103
1032,80
1033,246
1034,170
1035,248
1036,82
1037,56
1038,185
1039,100
1040,194
1041,175
1042,181
1043,204
1044,142
1045,210
1046,172
1047,178
1048,195
1049,133
1050,225
1051,250
1052,221
1053,159
1054,133
1055,162
1056,193
1057,243
1058,109
1059,199
1060,215
1061,133
1062,226
1063,220
1064,200
1065,227
1066,102
1067,212
1068,215
1069,247
1070,251
1071,181
1072,150
1073,195
1074,143
1075,254
1076,222
1077,250
1078,206
1079,248
1080,172
1081,224
1082,172
1083,190
1084,230
1085,173
1086,162
1087,170
1088,177
1089,195
1090,141
1091,191
1092,90
1093,123
1094,92
1095,222
1096,99
1097,126
1098,144
1099,194
1100,210
1101,238
1102,137
1103,198
1104,240
1105,164
1106,172
1107,250
1108,244
1109,224
1110,254
1111,230
1112,250
1113,238
1114,147
1115,204
1116,205
1117,144
1118,175
1119,209
1120,230
1121,156
1122,158
1123,142
1124,149
1125,234
1126,122
1127,175
1128,112
1129,207
1130,247
1131,256
1132,221
1133,236
1134,78
1135,210
1136,170
1137,161
1138,176
1139,104
1140,238
1141,239
1142,236
1143,148
1144,102
1145,196
1146,192
1147,212
1148,173
1149,149
1150,0
1151,241
1152,131
1153,208
1154,241
1155,137
1156,253
1157,230
1158,209
1159,242
1160,186
1161,227
1162,179
1163,225
1164,131
1165,175
1166,235
1167,190
1168,148
1169,150
1170,239
1171,197
1172,181
1173,188
1174,179
1175,220
1176,133
1177,223
1178,194
1179,240
1180,103
1181,168
1182,174
1183,205
1184,174
1185,244
1186,256
1187,86
1188,92
1189,225
1190,232
1191,234
1192,200
1193,249
1194,247
1195,228
1196,143
1197,169
1198,159
1199,98
1200,86
1201,254
1202,217
1203,228
1204,130
1205,231
1206,220
1207,213
1208,172
1209,236
1210,198
1211,195
1212,207
1213,101
1214,245
1215,0
1216,226
1217,0
1218,178
1219,242
1220,239
1221,169
1222,115
1223,218
1224,158
1225,74
1226,200
1227,174
1228,77
1229,170
1230,170
1231,166
1232,168
1233,239
1234,130
1235,71
1236,184
1237,104
1238,203
1239,245
1240,158
1241,226
1242,201
1243,200
1244,165
1245,94
1246,254
1247,242
1248,173
1249,209
1250,168
1251,197
1252,182
1253,240
1254,212
1255,203
1256,220
1257,158
1258,207
1259,242
1260,235
1261,242
1262,156
1263,253
1264,195
1265,189
1266,165
1267,209
1268,182
1269,239
1270,156
1271,220
1272,211
1273,225
1274,144
1275,171
1276,113
1277,206
1278,213
1279,182
1280,146
1281,187
1282,146
1283,188
1284,245
1285,116
1286,178
1287,28
1288,175
1289,216
1290,125
1291,90
1292,188
1293,122
1294,221
1295,175
1296,236
1297,239
1298,195
1299,246
1300,91
1301,241
1302,218
1303,208
1304,224
1305,134
1306,100
1307,192
1308,142
1309,142
1310,197
1311,199
1312,210
1313,169
1314,211
1315,256
1316,218
1317,198
1318,186
1319,121
1320,193
1321,102
1322,203
1323,248
1324,56
1325,176
1326,179
1327,250
1328,185
1329,218
1330,193
1331,178
1332,255
1333,216
1334,238
1335,165
1336,179
1337,118
1338,205
1339,201
1340,249
1341,254
1342,217
1343,208
1344,235
1345,216
1346,201
1347,253
1348,176
1349,181
1350,226
1351,236
1352,167
1353,227
1354,232
1355,56
1356,170
1357,134
1358,188
1359,82
1360,233
1361,241
1362,215
1363,190
1364,163
1365,176
1366,91
1367,222
1368,149
1369,236
1370,242
1371,189
1372,249
1373,176
1374,188
1375,184
1376,196
1377,211
1378,29
1379,176
1380,202
1381,202
1382,184
1383,239
1384,28
1385,131
1386,134
1387,198
1388,91
1389,243
1390,195
1391,201
1392,114
1393,244
1394,220
1395,223
1396,199
1397,242
1398,141
1399,209
1400,158
1401,212
1402,208
1403,165
1404,174
1405,162
1406,255
1407,0
1408,114
1409,126
1410,201
1411,230
1412,228
1413,231
1414,203
1415,224
1416,81
1417,229
1418,138
1419,40
1420,220
1421,227
1422,218
1423,256
1424,189
1425,197
1426,241
1427,152
1428,177
1429,195
1430,224
1431,165
1432,163
1433,230
1434,192
1435,156
1436,243
1437,229
1438,118
1439,205
1440,213
1441,247
1442,151
1443,250
1444,125
1445,224
1446,225
1447,226
1448,223
1449,182
1450,176
1451,146
1452,238
1453,140
1454,227
1455,224
1456,243
1457,185
1458,213
1459,180
1460,136
1461,199
1462,234
1463,210
1464,54
1465,223
1466,247
1467,233
1468,153
1469,181
1470,106
1471,242
1472,223
1473,209
1474,0
1475,205
1476,132
1477,205
1478,162
1479,214
1480,203
1481,32
1482,228
1483,73
1484,211
1485,208
1486,188
1487,251
1488,178
1489,221
1490,196
1491,250
1492,188
1493,252
1494,171
1495,230
1496,229
1497,192
1498,142
1499,194
1500,57
1501,202
1502,101
1503,152
1504,149
1505,123
1506,139
1507,223
1508,243
1509,172
1510,128
1511,240
1512,89
1513,148
1514,225
1515,166
1516,202
1517,201
1518,235
1519,204
1520,190
1521,222
1522,237
1523,248
1524,144
1525,217
1526,229
1527,178
1528,158
1529,176
1530,175
1531,221
1532,112
1533,23
1534,184
1535,206
1536,236
1537,168
1538,152
1539,235
1540,171
1541,246
1542,248
1543,216
1544,156
1545,147
1546,239
1547,155
1548,154
1549,139
1550,147
1551,125
1552,222
1553,227
1554,91
1555,230
1556,53
1557,201
1558,211
1559,168
1560,174
1561,185
1562,254
1563,168
1564,239
1565,126
1566,236
1567,231
1568,222
1569,175
1570,245
1571,241
1572,190
1573,227
1574,193
1575,199
1576,193
1577,235
1578,184
1579,225
1580,233
1581,242
1582,158
1583,196
1584,124
1585,161
1586,240
1587,231
1588,224
1589,186
1590,235
1591,188
1592,155
1593,144
1594,171
1595,231
1596,196
1597,164
1598,193
1599,155
1600,180
1601,161
1602,188
1603,216
1604,198
1605,239
1606,118
1607,224
1608,144
1609,199
1610,145
1611,224
1612,254
1613,184
1614,223
1615,173
1616,156
1617,138
1618,185
1619,217
1620,230
1621,84
1622,140
1623,200
1624,138
1625,184
1626,162
1627,206
1628,229
1629,140
1630,231
1631,238
1632,200
1633,211
1634,130
1635,213
1636,169
1637,195
1638,139
1639,181
1640,172
1641,208
1642,240
1643,167
1644,169
1645,252
1646,123
1647,227
1648,230
1649,196
1650,241
1651,205
1652,131
1653,156
1654,78
1655,237
1656,85
1657,190
1658,78
1659,169
1660,154
1661,250
1662,172
1663,126
1664,183
1665,241
1666,124
1667,168
1668,206
1669,152
1670,224
1671,109
1672,218
1673,56
1674,216
1675,203
1676,223
1677,228
1678,217
1679,59
1680,127
1681,219
1682,204
1683,159
1684,165
1685,193
1686,236
1687,227
1688,246
1689,210
1690,232
1691,98
1692,172
1693,173
1694,140
1695,53
1696,224
1697,107
1698,219
1699,200
1700,208
1701,250
1702,244
1703,239
1704,256
1705,187
1706,245
1707,256
1708,231
1709,238
1710,203
1711,220
1712,177
1713,166
1714,132
1715,160
1716,145
1717,189
1718,224
1719,186
1720,214
1721,180
1722,205
1723,89
1724,256
1725,221
1726,199
1727,218
1728,216
1729,228
1730,155
1731,201
1732,215
1733,65
1734,138
1735,57
1736,203
1737,250
1738,163
1739,244
1740,216
1741,94
1742,255
1743,183
1744,170
1745,141
1746,176
1747,214
1748,206
1749,148
1750,230
1751,174
1752,125
1753,220
1754,244
1755,195
1756,209
1757,192
1758,237
1759,210
1760,36
1761,64
1762,250
1763,202
1764,187
1765,50
1766,248
1767,195
1768,164
1769,219
1770,0
1771,188
1772,15
1773,160
1774,60
1775,167
1776,87
1777,237
1778,92
1779,164
1780,254
1781,134
1782,200
1783,205
1784,104
1785,161
1786,202
1787,233
1788,184
1789,249
1790,188
1791,43
1792,119
1793,185
1794,121
1795,66
1796,221
1797,45
1798,170
1799,188
1800,152
1801,197
1802,180
1803,105
1804,142
1805,173
1806,79
1807,170
1808,197
1809,93
1810,174
1811,195
1812,199
1813,205
1814,164
1815,173
1816,119
1817,119
1818,94
1819,238
1820,219
1821,197
1822,223
1823,234
1824,214
1825,199
1826,226
1827,188
1828,175
1829,102
1830,104
1831,185
1832,201
1833,246
1834,125
1835,190
1836,223
1837,179
1838,214
1839,135
1840,225
1841,168
1842,245
1843,161
1844,247
1845,0
1846,113
1847,220
1848,119
1849,179
1850,231
1851,110
1852,219
1853,193
1854,162
1855,191
1856,178
1857,212
1858,235
1859,194
1860,154
1861,173
1862,129
1863,150
1864,171
1865,203
1866,179
1867,251
1868,206
1869,212
1870,191
1871,151
1872,88
1873,194
1874,205
1875,231
1876,163
1877,205
1878,247
1879,174
1880,151
1881,112
1882,212
1883,170
1884,244
1885,108
1886,81
1887,245
1888,157
1889,138
1890,224
1891,170
1892,122
1893,217
1894,253
1895,209
1896,206
1897,228
1898,191
1899,192
1900,187
1901,245
1902,202
1903,181
1904,187
1905,190
1906,210
1907,211
1908,180
1909,130
1910,205
1911,210
1912,189
1913,117
1914,93
1915,162
1916,227
1917,203
1918,132
1919,162
1920,228
1921,211
1922,210
1923,192
1924,57
1925,215
1926,216
1927,154
1928,168
1929,188
1930,143
1931,255
1932,228
1933,227
1934,193
1935,237
1936,198
1937,200
1938,55
1939,112
1940,176
1941,225
1942,202
1943,168
1944,245
1945,176
1946,143
1947,193
1948,247
1949,73
1950,164
1951,159
1952,193
1953,82
1954,248
1955,141
1956,191
1957,203
1958,182
1959,154
1960,175
1961,87
1962,167
1963,146
1964,40
1965,164
1966,212
1967,197
1968,246
1969,255
1970,239
1971,253
1972,201
1973,136
1974,219
1975,174
1976,212
1977,223
1978,182
1979,242
1980,192
1981,232
1982,235
1983,235
1984,225
1985,155
1986,240
1987,188
1988,238
1989,211
1990,241
1991,175
1992,235
1993,170
1994,50
1995,203
1996,90
1997,188
1998,197
1999,195
2000,194
2001,213
2002,199
2003,219
2004,162
2005,192
2006,210
2007,229
2008,217
2009,221
2010,223
2011,229
2012,233
2013,210
2014,174
2015,154
2016,217
2017,215
2018,197
2019,233
2020,170
2021,231
2022,75
2023,215
2024,194
2025,224
2026,229
2027,142
2028,199
2029,125
2030,254
2031,222
2032,218
2033,241
2034,178
2035,224
2036,141
2037,113
2038,159
2039,198
2040,122
2041,225
2042,44
2043,200
2044,244
2045,147
2046,256
2047,250
2048,190
2049,171
2050,58
2051,139
2052,140
2053,218
2054,208
2055,224
2056,212
2057,223
2058,192
2059,214
2060,120
2061,221
2062,50
2063,54
2064,95
2065,237
2066,230
2067,138
2068,122
2069,106
2070,192
2071,212
2072,184
2073,227
2074,252
2075,240
2076,161
2077,143
2078,241
2079,150
2080,205
2081,233
2082,231
2083,189
2084,210
2085,142
2086,157
2087,166
2088,198
2089,226
2090,150
2091,254
2092,126
2093,233
2094,214
2095,197
2096,239
2097,189
2098,206
2099,136
2100,174
2101,241
2102,177
2103,144
2104,197
2105,98
2106,231
2107,220
2108,195
2109,240
2110,172
2111,219
2112,138
2113,168
2114,210
2115,233
2116,204
2117,244
2118,229
2119,246
2120,174
2121,105
2122,214
2123,145
2124,227
2125,237
2126,181
2127,186
2128,149
2129,160
2130,230
2131,199
2132,161
2133,173
2134,149
2135,179
2136,226
2137,174
2138,256
2139,205
2140,192
2141,212
2142,193
2143,231
2144,218
2145,232
2146,119
2147,174
2148,209
2149,212
2150,185
2151,254
2152,168
2153,200
2154,238
2155,244
2156,241
2157,206
2158,161
2159,193
2160,121
2161,184
2162,0
2163,232
2164,238
2165,142
2166,230
2167,174
2168,192
2169,252
2170,219
2171,188
2172,101
2173,143
2174,167
2175,193
2176,236
2177,250
2178,203
2179,208
2180,256
2181,193
2182,171
2183,136
2184,177
2185,201
2186,137
2187,29
2188,204
2189,190
2190,172
2191,210
2192,167
2193,81
2194,245
2195,146
2196,135
2197,217
2198,153
2199,136
2200,148
2201,204
2202,237
2203,0
2204,169
2205,111
2206,244
2207,161
2208,172
2209,169
2210,138
2211,240
2212,115
2213,144
2214,229
2215,256
2216,225
2217,231
2218,209
2219,195
2220,176
2221,235
2222,221
2223,174
2224,95
2225,223
2226,212
2227,136
2228,138
2229,151
2230,243
2231,231
2232,123
2233,183
2234,155
2235,232
2236,101
2237,245
2238,216
2239,164
2240,162
2241,188
2242,183
2243,189
2244,137
2245,187
2246,162
2247,198
2248,220
2249,163
2250,230
2251,255
2252,137
2253,206
2254,251
2255,207
2256,122
2257,219
2258,179
2259,45
2260,216
2261,202
2262,228
2263,100
2264,240
2265,40
2266,224
2267,205
2268,0
2269,160
2270,160
2271,100
2272,238
2273,166
2274,227
2275,130
2276,256
2277,228
2278,178
2279,162
2280,232
2281,153
2282,167
2283,42
2284,252
2285,212
2286,132
2287,212
2288,239
2289,232
2290,207
2291,195
2292,236
2293,80
2294,153
2295,159
2296,157
2297,159
2298,250
2299,204
2300,196
2301,203
2302,249
2303,239
2304,239
2305,235
2306,155
2307,154
2308,199
2309,215
2310,191
2311,127
2312,239
2313,213
2314,251
2315,256
2316,191
2317,6
2318,117
2319,210
2320,207
2321,210
2322,244
2323,245
2324,246
2325,217
2326,141
2327,237
2328,125
2329,177
2330,178
2331,158
2332,194
2333,186
2334,226
2335,185
2336,151
2337,226
2338,227
2339,158
2340,233
2341,166
2342,256
2343,200
2344,203
2345,206
2346,227
2347,212
2348,244
2349,216
2350,156
2351,239
2352,105
2353,118
2354,161
2355,247
2356,227
2357,204
2358,196
2359,49
2360,224
2361,96
2362,92
2363,226
2364,216
2365,176
2366,127
2367,247
2368,115
2369,118
2370,236
2371,216
2372,156
2373,241
2374,224
2375,222
2376,209
2377,20
2378,253
2379,244
2380,216
2381,185
2382,141
2383,236
2384,237
2385,209
2386,172
2387,211
2388,228
2389,167
2390,224
2391,150
2392,122
2393,190
2394,139
2395,125
2396,189
2397,248
2398,178
2399,218
