0,26
1,241
2,231
3,186
4,212
5,132
6,185
7,76
8,203
9,134
10,149
11,203
12,229
13,231
14,251
15,163
16,145
17,215
18,184
19,82
20,128
21,172
22,168
23,206
24,29
25,131
26,185
27,143
28,126
29,231
30,225
31,166
32,170
33,168
34,119
35,15
36,231
37,180
38,227
39,244
40,152
41,229
42,175
43,64
44,159
45,240
46,226
47,206
48,147
49,67
50,197
51,143
52,240
53,242
54,212
55,183
56,187
57,158
58,173
59,146
60,77
61,187
62,148
63,201
64,208
65,107
66,220
67,142
68,120
69,146
70,137
71,196
72,214
73,214
74,171
75,98
76,168
77,119
78,160
79,206
80,214
81,188
82,197
83,189
84,176
85,118
86,196
87,248
88,211
89,218
90,145
91,151
92,111
93,238
94,195
95,185
96,109
97,148
98,208
99,218
100,194
101,240
102,212
103,232
104,112
105,149
106,207
107,177
108,129
109,114
110,190
111,200
112,189
113,23
114,218
115,187
116,83
117,162
118,219
119,197
120,173
121,0
122,192
123,211
124,159
125,164
126,186
127,193
128,171
129,101
130,192
131,211
132,212
133,90
134,173
135,141
136,126
137,210
138,185
139,203
140,137
141,213
142,35
143,195
144,188
145,178
146,196
147,197
148,91
149,210
150,117
151,122
152,172
153,144
154,120
155,233
156,244
157,109
158,218
159,201
160,194
161,170
162,105
163,158
164,223
165,231
166,168
167,224
168,123
169,238
170,205
171,166
172,156
173,237
174,120
175,149
176,156
177,99
178,163
179,182
180,156
181,173
182,51
183,83
184,181
185,181
186,172
187,218
188,53
189,180
190,104
191,240
192,191
193,97
194,144
195,209
196,169
197,222
198,233
199,161
200,141
201,223
202,223
203,206
204,185
205,185
206,195
207,192
208,207
209,195
210,103
211,211
212,212
213,200
214,197
215,165
216,218
217,77
218,172
219,206
220,184
221,182
222,245
223,169
224,190
225,220
226,190
227,241
228,207
229,190
230,98
231,212
232,120
233,142
234,131
235,73
236,182
237,132
238,170
239,232
240,167
241,131
242,213
243,199
244,158
245,225
246,200
247,55
248,214
249,174
250,198
251,140
252,191
253,111
254,151
255,184
256,222
257,163
258,206
259,229
260,223
261,111
262,134
263,189
264,144
265,192
266,124
267,183
268,121
269,200
270,237
271,84
272,114
273,158
274,78
275,212
276,161
277,168
278,144
279,165
280,104
281,214
282,131
283,160
284,165
285,86
286,141
287,140
288,206
289,173
290,209
291,224
292,234
293,183
294,146
295,240
296,161
297,182
298,199
299,221
300,161
301,175
302,196
303,181
304,181
305,230
306,223
307,155
308,189
309,183
310,238
311,112
312,179
313,49
314,132
315,181
316,128
317,227
318,171
319,140
320,152
321,143
322,215
323,234
324,228
325,180
326,222
327,229
328,216
329,114
330,185
331,192
332,246
333,215
334,223
335,199
336,180
337,208
338,90
339,171
340,243
341,151
342,78
343,154
344,135
345,143
346,185
347,168
348,247
349,0
350,242
351,198
352,137
353,102
354,201
355,203
356,195
357,153
358,182
359,199
360,134
361,173
362,181
363,160
364,139
365,186
366,85
367,187
368,203
369,188
370,201
371,178
372,209
373,146
374,139
375,145
376,164
377,162
378,159
379,198
380,135
381,151
382,111
383,144
384,212
385,136
386,131
387,216
388,133
389,226
390,158
391,175
392,228
393,120
394,119
395,240
396,237
397,221
398,225
399,101
400,174
401,131
402,243
403,237
404,196
405,118
406,99
407,151
408,197
409,225
410,241
411,231
412,217
413,117
414,110
415,206
416,236
417,249
418,154
419,179
420,158
421,111
422,159
423,115
424,214
425,233
426,104
427,229
428,198
429,149
430,242
431,227
432,82
433,242
434,177
435,106
436,156
437,208
438,226
439,184
440,109
441,219
442,148
443,90
444,199
445,105
446,177
447,178
448,225
449,213
450,211
451,177
452,256
453,145
454,228
455,171
456,224
457,229
458,208
459,184
460,233
461,123
462,158
463,232
464,245
465,123
466,115
467,185
468,200
469,245
470,32
471,234
472,146
473,139
474,184
475,172
476,240
477,186
478,154
479,245
480,197
481,160
482,200
483,216
484,99
485,229
486,126
487,226
488,249
489,112
490,219
491,243
492,140
493,217
494,100
495,251
496,229
497,226
498,171
499,178
500,223
501,239
502,234
503,209
504,135
505,162
506,213
507,197
508,206
509,217
510,140
511,232
512,216
513,124
514,164
515,244
516,217
517,157
518,238
519,229
520,215
521,167
522,138
523,218
524,183
525,238
526,203
527,112
528,212
529,204
530,185
531,225
532,169
533,241
534,213
535,193
536,215
537,34
538,240
539,194
540,134
541,201
542,110
543,202
544,229
545,192
546,151
547,225
548,211
549,180
550,76
551,202
552,165
553,120
554,247
555,197
556,116
557,181
558,155
559,217
560,233
561,245
562,143
563,221
564,152
565,211
566,118
567,224
568,226
569,196
570,217
571,187
572,203
573,197
574,242
575,154
576,221
577,210
578,192
579,241
580,183
581,244
582,204
583,160
584,195
585,141
586,199
587,158
588,184
589,235
590,190
591,149
592,199
593,155
594,139
595,152
596,195
597,224
598,141
599,137
600,111
601,243
602,128
603,100
604,145
605,232
606,158
607,162
608,179
609,129
610,155
611,193
612,147
613,84
614,229
615,133
616,0
617,185
618,222
619,180
620,88
621,195
622,231
623,176
624,143
625,208
626,182
627,225
628,224
629,154
630,224
631,219
632,124
633,132
634,201
635,214
636,238
637,164
638,86
639,119
640,188
641,165
642,239
643,191
644,205
645,157
646,242
647,193
648,213
649,97
650,133
651,214
652,188
653,226
654,202
655,209
656,154
657,210
658,198
659,217
660,147
661,214
662,197
663,184
664,191
665,193
666,213
667,216
668,128
669,201
670,120
671,162
672,187
673,181
674,241
675,207
676,179
677,161
678,136
679,110
680,223
681,143
682,168
683,216
684,221
685,196
686,142
687,229
688,218
689,202
690,95
691,202
692,57
693,247
694,236
695,187
696,93
697,200
698,146
699,143
700,142
701,236
702,238
703,236
704,109
705,193
706,79
707,183
708,161
709,245
710,109
711,223
712,132
713,212
714,144
715,148
716,135
717,247
718,169
719,79
720,209
721,201
722,165
723,101
724,175
725,36
726,194
727,45
728,113
729,201
730,209
731,111
732,176
733,145
734,238
735,163
736,186
737,183
738,183
739,91
740,182
741,222
742,105
743,242
744,208
745,108
746,184
747,72
748,168
749,212
750,91
751,202
752,175
753,200
754,206
755,221
756,189
757,214
758,242
759,147
760,169
761,252
762,246
763,227
764,228
765,208
766,230
767,98
768,183
769,196
770,239
771,59
772,153
773,203
774,125
775,219
776,191
777,220
778,205
779,244
780,142
781,200
782,118
783,199
784,122
785,194
786,87
787,173
788,127
789,211
790,151
791,121
792,124
793,162
794,232
795,69
796,119
797,242
798,106
799,116
800,232
801,159
802,185
803,224
804,244
805,145
806,118
807,196
808,210
809,148
810,197
811,206
812,180
813,144
814,207
815,200
816,121
817,174
818,235
819,198
820,165
821,164
822,232
823,211
824,192
825,182
826,227
827,143
828,233
829,210
830,234
831,206
832,135
833,226
834,186
835,174
836,198
837,157
838,248
839,227
840,96
841,37
842,196
843,218
844,145
845,112
846,138
847,222
848,211
849,215
850,209
851,39
852,39
853,157
854,179
855,129
856,212
857,244
858,167
859,226
860,198
861,162
862,193
863,155
864,169
865,231
866,218
867,239
868,242
869,244
870,178
871,218
872,222
873,188
874,172
875,223
876,178
877,180
878,192
879,181
880,68
881,189
882,209
883,173
884,182
885,161
886,225
887,245
888,163
889,241
890,211
891,88
892,136
893,211
894,166
895,137
896,174
897,73
898,199
899,216
900,99
901,138
902,182
903,154
904,226
905,147
906,207
907,149
908,123
909,170
910,127
911,228
912,128
913,204
914,145
915,237
916,208
917,140
918,168
919,80
920,194
921,150
922,138
923,120
924,195
925,181
926,183
927,212
928,154
929,190
930,142
931,107
932,166
933,223
934,197
935,181
936,142
937,231
938,162
939,133
940,171
941,208
942,175
943,165
944,198
945,114
946,102
947,129
948,205
949,134
950,125
951,146
952,218
953,223
954,200
955,243
956,193
957,212
958,171
959,0
960,207
961,235
962,109
963,221
964,178
965,125
966,126
967,174
968,127
969,194
970,193
971,166
972,188
973,11
974,194
975,143
976,200
977,143
978,216
979,240
980,194
981,198
982,140
983,148
984,162
985,235
986,193
987,229
988,237
989,140
990,242
991,143
992,175
993,221
994,211
995,214
996,182
997,245
998,133
999,218
1000,215
1001,120
1002,150
1003,240
1004,205
1005,213
1006,98
1007,211
1008,194
1009,122
1010,231
1011,193
1012,175
1013,200
1014,183
1015,221
1016,126
1017,199
1018,214
1019,246
1020,96
1021,247
1022,125
1023,162
1024,141
1025,212
1026,210
1027,85
1028,196
1029,192
1030,234
1031,111
1032,36
1033,167
1034,166
1035,197
1036,235
1037,179
1038,214
1039,183
1040,208
1041,109
1042,217
1043,143
1044,149
1045,216
1046,185
1047,101
1048,232
1049,123
1050,160
1051,197
1052,179
1053,190
1054,184
1055,164
1056,239
1057,171
1058,162
1059,212
1060,223
1061,172
1062,195
1063,175
1064,217
1065,217
1066,164
1067,216
1068,240
1069,203
1070,230
1071,175
1072,104
1073,228
1074,242
1075,182
1076,216
1077,195
1078,170
1079,181
1080,208
1081,149
1082,183
1083,147
1084,186
1085,204
1086,180
1087,115
1088,201
1089,148
1090,222
1091,179
1092,217
1093,194
1094,216
1095,238
1096,43
1097,172
1098,212
1099,228
1100,190
1101,215
1102,238
1103,222
1104,155
1105,219
1106,209
1107,144
1108,213
1109,214
1110,194
1111,154
1112,99
1113,229
1114,215
1115,130
1116,205
1117,140
1118,170
1119,180
1120,198
1121,191
1122,144
1123,99
1124,165
1125,157
1126,245
1127,224
1128,184
1129,206
1130,174
1131,239
1132,172
1133,231
1134,180
1135,207
1136,176
1137,193
1138,249
1139,193
1140,241
1141,139
1142,200
1143,55
1144,135
1145,166
1146,0
1147,250
1148,142
1149,197
1150,10
1151,234
1152,166
1153,159
1154,164
1155,175
1156,157
1157,226
1158,202
1159,203
1160,201
1161,209
1162,54
1163,242
1164,160
1165,242
1166,183
1167,224
1168,242
1169,216
1170,159
1171,190
1172,220
1173,190
1174,219
1175,242
1176,215
1177,161
1178,247
1179,132
1180,179
1181,118
1182,136
1183,125
1184,226
1185,226
1186,205
1187,141
1188,65
1189,170
1190,225
1191,137
1192,233
1193,213
1194,232
1195,249
1196,202
1197,182
1198,154
1199,226
1200,162
1201,248
1202,123
1203,229
1204,206
1205,174
1206,139
1207,176
1208,163
1209,206
1210,169
1211,213
1212,206
1213,198
1214,91
1215,185
1216,117
1217,196
1218,143
1219,250
1220,200
1221,202
1222,93
1223,102
1224,184
1225,53
1226,241
1227,61
1228,167
1229,242
1230,131
1231,50
1232,163
1233,182
1234,132
1235,190
1236,194
1237,189
1238,153
1239,210
1240,183
1241,149
1242,122
1243,232
1244,231
1245,250
1246,226
1247,158
1248,241
1249,190
1250,236
1251,175
1252,188
1253,188
1254,131
1255,123
1256,178
1257,239
1258,169
1259,128
1260,159
1261,216
1262,95
1263,248
1264,190
1265,161
1266,57
1267,119
1268,240
1269,211
1270,234
1271,197
1272,190
1273,227
1274,246
1275,229
1276,168
1277,87
1278,215
1279,251
1280,172
1281,158
1282,233
1283,156
1284,153
1285,54
1286,191
1287,0
1288,159
1289,159
1290,237
1291,223
1292,120
1293,190
1294,131
1295,142
1296,241
1297,74
1298,143
1299,80
1300,247
1301,154
1302,223
1303,103
1304,215
1305,225
1306,225
1307,216
1308,76
1309,173
1310,172
1311,142
1312,108
1313,189
1314,199
1315,218
1316,82
1317,197
1318,134
1319,213
1320,123
1321,137
1322,168
1323,239
1324,68
1325,138
1326,169
1327,115
1328,129
1329,198
1330,161
1331,70
1332,144
1333,179
1334,161
1335,169
1336,140
1337,142
1338,85
1339,215
1340,126
1341,154
1342,221
1343,202
1344,142
1345,111
1346,246
1347,165
1348,202
1349,166
1350,208
1351,19
1352,174
1353,84
1354,207
1355,121
1356,213
1357,191
1358,164
1359,150
1360,180
1361,119
1362,189
1363,48
1364,242
1365,240
1366,178
1367,176
1368,166
1369,119
1370,190
1371,177
1372,133
1373,182
1374,240
1375,231
1376,107
1377,196
1378,110
1379,199
1380,214
1381,136
1382,219
1383,215
1384,219
1385,159
1386,242
1387,190
1388,36
1389,13
1390,108
1391,223
1392,177
1393,123
1394,205
1395,94
1396,142
1397,126
1398,185
1399,165
1400,192
1401,177
1402,136
1403,213
1404,218
1405,147
1406,200
1407,84
1408,125
1409,215
1410,194
1411,203
1412,210
1413,205
1414,218
1415,133
1416,161
1417,125
1418,247
1419,195
1420,170
1421,229
1422,246
1423,123
1424,46
1425,243
1426,99
1427,142
1428,183
1429,188
1430,47
1431,197
1432,214
1433,158
1434,143
1435,231
1436,168
1437,158
1438,235
1439,244
1440,211
1441,115
1442,158
1443,247
1444,138
1445,223
1446,147
1447,159
1448,187
1449,126
1450,78
1451,190
1452,216
1453,111
1454,228
1455,245
1456,190
1457,86
1458,140
1459,171
1460,184
1461,207
1462,60
1463,139
1464,121
1465,164
1466,187
1467,217
1468,231
1469,168
1470,72
1471,163
1472,113
1473,124
1474,180
1475,168
1476,174
1477,98
1478,218
1479,188
1480,198
1481,156
1482,236
1483,227
1484,207
1485,48
1486,244
1487,179
1488,244
1489,228
1490,166
1491,0
1492,219
1493,181
1494,252
1495,232
1496,247
1497,217
1498,235
1499,170
1500,141
1501,197
1502,197
1503,147
1504,137
1505,172
1506,138
1507,140
1508,160
1509,158
1510,107
1511,173
1512,162
1513,148
1514,160
1515,236
1516,197
1517,193
1518,205
1519,99
1520,201
1521,230
1522,164
1523,129
1524,134
1525,211
1526,191
1527,205
1528,174
1529,234
1530,182
1531,130
1532,173
1533,218
1534,143
1535,143
1536,141
1537,176
1538,160
1539,237
1540,165
1541,226
1542,90
1543,216
1544,174
1545,139
1546,192
1547,167
1548,87
1549,187
1550,26
1551,94
1552,157
1553,165
1554,209
1555,136
1556,131
1557,222
1558,190
1559,146
1560,230
1561,121
1562,228
1563,167
1564,140
1565,147
1566,122
1567,171
1568,240
1569,116
1570,189
1571,192
1572,242
1573,236
1574,194
1575,216
1576,138
1577,146
1578,174
1579,231
1580,182
1581,174
1582,81
1583,232
1584,178
1585,169
1586,216
1587,163
1588,195
1589,127
1590,212
1591,197
1592,201
1593,195
1594,191
1595,77
1596,172
1597,154
1598,144
1599,163
1600,223
1601,206
1602,138
1603,170
1604,240
1605,234
1606,209
1607,174
1608,230
1609,206
1610,252
1611,159
1612,209
1613,225
1614,173
1615,163
1616,235
1617,108
1618,185
1619,177
1620,154
1621,216
1622,240
1623,191
1624,220
1625,170
1626,123
1627,119
1628,234
1629,179
1630,169
1631,219
1632,199
1633,193
1634,185
1635,230
1636,198
1637,236
1638,101
1639,224
1640,225
1641,141
1642,191
1643,206
1644,202
1645,206
1646,208
1647,254
1648,254
1649,250
1650,234
1651,245
1652,174
1653,148
1654,143
1655,249
1656,203
1657,173
1658,246
1659,232
1660,234
1661,163
1662,198
1663,217
1664,164
1665,249
1666,178
1667,190
1668,3
1669,104
1670,203
1671,162
1672,251
1673,255
1674,199
1675,247
1676,206
1677,234
1678,187
1679,147
1680,231
1681,164
1682,205
1683,176
1684,166
1685,238
1686,158
1687,232
1688,239
1689,152
1690,133
1691,88
1692,218
1693,182
1694,104
1695,171
1696,202
1697,19
1698,225
1699,249
1700,120
1701,206
1702,146
1703,210
1704,228
1705,198
1706,234
1707,88
1708,136
1709,230
1710,200
1711,180
1712,117
1713,136
1714,63
1715,222
1716,224
1717,159
1718,109
1719,220
1720,166
1721,147
1722,211
1723,43
1724,119
1725,195
1726,238
1727,194
1728,182
1729,142
1730,136
1731,216
1732,166
1733,184
1734,152
1735,187
1736,112
1737,163
1738,173
1739,193
1740,79
1741,125
1742,151
1743,234
1744,250
1745,155
1746,154
1747,89
1748,189
1749,132
1750,109
1751,130
1752,144
1753,112
1754,183
1755,173
1756,215
1757,160
1758,236
1759,203
1760,112
1761,33
1762,227
1763,188
1764,201
1765,113
1766,84
1767,115
1768,233
1769,156
1770,206
1771,72
1772,141
1773,161
1774,79
1775,245
1776,236
1777,139
1778,124
1779,190
1780,186
1781,200
1782,89
1783,31
1784,159
1785,84
1786,123
1787,191
1788,209
1789,113
1790,240
1791,249
1792,161
1793,124
1794,196
1795,204
1796,160
1797,161
1798,215
1799,166
1800,165
1801,218
1802,215
1803,143
1804,221
1805,218
1806,148
1807,173
1808,160
1809,214
1810,134
1811,203
1812,154
1813,249
1814,164
1815,180
1816,182
1817,179
1818,176
1819,113
1820,167
1821,178
1822,146
1823,142
1824,209
1825,154
1826,102
1827,161
1828,200
1829,213
1830,194
1831,234
1832,203
1833,107
1834,80
1835,202
1836,173
1837,150
1838,226
1839,212
1840,227
1841,202
1842,182
1843,154
1844,177
1845,69
1846,79
1847,151
1848,197
1849,133
1850,189
1851,173
1852,201
1853,153
1854,184
1855,173
1856,156
1857,243
1858,178
1859,212
1860,230
1861,144
1862,153
1863,226
1864,246
1865,131
1866,95
1867,239
1868,109
1869,248
1870,237
1871,172
1872,202
1873,177
1874,218
1875,229
1876,151
1877,158
1878,178
1879,176
1880,200
1881,102
1882,236
1883,206
1884,149
1885,205
1886,196
1887,107
1888,180
1889,171
1890,238
1891,112
1892,252
1893,239
1894,195
1895,247
1896,160
1897,147
1898,157
1899,176
1900,86
1901,234
1902,64
1903,202
1904,170
1905,204
1906,29
1907,133
1908,237
1909,164
1910,184
1911,250
1912,202
1913,132
1914,135
1915,241
1916,241
1917,239
1918,230
1919,146
1920,202
1921,191
1922,250
1923,194
1924,104
1925,182
1926,197
1927,146
1928,119
1929,169
1930,161
1931,146
1932,247
1933,165
1934,96
1935,254
1936,203
1937,169
1938,165
1939,159
1940,127
1941,239
1942,246
1943,182
1944,120
1945,165
1946,216
1947,220
1948,236
1949,230
1950,207
1951,196
1952,216
1953,202
1954,150
1955,144
1956,216
1957,183
1958,203
1959,184
1960,215
1961,153
1962,77
1963,159
1964,83
1965,222
1966,234
1967,193
1968,173
1969,247
1970,128
1971,187
1972,233
1973,121
1974,194
1975,204
1976,181
1977,184
1978,182
1979,194
1980,149
1981,223
1982,238
1983,228
1984,180
1985,206
1986,212
1987,253
1988,230
1989,246
1990,173
1991,135
1992,243
1993,227
1994,160
1995,234
1996,85
1997,157
1998,230
1999,206
2000,154
2001,155
2002,165
2003,131
2004,193
2005,163
2006,222
2007,245
2008,58
2009,49
2010,246
2011,140
2012,230
2013,218
2014,144
2015,106
2016,183
2017,249
2018,194
2019,227
2020,245
2021,143
2022,203
2023,245
2024,197
2025,95
2026,216
2027,206
2028,162
2029,74
2030,227
2031,190
2032,101
2033,227
2034,165
2035,206
2036,230
2037,161
2038,243
2039,192
2040,214
2041,124
2042,168
2043,240
2044,152
2045,109
2046,233
2047,59
2048,108
2049,187
2050,216
2051,139
2052,136
2053,152
2054,234
2055,236
2056,38
2057,136
2058,204
2059,237
2060,178
2061,174
2062,163
2063,161
2064,199
2065,203
2066,222
2067,82
2068,122
2069,120
2070,203
2071,241
2072,101
2073,203
2074,212
2075,228
2076,228
2077,205
2078,160
2079,171
2080,210
2081,162
2082,128
2083,171
2084,222
2085,164
2086,179
2087,192
2088,208
2089,233
2090,185
2091,84
2092,238
2093,115
2094,154
2095,235
2096,181
2097,191
2098,161
2099,170
2100,139
2101,176
2102,165
2103,149
2104,220
2105,195
2106,194
2107,174
2108,172
2109,162
2110,239
2111,89
2112,110
2113,110
2114,71
2115,175
2116,128
2117,157
2118,108
2119,245
2120,206
2121,171
2122,182
2123,193
2124,244
2125,62
2126,103
2127,232
2128,198
2129,161
2130,179
2131,234
2132,115
2133,236
2134,143
2135,27
2136,169
2137,171
2138,123
2139,159
2140,134
2141,145
2142,200
2143,201
2144,156
2145,183
2146,107
2147,236
2148,18
2149,169
2150,197
2151,204
2152,140
2153,165
2154,209
2155,158
2156,182
2157,201
2158,210
2159,202
2160,176
2161,196
2162,109
2163,177
2164,188
2165,235
2166,119
2167,58
2168,42
2169,246
2170,240
2171,94
2172,208
2173,191
2174,222
2175,151
2176,187
2177,228
2178,152
2179,217
2180,73
2181,232
2182,57
2183,170
2184,0
2185,188
2186,136
2187,229
2188,226
2189,179
2190,196
2191,66
2192,177
2193,122
2194,214
2195,94
2196,208
2197,132
2198,189
2199,169
2200,210
2201,98
2202,230
2203,168
2204,114
2205,238
2206,114
2207,137
2208,150
2209,105
2210,113
2211,184
2212,166
2213,145
2214,169
2215,224
2216,211
2217,160
2218,56
2219,102
2220,191
2221,137
2222,207
2223,223
2224,146
2225,204
2226,212
2227,95
2228,159
2229,189
2230,250
2231,82
2232,163
2233,229
2234,226
2235,201
2236,124
2237,166
2238,170
2239,207
2240,136
2241,243
2242,198
2243,209
2244,244
2245,211
2246,197
2247,185
2248,72
2249,114
2250,169
2251,208
2252,215
2253,161
2254,142
2255,188
2256,161
2257,30
2258,189
2259,150
2260,192
2261,190
2262,195
2263,211
2264,236
2265,178
2266,161
2267,214
2268,226
2269,119
2270,94
2271,236
2272,171
2273,217
2274,177
2275,214
2276,188
2277,107
2278,27
2279,137
2280,185
2281,164
2282,173
2283,142
2284,80
2285,246
2286,104
2287,200
2288,245
2289,196
2290,149
2291,217
2292,84
2293,185
2294,141
2295,225
2296,168
2297,204
2298,228
2299,105
2300,209
2301,174
2302,203
2303,242
2304,160
2305,144
2306,0
2307,112
2308,202
2309,205
2310,205
2311,169
2312,227
2313,229
2314,190
2315,136
2316,59
2317,158
2318,233
2319,155
2320,226
2321,207
2322,133
2323,197
2324,203
2325,209
2326,128
2327,238
2328,109
2329,236
2330,153
2331,196
2332,196
2333,183
2334,182
2335,226
2336,130
2337,120
2338,218
2339,184
2340,196
2341,195
2342,176
2343,109
2344,198
2345,227
2346,172
2347,199
2348,202
2349,201
2350,166
2351,154
2352,199
2353,172
2354,200
2355,149
2356,122
2357,140
2358,213
2359,155
2360,120
2361,92
2362,200
2363,86
2364,198
2365,109
2366,244
2367,109
2368,206
2369,239
2370,154
2371,0
2372,238
2373,179
2374,138
2375,58
2376,208
2377,119
2378,82
2379,222
2380,144
2381,191
2382,174
2383,204
2384,20
2385,141
2386,209
2387,213
2388,117
2389,147
2390,211
2391,201
2392,165
2393,178
2394,82
2395,166
2396,218
2397,144
2398,211
2399,201
