0,45
1,243
2,226
3,182
4,221
5,143
6,205
7,71
8,193
9,122
10,129
11,179
12,228
13,225
14,251
15,137
16,145
17,219
18,173
19,101
20,126
21,163
22,140
23,190
24,28
25,115
26,184
27,151
28,133
29,213
30,221
31,150
32,161
33,156
34,109
35,27
36,223
37,186
38,222
39,244
40,145
41,222
42,163
43,136
44,151
45,238
46,222
47,205
48,141
49,95
50,171
51,145
52,240
53,243
54,205
55,173
56,197
57,153
58,171
59,137
60,88
61,174
62,130
63,204
64,213
65,93
66,204
67,172
68,125
69,129
70,122
71,197
72,201
73,208
74,135
75,132
76,143
77,137
78,176
79,206
80,220
81,162
82,198
83,200
84,191
85,132
86,196
87,247
88,214
89,207
90,123
91,141
92,79
93,225
94,157
95,191
96,101
97,131
98,197
99,222
100,167
101,238
102,185
103,224
104,109
105,161
106,194
107,174
108,190
109,130
110,229
111,174
112,218
113,0
114,212
115,165
116,117
117,147
118,211
119,198
120,204
121,0
122,184
123,229
124,209
125,135
126,181
127,194
128,158
129,83
130,160
131,193
132,209
133,75
134,193
135,158
136,109
137,218
138,188
139,197
140,135
141,219
142,72
143,190
144,205
145,184
146,186
147,206
148,96
149,217
150,123
151,131
152,161
153,168
154,149
155,230
156,241
157,148
158,204
159,189
160,204
161,162
162,80
163,143
164,227
165,234
166,148
167,219
168,157
169,220
170,201
171,170
172,150
173,236
174,117
175,141
176,191
177,107
178,153
179,195
180,147
181,154
182,36
183,94
184,184
185,168
186,142
187,211
188,70
189,171
190,100
191,238
192,170
193,133
194,147
195,206
196,154
197,217
198,243
199,177
200,137
201,217
202,225
203,199
204,166
205,187
206,179
207,179
208,200
209,226
210,145
211,208
212,207
213,213
214,200
215,190
216,201
217,45
218,176
219,204
220,213
221,181
222,245
223,169
224,185
225,219
226,166
227,242
228,210
229,213
230,114
231,192
232,121
233,135
234,108
235,86
236,187
237,145
238,152
239,234
240,166
241,128
242,239
243,209
244,162
245,214
246,196
247,67
248,215
249,171
250,191
251,161
252,156
253,122
254,184
255,176
256,212
257,153
258,182
259,236
260,219
261,93
262,161
263,197
264,133
265,185
266,142
267,179
268,152
269,220
270,238
271,94
272,123
273,158
274,109
275,215
276,166
277,169
278,169
279,152
280,102
281,238
282,117
283,165
284,192
285,65
286,141
287,146
288,193
289,186
290,193
291,230
292,224
293,192
294,171
295,232
296,166
297,187
298,208
299,216
300,191
301,166
302,209
303,175
304,206
305,227
306,231
307,127
308,205
309,176
310,235
311,115
312,180
313,124
314,147
315,155
316,182
317,224
318,149
319,73
320,139
321,119
322,199
323,230
324,225
325,172
326,201
327,238
328,229
329,131
330,155
331,175
332,246
333,212
334,214
335,187
336,161
337,203
338,151
339,207
340,241
341,139
342,55
343,144
344,130
345,152
346,155
347,160
348,247
349,90
350,248
351,201
352,126
353,100
354,203
355,204
356,185
357,162
358,197
359,157
360,123
361,149
362,200
363,154
364,147
365,205
366,70
367,204
368,213
369,181
370,219
371,194
372,237
373,128
374,119
375,174
376,163
377,166
378,144
379,192
380,157
381,156
382,96
383,156
384,232
385,131
386,105
387,228
388,110
389,239
390,161
391,178
392,225
393,104
394,135
395,240
396,237
397,201
398,237
399,135
400,162
401,111
402,237
403,243
404,187
405,128
406,107
407,183
408,191
409,227
410,239
411,231
412,209
413,126
414,150
415,197
416,235
417,249
418,159
419,168
420,149
421,137
422,177
423,115
424,208
425,226
426,114
427,227
428,180
429,139
430,238
431,218
432,81
433,227
434,158
435,103
436,154
437,208
438,198
439,200
440,139
441,227
442,136
443,71
444,179
445,112
446,191
447,198
448,220
449,207
450,203
451,146
452,243
453,133
454,229
455,147
456,214
457,222
458,209
459,207
460,230
461,128
462,155
463,228
464,244
465,132
466,113
467,180
468,193
469,246
470,83
471,233
472,148
473,124
474,171
475,152
476,240
477,174
478,132
479,245
480,188
481,146
482,190
483,206
484,100
485,222
486,129
487,224
488,249
489,108
490,222
491,234
492,152
493,211
494,110
495,251
496,216
497,232
498,181
499,177
500,190
501,235
502,234
503,237
504,154
505,209
506,188
507,180
508,202
509,210
510,117
511,201
512,212
513,129
514,165
515,245
516,227
517,159
518,224
519,224
520,213
521,156
522,123
523,235
524,176
525,234
526,174
527,140
528,204
529,208
530,240
531,222
532,164
533,212
534,219
535,175
536,224
537,172
538,240
539,216
540,160
541,170
542,127
543,200
544,228
545,181
546,141
547,233
548,207
549,174
550,147
551,196
552,136
553,173
554,246
555,172
556,156
557,212
558,136
559,232
560,214
561,246
562,140
563,225
564,140
565,201
566,133
567,219
568,210
569,169
570,193
571,234
572,196
573,180
574,239
575,147
576,223
577,243
578,177
579,242
580,204
581,244
582,196
583,159
584,184
585,158
586,179
587,198
588,183
589,226
590,221
591,147
592,204
593,164
594,131
595,136
596,204
597,239
598,147
599,134
600,135
601,241
602,90
603,100
604,139
605,234
606,161
607,157
608,198
609,115
610,132
611,186
612,201
613,70
614,219
615,134
616,4
617,172
618,236
619,190
620,66
621,178
622,225
623,164
624,135
625,194
626,176
627,209
628,227
629,152
630,222
631,223
632,116
633,156
634,204
635,209
636,237
637,173
638,130
639,111
640,212
641,174
642,234
643,187
644,188
645,140
646,238
647,180
648,207
649,69
650,133
651,205
652,202
653,223
654,188
655,204
656,141
657,202
658,185
659,214
660,131
661,207
662,173
663,173
664,188
665,183
666,230
667,215
668,147
669,214
670,124
671,153
672,183
673,182
674,241
675,201
676,204
677,157
678,144
679,96
680,215
681,130
682,151
683,205
684,218
685,203
686,155
687,225
688,210
689,182
690,97
691,213
692,80
693,247
694,237
695,168
696,111
697,184
698,140
699,143
700,137
701,226
702,233
703,244
704,133
705,200
706,69
707,179
708,147
709,239
710,153
711,227
712,115
713,225
714,168
715,136
716,165
717,248
718,201
719,86
720,209
721,186
722,165
723,93
724,193
725,97
726,188
727,0
728,120
729,218
730,211
731,101
732,175
733,186
734,239
735,179
736,220
737,151
738,181
739,82
740,174
741,214
742,107
743,242
744,221
745,111
746,197
747,105
748,162
749,196
750,85
751,191
752,196
753,196
754,206
755,230
756,200
757,215
758,240
759,130
760,182
761,252
762,244
763,226
764,223
765,218
766,237
767,168
768,214
769,185
770,235
771,79
772,148
773,183
774,150
775,243
776,191
777,237
778,201
779,241
780,157
781,207
782,109
783,190
784,138
785,194
786,110
787,168
788,113
789,221
790,191
791,157
792,106
793,213
794,228
795,101
796,102
797,240
798,104
799,115
800,233
801,148
802,187
803,238
804,243
805,130
806,144
807,198
808,207
809,189
810,215
811,212
812,177
813,156
814,212
815,212
816,121
817,173
818,225
819,191
820,162
821,168
822,230
823,208
824,193
825,173
826,226
827,136
828,243
829,210
830,241
831,208
832,121
833,220
834,170
835,164
836,194
837,155
838,248
839,229
840,71
841,100
842,159
843,217
844,152
845,143
846,153
847,239
848,196
849,217
850,203
851,95
852,146
853,172
854,184
855,139
856,194
857,245
858,160
859,223
860,219
861,159
862,204
863,166
864,156
865,232
866,230
867,232
868,241
869,240
870,160
871,209
872,214
873,177
874,154
875,218
876,163
877,188
878,194
879,161
880,105
881,181
882,207
883,180
884,185
885,142
886,220
887,245
888,198
889,239
890,184
891,83
892,113
893,199
894,189
895,171
896,180
897,97
898,192
899,204
900,148
901,141
902,204
903,162
904,228
905,146
906,214
907,134
908,162
909,160
910,111
911,214
912,103
913,213
914,158
915,239
916,194
917,157
918,182
919,53
920,178
921,156
922,135
923,139
924,193
925,178
926,154
927,194
928,122
929,206
930,118
931,116
932,164
933,201
934,180
935,187
936,171
937,225
938,204
939,131
940,183
941,222
942,161
943,163
944,205
945,170
946,152
947,134
948,204
949,135
950,156
951,139
952,215
953,239
954,173
955,241
956,204
957,217
958,162
959,125
960,199
961,226
962,94
963,210
964,167
965,109
966,122
967,184
968,120
969,229
970,231
971,172
972,169
973,69
974,191
975,141
976,197
977,150
978,221
979,241
980,199
981,187
982,134
983,150
984,165
985,237
986,198
987,222
988,233
989,132
990,241
991,152
992,179
993,211
994,222
995,209
996,171
997,238
998,149
999,215
1000,208
1001,146
1002,182
1003,244
1004,219
1005,231
1006,158
1007,195
1008,182
1009,162
1010,225
1011,192
1012,188
1013,193
1014,203
1015,226
1016,122
1017,194
1018,220
1019,245
1020,187
1021,248
1022,125
1023,153
1024,136
1025,218
1026,209
1027,82
1028,197
1029,183
1030,229
1031,154
1032,96
1033,154
1034,196
1035,197
1036,232
1037,172
1038,226
1039,183
1040,184
1041,141
1042,207
1043,153
1044,140
1045,217
1046,196
1047,149
1048,230
1049,134
1050,188
1051,196
1052,203
1053,176
1054,180
1055,175
1056,240
1057,212
1058,180
1059,205
1060,230
1061,160
1062,196
1063,173
1064,230
1065,212
1066,178
1067,231
1068,244
1069,208
1070,226
1071,213
1072,135
1073,227
1074,241
1075,174
1076,221
1077,195
1078,168
1079,167
1080,224
1081,140
1082,189
1083,148
1084,209
1085,221
1086,201
1087,131
1088,196
1089,164
1090,224
1091,188
1092,212
1093,170
1094,223
1095,233
1096,106
1097,212
1098,216
1099,214
1100,206
1101,219
1102,233
1103,222
1104,158
1105,219
1106,210
1107,122
1108,218
1109,205
1110,193
1111,139
1112,168
1113,221
1114,225
1115,139
1116,225
1117,170
1118,192
1119,157
1120,220
1121,201
1122,162
1123,138
1124,164
1125,166
1126,247
1127,216
1128,174
1129,212
1130,190
1131,236
1132,152
1133,233
1134,164
1135,182
1136,211
1137,190
1138,249
1139,185
1140,243
1141,187
1142,194
1143,107
1144,148
1145,133
1146,74
1147,251
1148,159
1149,215
1150,110
1151,226
1152,179
1153,192
1154,164
1155,192
1156,197
1157,200
1158,209
1159,235
1160,148
1161,238
1162,100
1163,248
1164,156
1165,239
1166,165
1167,225
1168,238
1169,210
1170,182
1171,185
1172,207
1173,187
1174,242
1175,248
1176,219
1177,192
1178,247
1179,128
1180,168
1181,137
1182,148
1183,164
1184,219
1185,230
1186,224
1187,190
1188,71
1189,203
1190,204
1191,141
1192,246
1193,199
1194,229
1195,248
1196,190
1197,186
1198,156
1199,230
1200,165
1201,247
1202,127
1203,205
1204,204
1205,188
1206,141
1207,189
1208,128
1209,205
1210,190
1211,216
1212,210
1213,215
1214,84
1215,190
1216,148
1217,199
1218,141
1219,250
1220,201
1221,219
1222,58
1223,111
1224,186
1225,65
1226,234
1227,96
1228,162
1229,242
1230,117
1231,118
1232,158
1233,181
1234,147
1235,179
1236,191
1237,184
1238,179
1239,212
1240,183
1241,150
1242,103
1243,231
1244,231
1245,248
1246,226
1247,132
1248,237
1249,175
1250,236
1251,174
1252,175
1253,184
1254,121
1255,138
1256,199
1257,237
1258,160
1259,141
1260,163
1261,216
1262,121
1263,245
1264,191
1265,159
1266,78
1267,103
1268,237
1269,207
1270,232
1271,187
1272,194
1273,219
1274,238
1275,222
1276,170
1277,98
1278,211
1279,251
1280,217
1281,166
1282,235
1283,162
1284,183
1285,68
1286,194
1287,0
1288,154
1289,189
1290,237
1291,224
1292,100
1293,204
1294,126
1295,151
1296,242
1297,102
1298,182
1299,112
1300,237
1301,170
1302,242
1303,151
1304,206
1305,229
1306,222
1307,230
1308,90
1309,166
1310,157
1311,184
1312,136
1313,226
1314,236
1315,221
1316,77
1317,192
1318,124
1319,211
1320,153
1321,123
1322,182
1323,243
1324,99
1325,160
1326,141
1327,97
1328,139
1329,220
1330,186
1331,92
1332,144
1333,166
1334,167
1335,173
1336,140
1337,131
1338,69
1339,209
1340,105
1341,205
1342,220
1343,203
1344,125
1345,118
1346,247
1347,129
1348,211
1349,174
1350,234
1351,72
1352,196
1353,18
1354,226
1355,96
1356,219
1357,200
1358,183
1359,167
1360,230
1361,144
1362,174
1363,75
1364,242
1365,244
1366,174
1367,178
1368,161
1369,126
1370,226
1371,198
1372,85
1373,147
1374,240
1375,242
1376,132
1377,199
1378,176
1379,226
1380,214
1381,122
1382,207
1383,231
1384,215
1385,84
1386,235
1387,215
1388,65
1389,53
1390,87
1391,223
1392,171
1393,172
1394,201
1395,131
1396,134
1397,86
1398,185
1399,177
1400,184
1401,206
1402,139
1403,217
1404,223
1405,143
1406,203
1407,141
1408,146
1409,215
1410,166
1411,211
1412,223
1413,210
1414,230
1415,123
1416,157
1417,138
1418,241
1419,200
1420,163
1421,224
1422,243
1423,133
1424,129
1425,234
1426,56
1427,132
1428,195
1429,190
1430,114
1431,187
1432,206
1433,144
1434,136
1435,239
1436,166
1437,144
1438,229
1439,241
1440,232
1441,93
1442,166
1443,233
1444,193
1445,225
1446,172
1447,165
1448,193
1449,109
1450,117
1451,195
1452,206
1453,107
1454,231
1455,245
1456,178
1457,96
1458,175
1459,162
1460,203
1461,226
1462,76
1463,159
1464,106
1465,185
1466,196
1467,224
1468,232
1469,157
1470,117
1471,179
1472,149
1473,155
1474,202
1475,195
1476,199
1477,104
1478,218
1479,176
1480,194
1481,148
1482,236
1483,230
1484,217
1485,116
1486,246
1487,171
1488,243
1489,212
1490,205
1491,53
1492,222
1493,202
1494,250
1495,227
1496,248
1497,230
1498,207
1499,177
1500,149
1501,209
1502,185
1503,162
1504,142
1505,169
1506,165
1507,118
1508,182
1509,182
1510,122
1511,189
1512,151
1513,104
1514,141
1515,234
1516,193
1517,215
1518,226
1519,110
1520,194
1521,238
1522,189
1523,100
1524,129
1525,222
1526,207
1527,207
1528,194
1529,211
1530,180
1531,117
1532,197
1533,231
1534,138
1535,120
1536,144
1537,161
1538,146
1539,220
1540,186
1541,233
1542,76
1543,210
1544,173
1545,147
1546,175
1547,169
1548,87
1549,189
1550,66
1551,102
1552,149
1553,199
1554,188
1555,165
1556,133
1557,230
1558,184
1559,170
1560,234
1561,130
1562,242
1563,171
1564,147
1565,170
1566,121
1567,178
1568,239
1569,123
1570,192
1571,183
1572,244
1573,238
1574,212
1575,246
1576,135
1577,170
1578,95
1579,233
1580,206
1581,180
1582,114
1583,234
1584,180
1585,189
1586,205
1587,148
1588,186
1589,141
1590,238
1591,225
1592,212
1593,200
1594,188
1595,64
1596,169
1597,133
1598,132
1599,137
1600,224
1601,194
1602,155
1603,178
1604,240
1605,225
1606,196
1607,161
1608,238
1609,197
1610,252
1611,170
1612,205
1613,223
1614,187
1615,147
1616,235
1617,174
1618,202
1619,185
1620,184
1621,214
1622,240
1623,181
1624,208
1625,192
1626,133
1627,92
1628,229
1629,174
1630,165
1631,226
1632,200
1633,198
1634,185
1635,230
1636,194
1637,232
1638,90
1639,215
1640,225
1641,176
1642,211
1643,195
1644,218
1645,214
1646,217
1647,253
1648,254
1649,248
1650,236
1651,242
1652,177
1653,140
1654,152
1655,248
1656,203
1657,175
1658,246
1659,217
1660,234
1661,160
1662,199
1663,218
1664,162
1665,248
1666,151
1667,195
1668,100
1669,185
1670,205
1671,185
1672,251
1673,255
1674,205
1675,246
1676,221
1677,233
1678,173
1679,178
1680,218
1681,161
1682,218
1683,179
1684,166
1685,238
1686,173
1687,230
1688,238
1689,146
1690,129
1691,127
1692,228
1693,174
1694,116
1695,182
1696,194
1697,63
1698,226
1699,246
1700,130
1701,226
1702,160
1703,230
1704,223
1705,201
1706,230
1707,120
1708,170
1709,231
1710,194
1711,226
1712,138
1713,153
1714,70
1715,226
1716,231
1717,186
1718,93
1719,220
1720,171
1721,140
1722,206
1723,47
1724,122
1725,191
1726,239
1727,178
1728,179
1729,155
1730,182
1731,223
1732,162
1733,217
1734,148
1735,209
1736,141
1737,163
1738,196
1739,218
1740,97
1741,170
1742,146
1743,233
1744,250
1745,157
1746,143
1747,116
1748,191
1749,185
1750,101
1751,160
1752,151
1753,103
1754,186
1755,216
1756,223
1757,146
1758,236
1759,202
1760,103
1761,59
1762,228
1763,179
1764,214
1765,144
1766,138
1767,149
1768,231
1769,156
1770,204
1771,121
1772,146
1773,173
1774,100
1775,245
1776,242
1777,164
1778,112
1779,182
1780,209
1781,199
1782,136
1783,60
1784,209
1785,130
1786,115
1787,218
1788,210
1789,132
1790,236
1791,247
1792,207
1793,134
1794,195
1795,238
1796,151
1797,193
1798,224
1799,214
1800,183
1801,227
1802,228
1803,127
1804,225
1805,218
1806,197
1807,211
1808,183
1809,224
1810,189
1811,207
1812,165
1813,241
1814,158
1815,175
1816,198
1817,182
1818,172
1819,86
1820,177
1821,207
1822,181
1823,136
1824,198
1825,157
1826,120
1827,193
1828,203
1829,226
1830,213
1831,235
1832,214
1833,166
1834,105
1835,216
1836,168
1837,156
1838,239
1839,213
1840,242
1841,222
1842,215
1843,151
1844,163
1845,70
1846,104
1847,159
1848,230
1849,157
1850,182
1851,200
1852,207
1853,155
1854,176
1855,144
1856,208
1857,245
1858,192
1859,206
1860,228
1861,144
1862,172
1863,232
1864,246
1865,136
1866,166
1867,241
1868,143
1869,247
1870,240
1871,220
1872,203
1873,209
1874,226
1875,227
1876,158
1877,170
1878,187
1879,172
1880,235
1881,178
1882,245
1883,218
1884,156
1885,217
1886,194
1887,132
1888,171
1889,166
1890,238
1891,88
1892,252
1893,237
1894,201
1895,245
1896,145
1897,173
1898,186
1899,163
1900,126
1901,224
1902,107
1903,203
1904,164
1905,198
1906,73
1907,165
1908,219
1909,148
1910,193
1911,247
1912,188
1913,135
1914,114
1915,239
1916,220
1917,238
1918,232
1919,145
1920,186
1921,183
1922,245
1923,199
1924,99
1925,172
1926,210
1927,170
1928,141
1929,166
1930,92
1931,151
1932,245
1933,166
1934,154
1935,254
1936,210
1937,186
1938,190
1939,169
1940,132
1941,240
1942,243
1943,184
1944,118
1945,150
1946,218
1947,221
1948,222
1949,232
1950,168
1951,178
1952,200
1953,189
1954,142
1955,166
1956,210
1957,184
1958,203
1959,202
1960,220
1961,137
1962,100
1963,134
1964,79
1965,221
1966,225
1967,196
1968,208
1969,240
1970,122
1971,178
1972,225
1973,112
1974,191
1975,188
1976,180
1977,168
1978,174
1979,203
1980,149
1981,230
1982,230
1983,233
1984,178
1985,207
1986,199
1987,253
1988,228
1989,244
1990,193
1991,135
1992,237
1993,225
1994,153
1995,231
1996,78
1997,142
1998,229
1999,205
2000,155
2001,132
2002,134
2003,112
2004,188
2005,181
2006,221
2007,237
2008,96
2009,78
2010,246
2011,121
2012,231
2013,204
2014,148
2015,143
2016,177
2017,248
2018,194
2019,225
2020,245
2021,139
2022,198
2023,246
2024,188
2025,101
2026,201
2027,196
2028,160
2029,123
2030,226
2031,203
2032,75
2033,216
2034,154
2035,205
2036,224
2037,144
2038,240
2039,179
2040,201
2041,133
2042,177
2043,237
2044,136
2045,103
2046,226
2047,92
2048,89
2049,167
2050,207
2051,160
2052,124
2053,150
2054,237
2055,235
2056,44
2057,118
2058,203
2059,244
2060,172
2061,172
2062,181
2063,145
2064,201
2065,196
2066,225
2067,123
2068,122
2069,110
2070,201
2071,242
2072,113
2073,219
2074,206
2075,220
2076,226
2077,210
2078,168
2079,181
2080,205
2081,154
2082,137
2083,194
2084,210
2085,163
2086,177
2087,190
2088,242
2089,235
2090,179
2091,66
2092,229
2093,114
2094,152
2095,234
2096,186
2097,191
2098,163
2099,161
2100,97
2101,174
2102,170
2103,163
2104,215
2105,183
2106,181
2107,142
2108,178
2109,154
2110,229
2111,103
2112,183
2113,150
2114,94
2115,222
2116,105
2117,151
2118,156
2119,246
2120,196
2121,209
2122,154
2123,166
2124,244
2125,60
2126,172
2127,220
2128,225
2129,64
2130,145
2131,239
2132,66
2133,219
2134,143
2135,73
2136,205
2137,145
2138,178
2139,68
2140,114
2141,112
2142,192
2143,213
2144,158
2145,181
2146,81
2147,239
2148,106
2149,96
2150,150
2151,202
2152,118
2153,160
2154,207
2155,201
2156,178
2157,190
2158,230
2159,196
2160,124
2161,146
2162,150
2163,168
2164,178
2165,227
2166,154
2167,20
2168,133
2169,237
2170,243
2171,108
2172,211
2173,174
2174,216
2175,204
2176,177
2177,228
2178,129
2179,239
2180,124
2181,236
2182,49
2183,166
2184,79
2185,210
2186,119
2187,227
2188,231
2189,142
2190,210
2191,28
2192,201
2193,126
2194,200
2195,103
2196,200
2197,120
2198,224
2199,183
2200,190
2201,92
2202,208
2203,140
2204,109
2205,235
2206,115
2207,132
2208,165
2209,94
2210,123
2211,161
2212,173
2213,132
2214,162
2215,219
2216,214
2217,148
2218,78
2219,89
2220,179
2221,126
2222,193
2223,207
2224,142
2225,172
2226,219
2227,127
2228,166
2229,206
2230,248
2231,104
2232,139
2233,220
2234,224
2235,214
2236,131
2237,163
2238,167
2239,201
2240,152
2241,240
2242,201
2243,207
2244,241
2245,196
2246,196
2247,177
2248,35
2249,118
2250,185
2251,190
2252,229
2253,162
2254,146
2255,207
2256,197
2257,110
2258,191
2259,142
2260,189
2261,193
2262,187
2263,207
2264,238
2265,167
2266,145
2267,211
2268,228
2269,99
2270,144
2271,231
2272,152
2273,213
2274,181
2275,210
2276,158
2277,96
2278,12
2279,154
2280,203
2281,154
2282,149
2283,149
2284,86
2285,246
2286,84
2287,198
2288,240
2289,199
2290,181
2291,221
2292,68
2293,179
2294,118
2295,241
2296,161
2297,204
2298,228
2299,107
2300,206
2301,150
2302,182
2303,239
2304,171
2305,127
2306,16
2307,80
2308,215
2309,178
2310,209
2311,156
2312,221
2313,226
2314,162
2315,147
2316,76
2317,143
2318,251
2319,118
2320,236
2321,205
2322,141
2323,189
2324,203
2325,214
2326,141
2327,238
2328,151
2329,241
2330,129
2331,184
2332,192
2333,177
2334,173
2335,236
2336,125
2337,127
2338,192
2339,204
2340,219
2341,199
2342,193
2343,152
2344,239
2345,229
2346,173
2347,202
2348,213
2349,215
2350,166
2351,106
2352,194
2353,160
2354,207
2355,166
2356,159
2357,162
2358,202
2359,188
2360,159
2361,159
2362,194
2363,62
2364,211
2365,161
2366,242
2367,116
2368,204
2369,214
2370,182
2371,121
2372,235
2373,184
2374,117
2375,98
2376,214
2377,132
2378,69
2379,242
2380,158
2381,172
2382,152
2383,217
2384,25
2385,173
2386,215
2387,215
2388,139
2389,141
2390,207
2391,196
2392,155
2393,170
2394,82
2395,187
2396,224
2397,149
2398,193
2399,205
