0,187
1,189
2,182
3,216
4,192
5,80
6,198
7,234
8,230
9,148
10,149
11,229
12,207
13,173
14,221
15,175
16,198
17,194
18,243
19,240
20,240
21,134
22,174
23,212
24,243
25,226
26,34
27,72
28,231
29,171
30,16
31,185
32,196
33,236
34,225
35,233
36,236
37,228
38,206
39,231
40,197
41,251
42,189
43,53
44,228
45,219
46,156
47,239
48,147
49,164
50,172
51,223
52,117
53,214
54,182
55,186
56,188
57,187
58,223
59,253
60,231
61,136
62,192
63,229
64,209
65,219
66,250
67,239
68,169
69,159
70,197
71,204
72,175
73,230
74,238
75,166
76,219
77,0
78,199
79,165
80,237
81,239
82,128
83,165
84,216
85,216
86,170
87,204
88,147
89,208
90,181
91,245
92,199
93,152
94,96
95,210
96,217
97,184
98,246
99,203
100,256
101,251
102,177
103,74
104,247
105,219
106,217
107,217
108,181
109,0
110,168
111,195
112,202
113,216
114,248
115,198
116,203
117,209
118,233
119,236
120,154
121,211
122,138
123,77
124,209
125,208
126,237
127,111
128,210
129,164
130,164
131,215
132,223
133,239
134,166
135,187
136,200
137,180
138,74
139,182
140,254
141,233
142,222
143,124
144,163
145,178
146,180
147,185
148,206
149,198
150,121
151,207
152,220
153,202
154,169
155,231
156,250
157,182
158,61
159,122
160,231
161,194
162,228
163,160
164,235
165,43
166,136
167,181
168,164
169,252
170,219
171,166
172,207
173,151
174,241
175,183
176,214
177,201
178,235
179,0
180,158
181,26
182,185
183,219
184,209
185,208
186,232
187,158
188,149
189,233
190,247
191,216
192,109
193,253
194,180
195,235
196,165
197,195
198,159
199,204
200,177
201,215
202,191
203,206
204,253
205,168
206,170
207,204
208,220
209,137
210,168
211,181
212,243
213,235
214,114
215,177
216,214
217,194
218,223
219,172
220,134
221,235
222,209
223,123
224,230
225,252
226,245
227,190
228,214
229,226
230,164
231,165
232,236
233,217
234,199
235,217
236,145
237,211
238,143
239,222
240,229
241,162
242,246
243,171
244,238
245,220
246,226
247,251
248,204
249,215
250,191
251,126
252,205
253,206
254,225
255,247
256,254
257,216
258,182
259,179
260,145
261,200
262,230
263,94
264,213
265,210
266,163
267,151
268,190
269,191
270,188
271,209
272,187
273,252
274,207
275,194
276,224
277,111
278,250
279,174
280,101
281,206
282,215
283,209
284,152
285,230
286,183
287,226
288,218
289,211
290,161
291,225
292,183
293,109
294,208
295,164
296,107
297,74
298,160
299,202
300,184
301,192
302,243
303,184
304,235
305,227
306,171
307,216
308,202
309,242
310,223
311,168
312,177
313,248
314,252
315,173
316,101
317,165
318,224
319,173
320,231
321,55
322,175
323,221
324,199
325,233
326,127
327,243
328,210
329,104
330,226
331,250
332,80
333,217
334,228
335,225
336,173
337,217
338,225
339,125
340,131
341,251
342,235
343,212
344,169
345,190
346,133
347,94
348,0
349,76
350,91
351,169
352,142
353,141
354,207
355,222
356,206
357,216
358,229
359,123
360,206
361,188
362,207
363,144
364,229
365,202
366,200
367,239
368,240
369,7
370,166
371,207
372,93
373,160
374,251
375,127
376,205
377,230
378,137
379,224
380,184
381,96
382,143
383,217
384,176
385,252
386,205
387,71
388,168
389,227
390,243
391,169
392,231
393,151
394,182
395,0
396,218
397,216
398,171
399,236
400,105
401,192
402,222
403,179
404,177
405,217
406,225
407,53
408,207
409,231
410,199
411,131
412,223
413,249
414,211
415,135
416,142
417,81
418,214
419,131
420,228
421,181
422,228
423,244
424,209
425,241
426,222
427,93
428,156
429,194
430,230
431,223
432,224
433,244
434,197
435,180
436,168
437,225
438,196
439,224
440,198
441,118
442,201
443,190
444,171
445,185
446,27
447,189
448,133
449,222
450,80
451,206
452,189
453,196
454,213
455,218
456,207
457,246
458,200
459,252
460,240
461,244
462,248
463,180
464,226
465,196
466,179
467,174
468,99
469,167
470,93
471,205
472,200
473,153
474,185
475,245
476,225
477,188
478,226
479,97
480,131
481,248
482,237
483,248
484,154
485,170
486,218
487,50
488,172
489,232
490,185
491,159
492,194
493,47
494,184
495,177
496,227
497,236
498,241
499,240
500,165
501,194
502,227
503,248
504,148
505,242
506,121
507,204
508,151
509,0
510,218
511,233
512,224
513,251
514,159
515,234
516,166
517,174
518,100
519,233
520,59
521,220
522,193
523,89
524,188
525,205
526,218
527,222
528,202
529,230
530,188
531,207
532,64
533,185
534,251
535,106
536,217
537,230
538,141
539,108
540,186
541,243
542,216
543,199
544,227
545,162
546,181
547,149
548,90
549,256
550,179
551,134
552,228
553,150
554,83
555,208
556,0
557,234
558,136
559,192
560,149
561,216
562,191
563,102
564,220
565,174
566,253
567,254
568,209
569,246
570,216
571,127
572,225
573,230
574,213
575,191
576,216
577,93
578,227
579,255
580,198
581,91
582,186
583,251
584,246
585,130
586,191
587,216
588,203
589,113
590,238
591,226
592,252
593,168
594,159
595,228
596,241
597,246
598,160
599,236
600,137
601,216
602,126
603,217
604,161
605,155
606,189
607,200
608,208
609,132
610,218
611,250
612,194
613,248
614,19
615,253
616,139
617,151
618,121
619,123
620,199
621,221
622,140
623,230
624,170
625,181
626,221
627,197
628,219
629,158
630,207
631,199
632,233
633,215
634,209
635,206
636,182
637,93
638,76
639,225
640,37
641,162
642,190
643,130
644,241
645,227
646,239
647,215
648,190
649,196
650,183
651,250
652,109
653,143
654,0
655,211
656,144
657,247
658,237
659,82
660,219
661,211
662,181
663,197
664,216
665,84
666,234
667,89
668,215
669,90
670,194
671,226
672,32
673,231
674,202
675,224
676,148
677,166
678,205
679,229
680,240
681,152
682,245
683,158
684,211
685,222
686,157
687,185
688,206
689,40
690,246
691,230
692,210
693,210
694,131
695,225
696,116
697,236
698,6
699,169
700,214
701,220
702,128
703,255
704,184
705,223
706,110
707,245
708,54
709,143
710,246
711,250
712,252
713,224
714,127
715,183
716,193
717,226
718,161
719,111
720,137
721,226
722,83
723,213
724,215
725,190
726,128
727,254
728,48
729,201
730,205
731,0
732,235
733,98
734,237
735,149
736,170
737,203
738,220
739,175
740,226
741,215
742,33
743,127
744,194
745,157
746,112
747,254
748,196
749,241
750,175
751,4
752,211
753,133
754,250
755,37
756,230
757,209
758,178
759,233
760,192
761,118
762,232
763,227
764,179
765,240
766,176
767,217
768,149
769,200
770,168
771,224
772,159
773,219
774,208
775,120
776,202
777,223
778,196
779,99
780,222
781,181
782,100
783,242
784,209
785,251
786,239
787,98
788,69
789,217
790,252
791,90
792,190
793,238
794,191
795,232
796,185
797,189
798,233
799,256
800,141
801,231
802,223
803,140
804,176
805,228
806,228
807,204
808,248
809,223
810,208
811,106
812,185
813,229
814,180
815,209
816,204
817,124
818,127
819,194
820,253
821,218
822,0
823,212
824,228
825,194
826,189
827,234
828,211
829,226
830,209
831,200
832,196
833,109
834,156
835,109
836,186
837,132
838,148
839,164
840,231
841,229
842,234
843,224
844,205
845,235
846,108
847,209
848,231
849,177
850,215
851,192
852,179
853,249
854,144
855,163
856,67
857,243
858,180
859,138
860,236
861,200
862,187
863,219
864,171
865,164
866,212
867,237
868,148
869,229
870,194
871,226
872,219
873,206
874,243
875,242
876,193
877,225
878,190
879,199
880,246
881,152
882,0
883,224
884,190
885,223
886,139
887,225
888,191
889,61
890,248
891,205
892,211
893,195
894,160
895,253
896,238
897,228
898,153
899,174
900,150
901,195
902,210
903,148
904,68
905,193
906,142
907,11
908,192
909,221
910,229
911,205
912,104
913,201
914,243
915,207
916,135
917,180
918,158
919,193
920,213
921,182
922,194
923,245
924,233
925,166
926,229
927,161
928,240
929,225
930,229
931,235
932,170
933,238
934,175
935,243
936,230
937,147
938,0
939,250
940,238
941,208
942,116
943,187
944,209
945,237
946,204
947,156
948,201
949,256
950,182
951,235
952,174
953,238
954,241
955,152
956,233
957,242
958,216
959,203
960,204
961,251
962,250
963,145
964,197
965,200
966,249
967,253
968,226
969,171
970,224
971,149
972,171
973,141
974,158
975,145
976,226
977,179
978,225
979,238
980,95
981,255
982,171
983,225
984,241
985,116
986,0
987,243
988,151
989,177
990,150
991,133
992,128
993,222
994,202
995,175
996,206
997,220
998,189
999,250
1000,239
1001,180
1002,250
1003,93
1004,193
1005,189
1006,161
1007,190
1008,152
1009,96
1010,105
1011,187
1012,247
1013,202
1014,229
1015,197
1016,211
1017,222
1018,194
1019,214
1020,216
1021,110
1022,236
1023,183
1024,122
1025,254
1026,192
1027,220
1028,249
1029,166
1030,181
1031,93
1032,80
1033,244
1034,186
1035,248
1036,71
1037,46
1038,206
1039,117
1040,189
1041,171
1042,170
1043,209
1044,128
1045,202
1046,191
1047,180
1048,180
1049,168
1050,226
1051,251
1052,215
1053,179
1054,135
1055,149
1056,185
1057,242
1058,80
1059,203
1060,213
1061,148
1062,218
1063,219
1064,200
1065,234
1066,66
1067,225
1068,221
1069,249
1070,252
1071,171
1072,139
1073,202
1074,75
1075,254
1076,222
1077,251
1078,202
1079,244
1080,171
1081,211
1082,144
1083,184
1084,226
1085,186
1086,156
1087,172
1088,89
1089,190
1090,113
1091,197
1092,67
1093,105
1094,106
1095,223
1096,137
1097,135
1098,142
1099,205
1100,218
1101,236
1102,133
1103,165
1104,240
1105,149
1106,188
1107,250
1108,229
1109,228
1110,254
1111,232
1112,249
1113,239
1114,148
1115,221
1116,182
1117,147
1118,187
1119,199
1120,230
1121,120
1122,172
1123,162
1124,133
1125,234
1126,0
1127,181
1128,84
1129,208
1130,249
1131,256
1132,215
1133,234
1134,64
1135,198
1136,176
1137,169
1138,206
1139,91
1140,240
1141,239
1142,238
1143,119
1144,128
1145,186
1146,185
1147,213
1148,164
1149,154
1150,0
1151,241
1152,117
1153,209
1154,243
1155,152
1156,252
1157,236
1158,219
1159,244
1160,181
1161,223
1162,176
1163,232
1164,132
1165,166
1166,237
1167,193
1168,155
1169,166
1170,238
1171,187
1172,185
1173,199
1174,191
1175,222
1176,142
1177,221
1178,195
1179,244
1180,129
1181,156
1182,160
1183,207
1184,157
1185,242
1186,256
1187,102
1188,27
1189,217
1190,236
1191,234
1192,198
1193,250
1194,247
1195,233
1196,145
1197,174
1198,173
1199,42
1200,66
1201,255
1202,218
1203,234
1204,102
1205,234
1206,221
1207,226
1208,166
1209,235
1210,208
1211,204
1212,219
1213,17
1214,247
1215,0
1216,229
1217,0
1218,182
1219,244
1220,244
1221,170
1222,133
1223,219
1224,124
1225,73
1226,202
1227,168
1228,0
1229,147
1230,174
1231,173
1232,180
1233,243
1234,64
1235,101
1236,136
1237,100
1238,205
1239,243
1240,173
1241,210
1242,200
1243,207
1244,169
1245,113
1246,255
1247,244
1248,168
1249,210
1250,185
1251,180
1252,171
1253,244
1254,219
1255,215
1256,216
1257,164
1258,212
1259,247
1260,234
1261,239
1262,130
1263,252
1264,201
1265,193
1266,168
1267,205
1268,195
1269,241
1270,202
1271,219
1272,218
1273,215
1274,87
1275,173
1276,97
1277,206
1278,225
1279,190
1280,165
1281,192
1282,135
1283,208
1284,244
1285,53
1286,184
1287,72
1288,165
1289,208
1290,144
1291,117
1292,210
1293,102
1294,212
1295,189
1296,238
1297,239
1298,184
1299,250
1300,81
1301,237
1302,211
1303,196
1304,206
1305,111
1306,103
1307,195
1308,138
1309,155
1310,190
1311,207
1312,210
1313,160
1314,217
1315,256
1316,213
1317,171
1318,161
1319,124
1320,200
1321,108
1322,198
1323,244
1324,36
1325,172
1326,176
1327,251
1328,187
1329,222
1330,186
1331,190
1332,255
1333,219
1334,238
1335,178
1336,158
1337,138
1338,192
1339,189
1340,246
1341,254
1342,203
1343,220
1344,237
1345,223
1346,201
1347,253
1348,167
1349,181
1350,226
1351,240
1352,177
1353,225
1354,231
1355,42
1356,177
1357,133
1358,187
1359,65
1360,235
1361,244
1362,217
1363,192
1364,162
1365,179
1366,61
1367,223
1368,154
1369,235
1370,240
1371,186
1372,252
1373,170
1374,189
1375,171
1376,196
1377,215
1378,50
1379,186
1380,212
1381,184
1382,188
1383,234
1384,27
1385,155
1386,153
1387,209
1388,56
1389,246
1390,216
1391,205
1392,112
1393,242
1394,217
1395,231
1396,190
1397,240
1398,148
1399,222
1400,148
1401,203
1402,174
1403,157
1404,174
1405,181
1406,255
1407,0
1408,123
1409,125
1410,204
1411,229
1412,229
1413,227
1414,188
1415,232
1416,49
1417,227
1418,149
1419,27
1420,227
1421,225
1422,191
1423,256
1424,173
1425,190
1426,232
1427,166
1428,176
1429,188
1430,228
1431,164
1432,166
1433,235
1434,195
1435,154
1436,239
1437,225
1438,130
1439,218
1440,216
1441,246
1442,152
1443,250
1444,181
1445,234
1446,225
1447,218
1448,226
1449,204
1450,186
1451,155
1452,237
1453,129
1454,224
1455,224
1456,240
1457,173
1458,212
1459,177
1460,82
1461,198
1462,233
1463,215
1464,69
1465,220
1466,248
1467,207
1468,141
1469,201
1470,123
1471,240
1472,208
1473,213
1474,0
1475,204
1476,123
1477,196
1478,185
1479,210
1480,215
1481,0
1482,228
1483,104
1484,210
1485,195
1486,187
1487,251
1488,186
1489,214
1490,193
1491,250
1492,173
1493,251
1494,109
1495,234
1496,231
1497,195
1498,150
1499,203
1500,62
1501,216
1502,120
1503,165
1504,169
1505,124
1506,12
1507,225
1508,245
1509,187
1510,93
1511,240
1512,109
1513,149
1514,227
1515,167
1516,198
1517,194
1518,232
1519,212
1520,210
1521,216
1522,238
1523,249
1524,142
1525,212
1526,224
1527,174
1528,178
1529,182
1530,176
1531,224
1532,129
1533,0
1534,160
1535,206
1536,230
1537,174
1538,140
1539,235
1540,173
1541,247
1542,250
1543,216
1544,180
1545,146
1546,237
1547,160
1548,155
1549,164
1550,133
1551,104
1552,223
1553,229
1554,95
1555,227
1556,48
1557,210
1558,211
1559,179
1560,180
1561,176
1562,255
1563,181
1564,239
1565,113
1566,240
1567,235
1568,213
1569,162
1570,243
1571,244
1572,203
1573,225
1574,167
1575,199
1576,186
1577,234
1578,193
1579,228
1580,230
1581,237
1582,170
1583,202
1584,113
1585,175
1586,239
1587,237
1588,228
1589,188
1590,242
1591,183
1592,160
1593,152
1594,169
1595,233
1596,194
1597,160
1598,194
1599,172
1600,181
1601,170
1602,197
1603,217
1604,193
1605,241
1606,103
1607,231
1608,149
1609,192
1610,100
1611,228
1612,254
1613,197
1614,217
1615,179
1616,161
1617,168
1618,179
1619,224
1620,228
1621,100
1622,170
1623,199
1624,152
1625,184
1626,144
1627,207
1628,223
1629,135
1630,232
1631,237
1632,200
1633,213
1634,25
1635,203
1636,186
1637,209
1638,70
1639,132
1640,174
1641,216
1642,240
1643,109
1644,167
1645,250
1646,108
1647,228
1648,221
1649,200
1650,240
1651,209
1652,141
1653,176
1654,76
1655,239
1656,123
1657,192
1658,76
1659,162
1660,170
1661,249
1662,153
1663,136
1664,193
1665,242
1666,94
1667,172
1668,205
1669,85
1670,222
1671,112
1672,217
1673,93
1674,215
1675,200
1676,212
1677,228
1678,216
1679,56
1680,117
1681,221
1682,218
1683,172
1684,180
1685,209
1686,236
1687,222
1688,248
1689,211
1690,232
1691,63
1692,135
1693,166
1694,165
1695,43
1696,212
1697,145
1698,218
1699,199
1700,216
1701,249
1702,249
1703,244
1704,256
1705,203
1706,246
1707,256
1708,232
1709,236
1710,215
1711,218
1712,158
1713,168
1714,127
1715,178
1716,137
1717,188
1718,218
1719,197
1720,220
1721,167
1722,203
1723,49
1724,256
1725,220
1726,203
1727,228
1728,210
1729,238
1730,149
1731,199
1732,218
1733,42
1734,133
1735,15
1736,203
1737,250
1738,159
1739,244
1740,210
1741,95
1742,254
1743,176
1744,192
1745,171
1746,196
1747,214
1748,211
1749,133
1750,230
1751,162
1752,159
1753,219
1754,244
1755,214
1756,205
1757,191
1758,247
1759,210
1760,83
1761,64
1762,250
1763,197
1764,204
1765,50
1766,250
1767,193
1768,146
1769,219
1770,0
1771,187
1772,0
1773,180
1774,88
1775,162
1776,102
1777,227
1778,121
1779,181
1780,255
1781,164
1782,217
1783,207
1784,95
1785,168
1786,197
1787,237
1788,186
1789,248
1790,188
1791,9
1792,91
1793,200
1794,0
1795,64
1796,205
1797,32
1798,149
1799,193
1800,135
1801,198
1802,178
1803,113
1804,132
1805,168
1806,75
1807,153
1808,208
1809,90
1810,165
1811,218
1812,216
1813,213
1814,162
1815,168
1816,155
1817,68
1818,125
1819,236
1820,222
1821,135
1822,205
1823,231
1824,228
1825,198
1826,224
1827,187
1828,178
1829,63
1830,110
1831,188
1832,199
1833,240
1834,69
1835,201
1836,221
1837,176
1838,215
1839,107
1840,226
1841,168
1842,245
1843,145
1844,252
1845,44
1846,123
1847,219
1848,86
1849,180
1850,234
1851,82
1852,219
1853,205
1854,152
1855,203
1856,179
1857,212
1858,237
1859,192
1860,156
1861,201
1862,116
1863,153
1864,187
1865,211
1866,181
1867,253
1868,211
1869,218
1870,194
1871,170
1872,48
1873,197
1874,217
1875,233
1876,109
1877,201
1878,241
1879,173
1880,138
1881,78
1882,212
1883,165
1884,247
1885,56
1886,77
1887,245
1888,149
1889,171
1890,227
1891,151
1892,150
1893,216
1894,253
1895,210
1896,198
1897,211
1898,191
1899,170
1900,191
1901,244
1902,198
1903,180
1904,195
1905,194
1906,213
1907,217
1908,185
1909,119
1910,206
1911,219
1912,204
1913,93
1914,84
1915,155
1916,222
1917,211
1918,110
1919,182
1920,231
1921,218
1922,213
1923,191
1924,83
1925,198
1926,210
1927,157
1928,179
1929,191
1930,155
1931,255
1932,222
1933,232
1934,218
1935,238
1936,197
1937,213
1938,16
1939,140
1940,163
1941,227
1942,208
1943,176
1944,246
1945,180
1946,139
1947,177
1948,247
1949,94
1950,155
1951,135
1952,204
1953,0
1954,238
1955,105
1956,189
1957,224
1958,178
1959,164
1960,137
1961,64
1962,185
1963,112
1964,0
1965,177
1966,216
1967,195
1968,248
1969,255
1970,233
1971,253
1972,200
1973,121
1974,225
1975,11
1976,215
1977,230
1978,190
1979,244
1980,191
1981,231
1982,232
1983,233
1984,212
1985,140
1986,240
1987,206
1988,243
1989,210
1990,239
1991,180
1992,236
1993,168
1994,51
1995,202
1996,82
1997,181
1998,196
1999,196
2000,200
2001,223
2002,202
2003,215
2004,163
2005,184
2006,205
2007,228
2008,208
2009,223
2010,225
2011,226
2012,224
2013,215
2014,176
2015,163
2016,235
2017,210
2018,198
2019,219
2020,164
2021,235
2022,75
2023,220
2024,196
2025,227
2026,225
2027,152
2028,208
2029,71
2030,254
2031,226
2032,226
2033,235
2034,166
2035,226
2036,134
2037,148
2038,146
2039,198
2040,139
2041,223
2042,0
2043,190
2044,242
2045,112
2046,256
2047,248
2048,204
2049,166
2050,14
2051,157
2052,165
2053,212
2054,219
2055,227
2056,216
2057,220
2058,194
2059,204
2060,127
2061,224
2062,25
2063,0
2064,84
2065,235
2066,205
2067,118
2068,52
2069,111
2070,192
2071,211
2072,184
2073,236
2074,252
2075,242
2076,161
2077,134
2078,245
2079,160
2080,206
2081,233
2082,221
2083,200
2084,215
2085,150
2086,119
2087,177
2088,198
2089,239
2090,124
2091,254
2092,159
2093,235
2094,216
2095,205
2096,242
2097,189
2098,203
2099,137
2100,161
2101,245
2102,183
2103,162
2104,203
2105,72
2106,226
2107,223
2108,162
2109,238
2110,140
2111,211
2112,167
2113,184
2114,209
2115,234
2116,212
2117,245
2118,230
2119,246
2120,162
2121,0
2122,214
2123,150
2124,230
2125,229
2126,176
2127,160
2128,148
2129,160
2130,233
2131,88
2132,157
2133,178
2134,155
2135,179
2136,224
2137,139
2138,256
2139,205
2140,178
2141,225
2142,196
2143,228
2144,224
2145,223
2146,176
2147,194
2148,223
2149,208
2150,192
2151,254
2152,151
2153,180
2154,238
2155,244
2156,245
2157,218
2158,164
2159,189
2160,108
2161,186
2162,24
2163,235
2164,232
2165,132
2166,234
2167,168
2168,186
2169,252
2170,225
2171,189
2172,95
2173,145
2174,184
2175,170
2176,236
2177,250
2178,207
2179,208
2180,256
2181,173
2182,171
2183,151
2184,151
2185,201
2186,104
2187,0
2188,214
2189,174
2190,170
2191,218
2192,163
2193,31
2194,245
2195,114
2196,102
2197,219
2198,137
2199,147
2200,152
2201,218
2202,236
2203,0
2204,187
2205,169
2206,244
2207,158
2208,161
2209,158
2210,136
2211,239
2212,113
2213,144
2214,220
2215,256
2216,229
2217,239
2218,191
2219,180
2220,184
2221,236
2222,218
2223,172
2224,1
2225,218
2226,217
2227,115
2228,153
2229,161
2230,246
2231,226
2232,115
2233,198
2234,132
2235,232
2236,90
2237,246
2238,219
2239,153
2240,146
2241,190
2242,173
2243,192
2244,144
2245,185
2246,167
2247,212
2248,224
2249,186
2250,235
2251,255
2252,144
2253,208
2254,251
2255,218
2256,120
2257,220
2258,180
2259,48
2260,199
2261,202
2262,232
2263,109
2264,244
2265,63
2266,219
2267,221
2268,0
2269,151
2270,145
2271,69
2272,236
2273,173
2274,232
2275,61
2276,256
2277,233
2278,167
2279,163
2280,220
2281,132
2282,166
2283,94
2284,253
2285,211
2286,136
2287,200
2288,237
2289,235
2290,195
2291,206
2292,241
2293,92
2294,156
2295,182
2296,173
2297,141
2298,250
2299,220
2300,201
2301,207
2302,250
2303,239
2304,241
2305,234
2306,164
2307,155
2308,202
2309,215
2310,189
2311,157
2312,238
2313,223
2314,251
2315,256
2316,186
2317,3
2318,118
2319,210
2320,208
2321,203
2322,238
2323,245
2324,246
2325,213
2326,146
2327,232
2328,127
2329,184
2330,193
2331,166
2332,190
2333,186
2334,236
2335,185
2336,157
2337,233
2338,225
2339,159
2340,235
2341,142
2342,256
2343,200
2344,204
2345,216
2346,227
2347,215
2348,243
2349,213
2350,159
2351,240
2352,37
2353,96
2354,150
2355,241
2356,221
2357,205
2358,222
2359,51
2360,222
2361,76
2362,77
2363,227
2364,211
2365,163
2366,124
2367,246
2368,109
2369,117
2370,243
2371,213
2372,132
2373,246
2374,222
2375,216
2376,210
2377,0
2378,254
2379,250
2380,218
2381,182
2382,103
2383,233
2384,234
2385,205
2386,198
2387,201
2388,226
2389,156
2390,231
2391,134
2392,155
2393,198
2394,116
2395,109
2396,171
2397,246
2398,176
2399,226
