0,185
1,170
2,186
3,225
4,173
5,134
6,192
7,228
8,234
9,137
10,150
11,222
12,185
13,185
14,208
15,188
16,204
17,175
18,243
19,240
20,243
21,112
22,164
23,199
24,239
25,226
26,84
27,143
28,224
29,165
30,51
31,199
32,192
33,231
34,205
35,225
36,232
37,222
38,191
39,211
40,160
41,244
42,200
43,71
44,224
45,211
46,150
47,231
48,130
49,154
50,205
51,226
52,73
53,193
54,220
55,168
56,205
57,201
58,175
59,253
60,222
61,119
62,184
63,209
64,204
65,223
66,251
67,242
68,171
69,85
70,192
71,198
72,160
73,222
74,230
75,180
76,190
77,42
78,199
79,126
80,236
81,230
82,159
83,175
84,232
85,234
86,174
87,185
88,123
89,201
90,164
91,242
92,201
93,178
94,155
95,188
96,187
97,175
98,239
99,205
100,256
101,249
102,163
103,79
104,247
105,212
106,213
107,173
108,170
109,56
110,160
111,198
112,203
113,198
114,247
115,228
116,183
117,232
118,229
119,228
120,129
121,221
122,125
123,1
124,217
125,206
126,238
127,69
128,173
129,165
130,152
131,221
132,203
133,230
134,187
135,188
136,191
137,196
138,87
139,152
140,253
141,238
142,203
143,146
144,132
145,160
146,144
147,203
148,195
149,213
150,120
151,184
152,202
153,191
154,191
155,238
156,249
157,172
158,34
159,134
160,227
161,213
162,221
163,197
164,248
165,51
166,124
167,181
168,177
169,252
170,214
171,173
172,193
173,147
174,246
175,182
176,207
177,219
178,241
179,0
180,164
181,54
182,162
183,214
184,190
185,181
186,218
187,140
188,141
189,212
190,244
191,214
192,109
193,252
194,132
195,231
196,179
197,211
198,191
199,206
200,173
201,201
202,155
203,211
204,253
205,165
206,160
207,187
208,201
209,113
210,167
211,165
212,245
213,228
214,22
215,125
216,204
217,201
218,242
219,195
220,115
221,239
222,184
223,164
224,213
225,246
226,237
227,175
228,217
229,223
230,178
231,145
232,240
233,212
234,228
235,168
236,151
237,204
238,133
239,232
240,221
241,168
242,242
243,182
244,238
245,238
246,228
247,249
248,175
249,222
250,178
251,182
252,210
253,198
254,242
255,248
256,254
257,234
258,188
259,188
260,145
261,180
262,231
263,118
264,217
265,201
266,162
267,142
268,210
269,199
270,100
271,200
272,181
273,248
274,193
275,190
276,230
277,149
278,250
279,179
280,151
281,182
282,207
283,194
284,119
285,226
286,202
287,226
288,215
289,201
290,157
291,233
292,192
293,117
294,199
295,169
296,116
297,121
298,170
299,213
300,167
301,197
302,236
303,189
304,231
305,222
306,152
307,195
308,209
309,227
310,231
311,174
312,166
313,223
314,251
315,158
316,84
317,178
318,231
319,201
320,171
321,93
322,160
323,205
324,209
325,230
326,174
327,248
328,206
329,122
330,225
331,251
332,150
333,213
334,229
335,216
336,184
337,216
338,212
339,119
340,132
341,250
342,219
343,187
344,150
345,136
346,126
347,76
348,1
349,153
350,97
351,143
352,177
353,145
354,212
355,187
356,216
357,229
358,212
359,76
360,204
361,182
362,211
363,134
364,234
365,190
366,202
367,241
368,240
369,139
370,186
371,198
372,132
373,136
374,251
375,118
376,160
377,222
378,92
379,213
380,196
381,112
382,148
383,203
384,193
385,252
386,220
387,111
388,207
389,198
390,229
391,169
392,225
393,185
394,187
395,42
396,183
397,220
398,134
399,238
400,132
401,178
402,216
403,147
404,152
405,214
406,215
407,78
408,221
409,232
410,192
411,115
412,206
413,251
414,209
415,149
416,178
417,121
418,197
419,110
420,220
421,213
422,229
423,247
424,211
425,237
426,211
427,132
428,147
429,173
430,233
431,215
432,221
433,246
434,195
435,170
436,167
437,225
438,198
439,211
440,179
441,126
442,187
443,256
444,180
445,186
446,104
447,175
448,118
449,212
450,70
451,204
452,208
453,197
454,209
455,203
456,198
457,251
458,176
459,250
460,232
461,243
462,244
463,176
464,204
465,201
466,178
467,159
468,149
469,147
470,119
471,166
472,191
473,173
474,169
475,247
476,226
477,172
478,216
479,137
480,84
481,246
482,222
483,250
484,157
485,180
486,230
487,176
488,158
489,228
490,173
491,165
492,186
493,133
494,170
495,154
496,227
497,224
498,233
499,241
500,191
501,201
502,207
503,248
504,147
505,244
506,152
507,204
508,18
509,102
510,224
511,230
512,218
513,251
514,184
515,229
516,189
517,186
518,104
519,229
520,162
521,214
522,181
523,114
524,211
525,162
526,221
527,210
528,226
529,224
530,180
531,199
532,80
533,182
534,251
535,109
536,200
537,216
538,87
539,154
540,212
541,249
542,225
543,206
544,225
545,93
546,152
547,38
548,81
549,256
550,182
551,95
552,225
553,169
554,97
555,183
556,78
557,230
558,135
559,207
560,186
561,209
562,196
563,84
564,222
565,157
566,253
567,254
568,182
569,247
570,195
571,123
572,239
573,240
574,185
575,195
576,227
577,145
578,226
579,255
580,200
581,85
582,135
583,254
584,250
585,118
586,187
587,202
588,201
589,97
590,223
591,226
592,246
593,120
594,155
595,211
596,229
597,248
598,157
599,225
600,176
601,212
602,99
603,226
604,196
605,165
606,180
607,192
608,179
609,103
610,200
611,247
612,178
613,249
614,78
615,253
616,179
617,145
618,135
619,165
620,191
621,228
622,151
623,228
624,180
625,176
626,217
627,214
628,215
629,97
630,187
631,149
632,220
633,225
634,207
635,198
636,181
637,86
638,99
639,214
640,62
641,182
642,190
643,158
644,230
645,231
646,240
647,225
648,184
649,200
650,176
651,251
652,133
653,149
654,48
655,201
656,145
657,249
658,231
659,174
660,213
661,199
662,191
663,188
664,209
665,154
666,226
667,131
668,222
669,124
670,178
671,205
672,78
673,220
674,176
675,212
676,166
677,136
678,183
679,228
680,230
681,154
682,232
683,111
684,204
685,204
686,169
687,136
688,173
689,87
690,247
691,227
692,207
693,191
694,145
695,227
696,198
697,240
698,46
699,90
700,193
701,210
702,160
703,255
704,136
705,222
706,81
707,248
708,90
709,140
710,249
711,251
712,252
713,220
714,123
715,193
716,175
717,221
718,148
719,100
720,155
721,219
722,105
723,206
724,205
725,179
726,113
727,254
728,0
729,194
730,211
731,168
732,235
733,122
734,244
735,129
736,153
737,191
738,211
739,158
740,211
741,208
742,147
743,144
744,185
745,195
746,109
747,254
748,168
749,234
750,154
751,0
752,207
753,94
754,249
755,135
756,230
757,193
758,185
759,231
760,203
761,122
762,236
763,218
764,188
765,224
766,154
767,189
768,132
769,196
770,160
771,228
772,126
773,232
774,205
775,156
776,184
777,186
778,192
779,112
780,224
781,164
782,126
783,243
784,188
785,251
786,238
787,81
788,99
789,208
790,252
791,104
792,205
793,240
794,182
795,248
796,140
797,149
798,235
799,256
800,150
801,222
802,222
803,171
804,164
805,238
806,244
807,193
808,250
809,216
810,189
811,111
812,184
813,224
814,200
815,206
816,218
817,137
818,145
819,186
820,244
821,208
822,0
823,216
824,220
825,208
826,191
827,235
828,178
829,213
830,210
831,213
832,205
833,166
834,105
835,140
836,185
837,116
838,153
839,121
840,229
841,222
842,238
843,235
844,207
845,232
846,152
847,187
848,225
849,170
850,213
851,158
852,199
853,248
854,127
855,178
856,21
857,248
858,163
859,130
860,230
861,192
862,145
863,206
864,181
865,155
866,206
867,219
868,87
869,223
870,189
871,208
872,214
873,223
874,249
875,239
876,174
877,219
878,203
879,219
880,246
881,154
882,48
883,233
884,191
885,213
886,164
887,206
888,214
889,78
890,240
891,184
892,192
893,209
894,138
895,252
896,240
897,220
898,158
899,148
900,134
901,193
902,194
903,129
904,118
905,189
906,94
907,98
908,185
909,224
910,242
911,187
912,77
913,215
914,246
915,196
916,114
917,178
918,145
919,185
920,200
921,189
922,206
923,234
924,218
925,152
926,214
927,129
928,238
929,212
930,228
931,211
932,172
933,239
934,194
935,246
936,233
937,150
938,99
939,250
940,231
941,212
942,140
943,197
944,207
945,230
946,197
947,140
948,195
949,256
950,199
951,243
952,171
953,234
954,247
955,155
956,230
957,241
958,199
959,211
960,199
961,250
962,250
963,132
964,168
965,165
966,251
967,253
968,217
969,177
970,219
971,155
972,136
973,135
974,170
975,200
976,224
977,160
978,222
979,234
980,195
981,255
982,167
983,211
984,229
985,86
986,14
987,229
988,154
989,129
990,151
991,91
992,140
993,195
994,207
995,175
996,199
997,220
998,180
999,247
1000,245
1001,160
1002,250
1003,97
1004,179
1005,190
1006,207
1007,171
1008,163
1009,72
1010,256
1011,174
1012,248
1013,178
1014,225
1015,193
1016,211
1017,214
1018,195
1019,226
1020,163
1021,88
1022,234
1023,175
1024,151
1025,254
1026,208
1027,222
1028,246
1029,157
1030,197
1031,170
1032,82
1033,241
1034,197
1035,244
1036,90
1037,100
1038,181
1039,187
1040,197
1041,157
1042,201
1043,201
1044,152
1045,189
1046,154
1047,210
1048,183
1049,143
1050,212
1051,251
1052,220
1053,171
1054,160
1055,145
1056,180
1057,233
1058,119
1059,198
1060,219
1061,141
1062,212
1063,220
1064,196
1065,221
1066,100
1067,222
1068,203
1069,245
1070,252
1071,154
1072,163
1073,182
1074,160
1075,254
1076,213
1077,245
1078,199
1079,221
1080,152
1081,209
1082,133
1083,192
1084,222
1085,182
1086,167
1087,145
1088,187
1089,191
1090,109
1091,192
1092,106
1093,134
1094,116
1095,227
1096,112
1097,152
1098,157
1099,192
1100,191
1101,231
1102,134
1103,183
1104,242
1105,166
1106,180
1107,250
1108,212
1109,230
1110,254
1111,222
1112,243
1113,238
1114,144
1115,193
1116,210
1117,161
1118,166
1119,196
1120,228
1121,171
1122,175
1123,156
1124,127
1125,226
1126,159
1127,154
1128,69
1129,200
1130,250
1131,256
1132,154
1133,224
1134,91
1135,182
1136,162
1137,179
1138,215
1139,126
1140,243
1141,239
1142,234
1143,91
1144,131
1145,155
1146,195
1147,221
1148,153
1149,146
1150,0
1151,249
1152,137
1153,214
1154,243
1155,145
1156,252
1157,220
1158,205
1159,245
1160,176
1161,223
1162,195
1163,256
1164,99
1165,178
1166,241
1167,184
1168,172
1169,154
1170,233
1171,202
1172,183
1173,174
1174,194
1175,196
1176,132
1177,216
1178,181
1179,233
1180,173
1181,185
1182,180
1183,187
1184,179
1185,235
1186,256
1187,92
1188,0
1189,233
1190,223
1191,219
1192,199
1193,252
1194,242
1195,230
1196,168
1197,196
1198,126
1199,115
1200,93
1201,255
1202,227
1203,222
1204,106
1205,239
1206,210
1207,218
1208,129
1209,222
1210,202
1211,196
1212,209
1213,63
1214,245
1215,0
1216,217
1217,0
1218,164
1219,243
1220,236
1221,190
1222,169
1223,236
1224,123
1225,61
1226,186
1227,191
1228,71
1229,193
1230,164
1231,169
1232,144
1233,243
1234,103
1235,97
1236,147
1237,133
1238,207
1239,247
1240,129
1241,215
1242,202
1243,200
1244,164
1245,101
1246,255
1247,238
1248,175
1249,211
1250,174
1251,208
1252,184
1253,235
1254,214
1255,217
1256,208
1257,204
1258,180
1259,245
1260,221
1261,234
1262,71
1263,251
1264,166
1265,194
1266,197
1267,219
1268,176
1269,245
1270,154
1271,226
1272,226
1273,232
1274,104
1275,160
1276,155
1277,233
1278,211
1279,203
1280,167
1281,186
1282,134
1283,256
1284,244
1285,186
1286,162
1287,79
1288,159
1289,194
1290,115
1291,105
1292,168
1293,137
1294,223
1295,175
1296,234
1297,233
1298,195
1299,232
1300,118
1301,240
1302,219
1303,201
1304,205
1305,100
1306,128
1307,193
1308,158
1309,152
1310,169
1311,209
1312,219
1313,180
1314,210
1315,256
1316,233
1317,136
1318,123
1319,118
1320,183
1321,102
1322,189
1323,232
1324,81
1325,182
1326,180
1327,252
1328,182
1329,221
1330,179
1331,181
1332,255
1333,211
1334,244
1335,167
1336,212
1337,135
1338,181
1339,203
1340,247
1341,254
1342,196
1343,224
1344,221
1345,230
1346,211
1347,253
1348,172
1349,188
1350,232
1351,236
1352,149
1353,217
1354,232
1355,132
1356,159
1357,105
1358,194
1359,91
1360,234
1361,240
1362,221
1363,178
1364,154
1365,180
1366,68
1367,220
1368,165
1369,234
1370,224
1371,221
1372,252
1373,143
1374,205
1375,162
1376,188
1377,218
1378,42
1379,256
1380,186
1381,200
1382,176
1383,232
1384,107
1385,175
1386,139
1387,190
1388,106
1389,247
1390,179
1391,199
1392,151
1393,238
1394,211
1395,209
1396,186
1397,241
1398,150
1399,219
1400,112
1401,198
1402,210
1403,157
1404,203
1405,154
1406,255
1407,0
1408,93
1409,132
1410,204
1411,227
1412,225
1413,229
1414,148
1415,228
1416,80
1417,223
1418,155
1419,71
1420,230
1421,230
1422,222
1423,256
1424,184
1425,214
1426,212
1427,149
1428,187
1429,157
1430,236
1431,176
1432,176
1433,232
1434,197
1435,166
1436,232
1437,256
1438,130
1439,194
1440,204
1441,247
1442,118
1443,251
1444,128
1445,221
1446,224
1447,226
1448,227
1449,176
1450,164
1451,147
1452,235
1453,125
1454,231
1455,234
1456,236
1457,143
1458,188
1459,180
1460,129
1461,194
1462,230
1463,208
1464,20
1465,213
1466,247
1467,229
1468,175
1469,168
1470,141
1471,232
1472,225
1473,189
1474,0
1475,204
1476,132
1477,199
1478,168
1479,207
1480,180
1481,14
1482,231
1483,54
1484,199
1485,200
1486,176
1487,251
1488,168
1489,222
1490,187
1491,250
1492,167
1493,252
1494,173
1495,242
1496,222
1497,173
1498,161
1499,200
1500,83
1501,205
1502,78
1503,166
1504,131
1505,89
1506,150
1507,219
1508,244
1509,163
1510,116
1511,233
1512,169
1513,103
1514,207
1515,164
1516,181
1517,170
1518,236
1519,193
1520,184
1521,210
1522,233
1523,242
1524,129
1525,214
1526,226
1527,142
1528,166
1529,176
1530,158
1531,225
1532,90
1533,25
1534,164
1535,202
1536,234
1537,167
1538,176
1539,231
1540,149
1541,250
1542,244
1543,208
1544,184
1545,136
1546,241
1547,168
1548,123
1549,165
1550,130
1551,69
1552,208
1553,224
1554,98
1555,220
1556,90
1557,210
1558,207
1559,181
1560,181
1561,171
1562,255
1563,171
1564,238
1565,150
1566,236
1567,230
1568,184
1569,170
1570,244
1571,241
1572,188
1573,235
1574,195
1575,193
1576,171
1577,242
1578,199
1579,208
1580,225
1581,236
1582,165
1583,197
1584,135
1585,174
1586,237
1587,236
1588,220
1589,149
1590,234
1591,171
1592,172
1593,120
1594,158
1595,241
1596,183
1597,250
1598,183
1599,196
1600,179
1601,82
1602,203
1603,224
1604,168
1605,243
1606,83
1607,229
1608,140
1609,174
1610,148
1611,235
1612,248
1613,208
1614,226
1615,139
1616,148
1617,114
1618,203
1619,227
1620,211
1621,103
1622,146
1623,192
1624,142
1625,177
1626,167
1627,185
1628,216
1629,160
1630,235
1631,227
1632,202
1633,211
1634,136
1635,186
1636,140
1637,200
1638,121
1639,147
1640,174
1641,203
1642,240
1643,171
1644,153
1645,251
1646,108
1647,230
1648,207
1649,201
1650,238
1651,201
1652,133
1653,161
1654,123
1655,221
1656,107
1657,184
1658,60
1659,163
1660,148
1661,249
1662,182
1663,130
1664,190
1665,242
1666,93
1667,146
1668,190
1669,90
1670,211
1671,155
1672,218
1673,101
1674,209
1675,194
1676,207
1677,224
1678,202
1679,100
1680,117
1681,213
1682,188
1683,161
1684,169
1685,161
1686,227
1687,216
1688,243
1689,196
1690,239
1691,92
1692,144
1693,115
1694,154
1695,71
1696,229
1697,178
1698,206
1699,194
1700,178
1701,248
1702,234
1703,240
1704,256
1705,191
1706,237
1707,256
1708,230
1709,231
1710,208
1711,210
1712,194
1713,184
1714,136
1715,174
1716,103
1717,206
1718,214
1719,182
1720,226
1721,168
1722,214
1723,109
1724,256
1725,223
1726,201
1727,215
1728,200
1729,219
1730,162
1731,256
1732,204
1733,88
1734,119
1735,52
1736,214
1737,250
1738,179
1739,244
1740,218
1741,84
1742,255
1743,164
1744,165
1745,170
1746,156
1747,185
1748,222
1749,108
1750,217
1751,179
1752,146
1753,215
1754,238
1755,199
1756,205
1757,204
1758,236
1759,206
1760,113
1761,95
1762,250
1763,215
1764,148
1765,60
1766,238
1767,180
1768,134
1769,204
1770,52
1771,181
1772,78
1773,169
1774,115
1775,152
1776,133
1777,232
1778,101
1779,158
1780,255
1781,182
1782,211
1783,187
1784,44
1785,155
1786,204
1787,236
1788,190
1789,249
1790,191
1791,92
1792,54
1793,179
1794,120
1795,34
1796,225
1797,101
1798,156
1799,196
1800,99
1801,203
1802,201
1803,112
1804,161
1805,181
1806,52
1807,162
1808,209
1809,157
1810,164
1811,211
1812,178
1813,216
1814,174
1815,153
1816,152
1817,132
1818,118
1819,236
1820,214
1821,213
1822,188
1823,225
1824,224
1825,185
1826,213
1827,179
1828,175
1829,78
1830,107
1831,147
1832,256
1833,250
1834,128
1835,197
1836,211
1837,193
1838,182
1839,134
1840,225
1841,157
1842,241
1843,144
1844,252
1845,0
1846,132
1847,220
1848,149
1849,157
1850,256
1851,112
1852,218
1853,182
1854,143
1855,192
1856,155
1857,205
1858,239
1859,195
1860,157
1861,195
1862,108
1863,143
1864,168
1865,193
1866,178
1867,253
1868,203
1869,200
1870,177
1871,159
1872,23
1873,189
1874,220
1875,204
1876,158
1877,212
1878,250
1879,173
1880,120
1881,69
1882,188
1883,179
1884,250
1885,92
1886,64
1887,246
1888,169
1889,97
1890,220
1891,166
1892,107
1893,211
1894,253
1895,189
1896,206
1897,217
1898,193
1899,214
1900,181
1901,238
1902,186
1903,154
1904,173
1905,166
1906,216
1907,219
1908,164
1909,145
1910,199
1911,206
1912,197
1913,159
1914,116
1915,152
1916,218
1917,195
1918,117
1919,178
1920,219
1921,202
1922,229
1923,170
1924,149
1925,221
1926,228
1927,148
1928,186
1929,203
1930,135
1931,255
1932,198
1933,214
1934,183
1935,247
1936,197
1937,179
1938,123
1939,192
1940,164
1941,224
1942,218
1943,165
1944,245
1945,162
1946,127
1947,189
1948,244
1949,73
1950,153
1951,147
1952,193
1953,116
1954,244
1955,151
1956,175
1957,212
1958,193
1959,160
1960,151
1961,123
1962,192
1963,142
1964,117
1965,157
1966,216
1967,207
1968,249
1969,255
1970,228
1971,253
1972,190
1973,140
1974,224
1975,194
1976,206
1977,216
1978,190
1979,245
1980,189
1981,224
1982,238
1983,239
1984,212
1985,122
1986,242
1987,172
1988,238
1989,196
1990,235
1991,186
1992,231
1993,120
1994,76
1995,185
1996,99
1997,168
1998,170
1999,175
2000,190
2001,219
2002,210
2003,235
2004,165
2005,182
2006,196
2007,228
2008,205
2009,224
2010,217
2011,218
2012,215
2013,199
2014,154
2015,160
2016,225
2017,203
2018,256
2019,207
2020,144
2021,227
2022,150
2023,200
2024,191
2025,238
2026,234
2027,149
2028,192
2029,75
2030,246
2031,214
2032,210
2033,236
2034,181
2035,224
2036,136
2037,142
2038,181
2039,195
2040,168
2041,218
2042,64
2043,171
2044,234
2045,62
2046,256
2047,246
2048,185
2049,171
2050,84
2051,121
2052,168
2053,224
2054,222
2055,228
2056,221
2057,204
2058,181
2059,186
2060,100
2061,210
2062,85
2063,0
2064,256
2065,226
2066,233
2067,173
2068,92
2069,53
2070,187
2071,213
2072,213
2073,214
2074,247
2075,235
2076,164
2077,131
2078,232
2079,143
2080,199
2081,227
2082,219
2083,189
2084,204
2085,153
2086,156
2087,171
2088,206
2089,208
2090,134
2091,254
2092,179
2093,233
2094,210
2095,185
2096,235
2097,178
2098,222
2099,113
2100,160
2101,247
2102,165
2103,193
2104,194
2105,95
2106,229
2107,211
2108,196
2109,234
2110,109
2111,217
2112,152
2113,154
2114,208
2115,232
2116,194
2117,243
2118,220
2119,248
2120,187
2121,128
2122,213
2123,136
2124,214
2125,235
2126,164
2127,196
2128,140
2129,185
2130,231
2131,179
2132,156
2133,183
2134,135
2135,173
2136,220
2137,168
2138,256
2139,200
2140,219
2141,196
2142,156
2143,223
2144,203
2145,221
2146,156
2147,161
2148,219
2149,203
2150,180
2151,249
2152,157
2153,144
2154,237
2155,234
2156,230
2157,196
2158,148
2159,198
2160,73
2161,200
2162,16
2163,243
2164,245
2165,173
2166,239
2167,162
2168,187
2169,252
2170,231
2171,187
2172,132
2173,139
2174,173
2175,194
2176,242
2177,251
2178,203
2179,216
2180,256
2181,187
2182,211
2183,131
2184,152
2185,176
2186,154
2187,27
2188,215
2189,145
2190,197
2191,206
2192,154
2193,100
2194,252
2195,112
2196,166
2197,223
2198,152
2199,145
2200,136
2201,205
2202,239
2203,0
2204,187
2205,132
2206,244
2207,143
2208,180
2209,126
2210,121
2211,227
2212,125
2213,127
2214,214
2215,256
2216,229
2217,196
2218,182
2219,188
2220,148
2221,228
2222,218
2223,151
2224,71
2225,222
2226,211
2227,106
2228,155
2229,160
2230,238
2231,202
2232,144
2233,201
2234,155
2235,233
2236,90
2237,236
2238,218
2239,138
2240,178
2241,195
2242,172
2243,158
2244,135
2245,186
2246,139
2247,170
2248,219
2249,179
2250,222
2251,248
2252,109
2253,198
2254,251
2255,223
2256,120
2257,223
2258,200
2259,80
2260,199
2261,200
2262,219
2263,111
2264,243
2265,63
2266,231
2267,194
2268,0
2269,160
2270,149
2271,66
2272,229
2273,186
2274,229
2275,104
2276,256
2277,211
2278,188
2279,146
2280,237
2281,190
2282,162
2283,113
2284,248
2285,210
2286,132
2287,224
2288,240
2289,232
2290,223
2291,200
2292,230
2293,32
2294,180
2295,137
2296,156
2297,114
2298,250
2299,185
2300,210
2301,206
2302,250
2303,246
2304,245
2305,236
2306,178
2307,154
2308,209
2309,194
2310,191
2311,136
2312,236
2313,214
2314,243
2315,248
2316,173
2317,43
2318,120
2319,212
2320,221
2321,216
2322,229
2323,235
2324,243
2325,206
2326,176
2327,225
2328,179
2329,150
2330,213
2331,177
2332,168
2333,174
2334,225
2335,143
2336,195
2337,202
2338,225
2339,145
2340,236
2341,134
2342,256
2343,199
2344,194
2345,202
2346,217
2347,215
2348,234
2349,212
2350,122
2351,237
2352,119
2353,141
2354,150
2355,247
2356,226
2357,210
2358,205
2359,29
2360,215
2361,119
2362,94
2363,221
2364,185
2365,158
2366,130
2367,246
2368,134
2369,169
2370,245
2371,218
2372,110
2373,243
2374,221
2375,229
2376,200
2377,83
2378,255
2379,245
2380,208
2381,185
2382,80
2383,239
2384,243
2385,191
2386,179
2387,199
2388,223
2389,130
2390,209
2391,142
2392,152
2393,256
2394,135
2395,127
2396,151
2397,248
2398,165
2399,212
