0,7
1,227
2,231
3,164
4,211
5,155
6,174
7,47
8,189
9,121
10,127
11,180
12,228
13,224
14,243
15,131
16,108
17,219
18,107
19,80
20,137
21,184
22,134
23,189
24,0
25,124
26,180
27,134
28,103
29,219
30,216
31,154
32,174
33,151
34,89
35,27
36,226
37,171
38,224
39,244
40,122
41,219
42,156
43,82
44,164
45,230
46,218
47,187
48,146
49,53
50,169
51,121
52,238
53,242
54,197
55,178
56,179
57,162
58,167
59,136
60,52
61,160
62,139
63,185
64,206
65,66
66,190
67,149
68,133
69,143
70,116
71,174
72,204
73,214
74,129
75,101
76,100
77,113
78,174
79,194
80,220
81,175
82,204
83,185
84,182
85,89
86,195
87,247
88,216
89,209
90,120
91,139
92,74
93,233
94,146
95,185
96,132
97,135
98,194
99,223
100,171
101,237
102,192
103,226
104,52
105,159
106,184
107,173
108,124
109,96
110,216
111,159
112,199
113,17
114,216
115,145
116,64
117,151
118,218
119,193
120,194
121,0
122,189
123,226
124,206
125,122
126,164
127,190
128,148
129,57
130,165
131,200
132,198
133,58
134,180
135,141
136,76
137,208
138,183
139,193
140,119
141,205
142,58
143,178
144,200
145,166
146,153
147,203
148,83
149,216
150,118
151,83
152,148
153,162
154,140
155,222
156,241
157,93
158,197
159,184
160,209
161,186
162,94
163,139
164,228
165,226
166,130
167,213
168,160
169,220
170,185
171,157
172,146
173,235
174,124
175,127
176,134
177,83
178,128
179,178
180,138
181,148
182,85
183,102
184,183
185,153
186,130
187,193
188,75
189,164
190,87
191,239
192,166
193,114
194,119
195,204
196,143
197,218
198,239
199,161
200,132
201,214
202,220
203,196
204,179
205,180
206,183
207,166
208,209
209,220
210,122
211,197
212,208
213,223
214,209
215,180
216,195
217,73
218,168
219,200
220,208
221,170
222,245
223,145
224,183
225,216
226,163
227,240
228,210
229,208
230,80
231,192
232,120
233,123
234,116
235,104
236,190
237,107
238,150
239,226
240,123
241,127
242,221
243,212
244,133
245,213
246,186
247,48
248,211
249,166
250,158
251,172
252,159
253,105
254,202
255,147
256,202
257,159
258,180
259,238
260,217
261,121
262,218
263,194
264,127
265,194
266,103
267,161
268,189
269,201
270,228
271,85
272,110
273,155
274,94
275,212
276,159
277,158
278,160
279,161
280,92
281,231
282,114
283,147
284,186
285,61
286,110
287,104
288,193
289,166
290,197
291,231
292,226
293,193
294,159
295,235
296,144
297,185
298,192
299,214
300,196
301,174
302,207
303,178
304,212
305,225
306,236
307,130
308,191
309,168
310,232
311,62
312,178
313,97
314,136
315,122
316,194
317,216
318,160
319,51
320,136
321,100
322,199
323,223
324,226
325,166
326,199
327,238
328,230
329,136
330,162
331,170
332,246
333,202
334,207
335,168
336,150
337,203
338,159
339,166
340,243
341,113
342,55
343,132
344,107
345,138
346,153
347,155
348,247
349,94
350,250
351,188
352,116
353,74
354,197
355,213
356,178
357,161
358,207
359,156
360,112
361,147
362,175
363,152
364,135
365,195
366,81
367,188
368,232
369,184
370,208
371,202
372,229
373,115
374,129
375,158
376,167
377,159
378,149
379,183
380,129
381,158
382,45
383,152
384,204
385,118
386,104
387,208
388,115
389,232
390,155
391,170
392,227
393,71
394,129
395,240
396,222
397,213
398,236
399,90
400,167
401,92
402,241
403,245
404,173
405,121
406,68
407,136
408,191
409,224
410,239
411,228
412,207
413,110
414,95
415,193
416,229
417,249
418,143
419,177
420,150
421,105
422,147
423,109
424,206
425,219
426,96
427,223
428,180
429,143
430,234
431,222
432,53
433,227
434,147
435,95
436,139
437,208
438,199
439,176
440,149
441,218
442,130
443,86
444,167
445,97
446,172
447,186
448,220
449,212
450,203
451,136
452,252
453,139
454,219
455,150
456,214
457,217
458,208
459,200
460,231
461,111
462,162
463,228
464,244
465,113
466,92
467,184
468,178
469,246
470,78
471,228
472,146
473,111
474,159
475,152
476,236
477,163
478,108
479,245
480,190
481,120
482,179
483,208
484,68
485,226
486,120
487,226
488,249
489,120
490,210
491,237
492,144
493,206
494,114
495,251
496,219
497,233
498,156
499,169
500,202
501,236
502,228
503,231
504,134
505,189
506,176
507,176
508,199
509,209
510,109
511,202
512,216
513,119
514,148
515,245
516,228
517,142
518,217
519,222
520,208
521,162
522,102
523,240
524,173
525,241
526,187
527,160
528,189
529,206
530,204
531,228
532,143
533,191
534,215
535,164
536,229
537,144
538,230
539,205
540,206
541,145
542,107
543,177
544,225
545,183
546,143
547,233
548,214
549,184
550,108
551,170
552,140
553,156
554,246
555,160
556,117
557,182
558,134
559,230
560,205
561,246
562,133
563,226
564,129
565,197
566,108
567,220
568,202
569,173
570,194
571,222
572,196
573,171
574,241
575,138
576,217
577,239
578,194
579,241
580,207
581,244
582,183
583,178
584,177
585,167
586,173
587,177
588,182
589,223
590,207
591,160
592,178
593,134
594,132
595,140
596,212
597,235
598,135
599,126
600,155
601,241
602,138
603,92
604,142
605,233
606,152
607,145
608,193
609,116
610,133
611,174
612,215
613,115
614,220
615,103
616,33
617,153
618,227
619,176
620,71
621,185
622,230
623,160
624,127
625,187
626,166
627,212
628,223
629,155
630,212
631,220
632,92
633,143
634,194
635,212
636,236
637,169
638,134
639,99
640,205
641,156
642,234
643,180
644,189
645,141
646,238
647,179
648,197
649,74
650,127
651,204
652,208
653,224
654,184
655,200
656,139
657,196
658,181
659,203
660,140
661,200
662,183
663,169
664,190
665,185
666,222
667,212
668,123
669,208
670,126
671,138
672,165
673,156
674,241
675,200
676,195
677,151
678,128
679,95
680,209
681,127
682,154
683,208
684,216
685,207
686,132
687,222
688,199
689,187
690,89
691,216
692,62
693,246
694,238
695,161
696,123
697,169
698,123
699,131
700,125
701,232
702,225
703,243
704,115
705,216
706,66
707,171
708,141
709,239
710,162
711,224
712,108
713,224
714,169
715,115
716,172
717,246
718,191
719,60
720,210
721,187
722,160
723,57
724,172
725,103
726,192
727,54
728,110
729,192
730,205
731,86
732,164
733,134
734,238
735,183
736,219
737,148
738,186
739,67
740,182
741,207
742,82
743,244
744,223
745,116
746,199
747,109
748,168
749,196
750,92
751,191
752,208
753,193
754,208
755,221
756,195
757,218
758,241
759,133
760,149
761,252
762,247
763,218
764,226
765,215
766,238
767,159
768,189
769,176
770,229
771,94
772,246
773,175
774,123
775,235
776,191
777,240
778,210
779,240
780,168
781,215
782,93
783,186
784,132
785,192
786,71
787,149
788,105
789,222
790,202
791,102
792,107
793,186
794,229
795,118
796,93
797,242
798,87
799,121
800,224
801,150
802,180
803,241
804,244
805,133
806,119
807,199
808,208
809,185
810,203
811,210
812,166
813,136
814,207
815,205
816,142
817,200
818,224
819,181
820,179
821,163
822,217
823,205
824,192
825,173
826,227
827,130
828,238
829,195
830,222
831,210
832,132
833,220
834,176
835,159
836,181
837,158
838,248
839,229
840,79
841,134
842,173
843,213
844,138
845,128
846,134
847,236
848,191
849,221
850,197
851,0
852,124
853,163
854,187
855,149
856,195
857,243
858,179
859,206
860,218
861,137
862,194
863,151
864,152
865,220
866,227
867,241
868,242
869,240
870,158
871,212
872,210
873,188
874,184
875,208
876,172
877,199
878,184
879,178
880,78
881,168
882,205
883,187
884,183
885,133
886,222
887,245
888,167
889,238
890,166
891,73
892,94
893,191
894,158
895,162
896,172
897,49
898,193
899,204
900,182
901,139
902,182
903,176
904,225
905,129
906,195
907,143
908,168
909,161
910,138
911,207
912,112
913,208
914,142
915,239
916,195
917,161
918,189
919,79
920,154
921,153
922,130
923,146
924,190
925,177
926,145
927,188
928,138
929,214
930,119
931,103
932,139
933,213
934,180
935,154
936,178
937,219
938,182
939,105
940,167
941,216
942,153
943,152
944,208
945,114
946,175
947,134
948,198
949,142
950,171
951,133
952,211
953,237
954,184
955,241
956,186
957,207
958,158
959,87
960,185
961,230
962,77
963,195
964,163
965,53
966,107
967,176
968,136
969,233
970,210
971,160
972,167
973,27
974,165
975,130
976,190
977,142
978,210
979,239
980,208
981,169
982,179
983,135
984,148
985,236
986,192
987,218
988,231
989,122
990,241
991,164
992,170
993,203
994,201
995,204
996,153
997,240
998,146
999,224
1000,212
1001,140
1002,181
1003,245
1004,220
1005,223
1006,168
1007,178
1008,190
1009,167
1010,225
1011,192
1012,157
1013,185
1014,184
1015,223
1016,176
1017,192
1018,217
1019,246
1020,186
1021,247
1022,79
1023,150
1024,128
1025,222
1026,206
1027,83
1028,190
1029,176
1030,224
1031,161
1032,116
1033,154
1034,181
1035,188
1036,218
1037,172
1038,223
1039,161
1040,192
1041,117
1042,211
1043,155
1044,145
1045,224
1046,179
1047,175
1048,229
1049,114
1050,191
1051,188
1052,203
1053,164
1054,140
1055,145
1056,236
1057,211
1058,147
1059,198
1060,227
1061,160
1062,197
1063,150
1064,225
1065,208
1066,163
1067,225
1068,244
1069,197
1070,221
1071,190
1072,130
1073,222
1074,241
1075,172
1076,210
1077,192
1078,162
1079,173
1080,218
1081,148
1082,179
1083,128
1084,202
1085,219
1086,191
1087,130
1088,191
1089,131
1090,221
1091,176
1092,204
1093,171
1094,200
1095,222
1096,108
1097,229
1098,215
1099,215
1100,193
1101,220
1102,232
1103,221
1104,175
1105,217
1106,204
1107,145
1108,225
1109,204
1110,175
1111,122
1112,186
1113,222
1114,228
1115,170
1116,225
1117,138
1118,184
1119,138
1120,222
1121,204
1122,168
1123,136
1124,157
1125,129
1126,245
1127,215
1128,179
1129,216
1130,163
1131,238
1132,158
1133,236
1134,178
1135,186
1136,206
1137,203
1138,249
1139,191
1140,248
1141,190
1142,187
1143,98
1144,111
1145,128
1146,41
1147,251
1148,147
1149,183
1150,78
1151,226
1152,186
1153,197
1154,147
1155,178
1156,205
1157,197
1158,206
1159,221
1160,152
1161,232
1162,89
1163,245
1164,143
1165,234
1166,181
1167,219
1168,231
1169,204
1170,188
1171,198
1172,215
1173,184
1174,227
1175,248
1176,210
1177,160
1178,246
1179,119
1180,165
1181,110
1182,118
1183,140
1184,218
1185,238
1186,197
1187,181
1188,126
1189,187
1190,215
1191,112
1192,245
1193,198
1194,228
1195,247
1196,179
1197,183
1198,150
1199,235
1200,166
1201,246
1202,130
1203,204
1204,153
1205,177
1206,125
1207,172
1208,61
1209,206
1210,173
1211,214
1212,215
1213,199
1214,38
1215,93
1216,105
1217,191
1218,120
1219,250
1220,199
1221,200
1222,36
1223,88
1224,168
1225,25
1226,232
1227,83
1228,162
1229,230
1230,103
1231,45
1232,152
1233,174
1234,90
1235,192
1236,180
1237,151
1238,128
1239,211
1240,182
1241,136
1242,118
1243,227
1244,230
1245,248
1246,229
1247,140
1248,239
1249,164
1250,235
1251,186
1252,182
1253,179
1254,97
1255,77
1256,162
1257,237
1258,167
1259,131
1260,159
1261,216
1262,77
1263,248
1264,178
1265,170
1266,53
1267,97
1268,237
1269,201
1270,232
1271,192
1272,192
1273,223
1274,242
1275,212
1276,165
1277,33
1278,204
1279,251
1280,149
1281,87
1282,231
1283,150
1284,162
1285,67
1286,181
1287,13
1288,159
1289,148
1290,234
1291,226
1292,93
1293,193
1294,119
1295,139
1296,224
1297,88
1298,130
1299,46
1300,236
1301,142
1302,240
1303,162
1304,215
1305,225
1306,218
1307,225
1308,39
1309,165
1310,101
1311,152
1312,49
1313,206
1314,222
1315,222
1316,133
1317,186
1318,114
1319,209
1320,81
1321,95
1322,158
1323,239
1324,36
1325,113
1326,127
1327,44
1328,123
1329,202
1330,187
1331,89
1332,108
1333,129
1334,110
1335,125
1336,62
1337,144
1338,0
1339,211
1340,72
1341,195
1342,224
1343,199
1344,64
1345,61
1346,247
1347,69
1348,202
1349,205
1350,228
1351,0
1352,200
1353,0
1354,210
1355,90
1356,224
1357,203
1358,153
1359,148
1360,201
1361,112
1362,168
1363,38
1364,242
1365,231
1366,160
1367,164
1368,96
1369,101
1370,212
1371,187
1372,79
1373,128
1374,240
1375,248
1376,121
1377,187
1378,174
1379,218
1380,211
1381,93
1382,203
1383,229
1384,203
1385,0
1386,227
1387,190
1388,23
1389,1
1390,7
1391,218
1392,153
1393,85
1394,189
1395,69
1396,146
1397,106
1398,187
1399,180
1400,178
1401,194
1402,148
1403,210
1404,226
1405,143
1406,201
1407,87
1408,133
1409,214
1410,178
1411,203
1412,218
1413,192
1414,227
1415,91
1416,178
1417,137
1418,231
1419,196
1420,132
1421,225
1422,245
1423,137
1424,114
1425,237
1426,58
1427,141
1428,223
1429,210
1430,32
1431,182
1432,209
1433,134
1434,145
1435,236
1436,146
1437,136
1438,230
1439,244
1440,216
1441,96
1442,152
1443,230
1444,183
1445,223
1446,134
1447,150
1448,188
1449,88
1450,107
1451,178
1452,189
1453,108
1454,237
1455,247
1456,206
1457,60
1458,156
1459,156
1460,194
1461,236
1462,18
1463,163
1464,53
1465,209
1466,199
1467,222
1468,228
1469,158
1470,113
1471,196
1472,137
1473,151
1474,199
1475,191
1476,197
1477,97
1478,218
1479,158
1480,163
1481,148
1482,230
1483,224
1484,210
1485,141
1486,247
1487,174
1488,239
1489,216
1490,198
1491,57
1492,237
1493,210
1494,250
1495,226
1496,249
1497,213
1498,217
1499,171
1500,142
1501,192
1502,184
1503,133
1504,88
1505,156
1506,115
1507,53
1508,173
1509,191
1510,132
1511,193
1512,146
1513,54
1514,167
1515,232
1516,185
1517,206
1518,203
1519,95
1520,191
1521,238
1522,160
1523,40
1524,111
1525,220
1526,189
1527,204
1528,183
1529,214
1530,132
1531,108
1532,157
1533,236
1534,128
1535,118
1536,112
1537,174
1538,138
1539,216
1540,181
1541,234
1542,92
1543,211
1544,134
1545,92
1546,178
1547,161
1548,80
1549,186
1550,33
1551,86
1552,143
1553,203
1554,125
1555,154
1556,134
1557,219
1558,160
1559,129
1560,230
1561,96
1562,242
1563,158
1564,127
1565,160
1566,103
1567,152
1568,240
1569,31
1570,178
1571,163
1572,242
1573,237
1574,158
1575,247
1576,128
1577,69
1578,0
1579,232
1580,206
1581,161
1582,79
1583,232
1584,167
1585,186
1586,201
1587,134
1588,179
1589,124
1590,231
1591,201
1592,207
1593,205
1594,169
1595,5
1596,163
1597,141
1598,94
1599,122
1600,220
1601,214
1602,162
1603,175
1604,239
1605,222
1606,196
1607,168
1608,236
1609,189
1610,243
1611,167
1612,197
1613,221
1614,180
1615,139
1616,234
1617,186
1618,189
1619,187
1620,168
1621,214
1622,240
1623,184
1624,210
1625,191
1626,79
1627,120
1628,232
1629,197
1630,175
1631,225
1632,214
1633,196
1634,179
1635,236
1636,188
1637,230
1638,96
1639,212
1640,220
1641,176
1642,202
1643,197
1644,219
1645,214
1646,206
1647,253
1648,254
1649,247
1650,230
1651,243
1652,190
1653,142
1654,160
1655,249
1656,199
1657,178
1658,248
1659,213
1660,232
1661,155
1662,198
1663,217
1664,155
1665,249
1666,144
1667,185
1668,127
1669,148
1670,210
1671,199
1672,250
1673,255
1674,193
1675,244
1676,223
1677,234
1678,165
1679,143
1680,216
1681,167
1682,220
1683,177
1684,163
1685,244
1686,160
1687,225
1688,240
1689,157
1690,137
1691,146
1692,224
1693,179
1694,120
1695,177
1696,200
1697,0
1698,216
1699,248
1700,155
1701,206
1702,148
1703,215
1704,221
1705,200
1706,224
1707,11
1708,175
1709,226
1710,196
1711,201
1712,107
1713,140
1714,31
1715,219
1716,233
1717,182
1718,140
1719,221
1720,143
1721,139
1722,213
1723,63
1724,93
1725,193
1726,239
1727,188
1728,179
1729,147
1730,130
1731,220
1732,143
1733,204
1734,131
1735,197
1736,141
1737,152
1738,165
1739,221
1740,77
1741,122
1742,141
1743,234
1744,249
1745,159
1746,144
1747,85
1748,177
1749,181
1750,95
1751,133
1752,122
1753,108
1754,196
1755,195
1756,219
1757,136
1758,231
1759,198
1760,76
1761,82
1762,223
1763,152
1764,219
1765,142
1766,142
1767,160
1768,235
1769,160
1770,208
1771,115
1772,120
1773,157
1774,88
1775,245
1776,242
1777,154
1778,122
1779,186
1780,198
1781,195
1782,36
1783,62
1784,183
1785,150
1786,76
1787,224
1788,203
1789,71
1790,240
1791,247
1792,213
1793,98
1794,204
1795,234
1796,134
1797,180
1798,220
1799,178
1800,173
1801,228
1802,227
1803,81
1804,225
1805,217
1806,167
1807,197
1808,226
1809,208
1810,211
1811,199
1812,158
1813,245
1814,145
1815,189
1816,181
1817,180
1818,161
1819,48
1820,137
1821,198
1822,188
1823,148
1824,190
1825,159
1826,150
1827,198
1828,192
1829,225
1830,226
1831,232
1832,210
1833,173
1834,94
1835,214
1836,161
1837,145
1838,242
1839,213
1840,237
1841,227
1842,181
1843,152
1844,160
1845,88
1846,110
1847,162
1848,223
1849,134
1850,187
1851,188
1852,216
1853,171
1854,175
1855,140
1856,180
1857,240
1858,185
1859,209
1860,229
1861,110
1862,151
1863,230
1864,246
1865,115
1866,179
1867,246
1868,104
1869,247
1870,236
1871,218
1872,181
1873,185
1874,226
1875,220
1876,172
1877,159
1878,207
1879,169
1880,229
1881,162
1882,241
1883,215
1884,165
1885,213
1886,199
1887,125
1888,168
1889,166
1890,238
1891,87
1892,252
1893,238
1894,197
1895,247
1896,148
1897,174
1898,190
1899,160
1900,115
1901,234
1902,158
1903,198
1904,179
1905,195
1906,70
1907,164
1908,231
1909,137
1910,161
1911,245
1912,189
1913,102
1914,58
1915,239
1916,223
1917,239
1918,231
1919,120
1920,193
1921,185
1922,247
1923,203
1924,70
1925,181
1926,204
1927,131
1928,89
1929,159
1930,122
1931,118
1932,247
1933,109
1934,36
1935,254
1936,215
1937,170
1938,176
1939,140
1940,103
1941,233
1942,246
1943,188
1944,103
1945,140
1946,213
1947,222
1948,222
1949,229
1950,166
1951,179
1952,203
1953,169
1954,110
1955,133
1956,216
1957,191
1958,193
1959,196
1960,218
1961,131
1962,103
1963,136
1964,75
1965,219
1966,224
1967,196
1968,207
1969,245
1970,101
1971,190
1972,228
1973,121
1974,185
1975,200
1976,183
1977,174
1978,186
1979,186
1980,156
1981,236
1982,231
1983,229
1984,182
1985,203
1986,196
1987,253
1988,228
1989,221
1990,102
1991,100
1992,230
1993,225
1994,142
1995,226
1996,50
1997,138
1998,230
1999,186
2000,152
2001,40
2002,76
2003,88
2004,186
2005,172
2006,212
2007,243
2008,94
2009,7
2010,245
2011,120
2012,229
2013,199
2014,113
2015,106
2016,174
2017,248
2018,186
2019,225
2020,236
2021,148
2022,197
2023,245
2024,178
2025,79
2026,208
2027,200
2028,132
2029,57
2030,222
2031,195
2032,12
2033,223
2034,133
2035,200
2036,231
2037,138
2038,238
2039,158
2040,212
2041,125
2042,164
2043,231
2044,120
2045,58
2046,234
2047,51
2048,0
2049,167
2050,215
2051,100
2052,86
2053,132
2054,235
2055,236
2056,14
2057,109
2058,204
2059,235
2060,176
2061,169
2062,123
2063,146
2064,201
2065,188
2066,224
2067,94
2068,128
2069,119
2070,194
2071,242
2072,97
2073,209
2074,206
2075,221
2076,225
2077,208
2078,162
2079,129
2080,199
2081,137
2082,124
2083,196
2084,216
2085,150
2086,159
2087,183
2088,234
2089,231
2090,173
2091,38
2092,234
2093,114
2094,148
2095,232
2096,162
2097,188
2098,155
2099,157
2100,0
2101,184
2102,163
2103,150
2104,217
2105,188
2106,208
2107,130
2108,164
2109,138
2110,229
2111,48
2112,166
2113,10
2114,13
2115,199
2116,0
2117,147
2118,63
2119,247
2120,200
2121,191
2122,122
2123,171
2124,245
2125,17
2126,170
2127,240
2128,219
2129,0
2130,133
2131,236
2132,0
2133,221
2134,140
2135,0
2136,185
2137,81
2138,135
2139,0
2140,102
2141,121
2142,170
2143,215
2144,123
2145,187
2146,77
2147,239
2148,15
2149,114
2150,42
2151,199
2152,108
2153,184
2154,199
2155,201
2156,170
2157,183
2158,226
2159,197
2160,90
2161,104
2162,161
2163,135
2164,174
2165,234
2166,139
2167,0
2168,5
2169,233
2170,240
2171,80
2172,216
2173,178
2174,211
2175,165
2176,160
2177,216
2178,121
2179,221
2180,123
2181,236
2182,0
2183,158
2184,46
2185,202
2186,91
2187,229
2188,231
2189,112
2190,203
2191,27
2192,217
2193,99
2194,198
2195,64
2196,212
2197,114
2198,221
2199,169
2200,176
2201,39
2202,212
2203,143
2204,81
2205,235
2206,101
2207,136
2208,148
2209,54
2210,131
2211,169
2212,150
2213,89
2214,154
2215,211
2216,207
2217,148
2218,44
2219,124
2220,186
2221,107
2222,193
2223,207
2224,126
2225,182
2226,209
2227,110
2228,152
2229,208
2230,248
2231,105
2232,133
2233,221
2234,220
2235,200
2236,118
2237,164
2238,157
2239,206
2240,145
2241,236
2242,192
2243,197
2244,245
2245,191
2246,195
2247,153
2248,0
2249,90
2250,160
2251,190
2252,222
2253,144
2254,130
2255,184
2256,167
2257,0
2258,193
2259,77
2260,187
2261,168
2262,194
2263,205
2264,228
2265,180
2266,129
2267,200
2268,230
2269,79
2270,77
2271,232
2272,155
2273,216
2274,159
2275,208
2276,168
2277,87
2278,0
2279,132
2280,181
2281,136
2282,134
2283,148
2284,73
2285,247
2286,83
2287,191
2288,242
2289,204
2290,163
2291,208
2292,29
2293,177
2294,138
2295,243
2296,179
2297,200
2298,227
2299,89
2300,207
2301,147
2302,169
2303,239
2304,166
2305,126
2306,0
2307,23
2308,217
2309,172
2310,199
2311,109
2312,219
2313,230
2314,0
2315,116
2316,67
2317,71
2318,243
2319,135
2320,235
2321,178
2322,141
2323,191
2324,199
2325,209
2326,130
2327,238
2328,144
2329,242
2330,89
2331,121
2332,201
2333,180
2334,184
2335,224
2336,71
2337,134
2338,140
2339,83
2340,210
2341,184
2342,186
2343,164
2344,238
2345,225
2346,108
2347,161
2348,216
2349,215
2350,158
2351,106
2352,185
2353,170
2354,199
2355,172
2356,166
2357,136
2358,193
2359,183
2360,170
2361,68
2362,180
2363,62
2364,216
2365,109
2366,244
2367,66
2368,204
2369,205
2370,168
2371,74
2372,236
2373,178
2374,42
2375,138
2376,205
2377,105
2378,60
2379,237
2380,152
2381,169
2382,159
2383,220
2384,2
2385,148
2386,202
2387,213
2388,140
2389,126
2390,191
2391,192
2392,89
2393,86
2394,92
2395,152
2396,215
2397,126
2398,206
2399,207
