0,10
1,243
2,229
3,192
4,210
5,159
6,219
7,43
8,212
9,130
10,123
11,200
12,233
13,238
14,251
15,138
16,157
17,227
18,139
19,78
20,132
21,182
22,150
23,208
24,0
25,112
26,182
27,156
28,134
29,224
30,222
31,141
32,171
33,174
34,107
35,34
36,235
37,178
38,230
39,244
40,136
41,236
42,168
43,12
44,113
45,237
46,226
47,216
48,160
49,90
50,186
51,133
52,243
53,241
54,219
55,148
56,198
57,144
58,168
59,138
60,62
61,195
62,115
63,215
64,208
65,56
66,228
67,146
68,124
69,139
70,118
71,189
72,207
73,208
74,117
75,121
76,96
77,153
78,173
79,204
80,212
81,136
82,197
83,186
84,189
85,86
86,200
87,248
88,226
89,197
90,137
91,145
92,62
93,234
94,165
95,194
96,111
97,142
98,213
99,224
100,186
101,238
102,206
103,227
104,47
105,156
106,190
107,199
108,156
109,106
110,228
111,188
112,219
113,0
114,221
115,157
116,116
117,161
118,218
119,213
120,199
121,0
122,203
123,229
124,195
125,171
126,181
127,209
128,173
129,81
130,167
131,191
132,214
133,67
134,188
135,175
136,101
137,220
138,187
139,202
140,143
141,223
142,115
143,195
144,205
145,186
146,191
147,206
148,94
149,217
150,114
151,157
152,179
153,167
154,145
155,230
156,244
157,64
158,221
159,192
160,204
161,172
162,100
163,155
164,225
165,233
166,155
167,208
168,169
169,227
170,217
171,162
172,161
173,240
174,134
175,136
176,201
177,80
178,169
179,192
180,145
181,170
182,46
183,29
184,184
185,179
186,156
187,219
188,79
189,181
190,84
191,240
192,170
193,139
194,132
195,203
196,180
197,228
198,241
199,180
200,138
201,222
202,231
203,189
204,184
205,198
206,189
207,185
208,212
209,224
210,156
211,215
212,211
213,216
214,199
215,205
216,221
217,87
218,177
219,206
220,203
221,177
222,245
223,176
224,201
225,228
226,189
227,242
228,217
229,213
230,110
231,201
232,130
233,141
234,126
235,116
236,191
237,112
238,181
239,232
240,104
241,136
242,235
243,216
244,182
245,223
246,198
247,54
248,220
249,155
250,182
251,189
252,180
253,128
254,195
255,172
256,223
257,168
258,204
259,240
260,231
261,120
262,226
263,203
264,146
265,184
266,127
267,196
268,170
269,210
270,245
271,90
272,109
273,156
274,65
275,220
276,190
277,179
278,174
279,130
280,96
281,227
282,102
283,164
284,202
285,85
286,128
287,135
288,212
289,191
290,213
291,232
292,230
293,202
294,185
295,236
296,176
297,186
298,204
299,218
300,203
301,174
302,220
303,179
304,218
305,232
306,243
307,163
308,210
309,176
310,209
311,140
312,172
313,139
314,151
315,106
316,182
317,229
318,157
319,31
320,144
321,144
322,218
323,228
324,226
325,180
326,216
327,238
328,230
329,138
330,148
331,197
332,246
333,215
334,225
335,181
336,162
337,210
338,157
339,203
340,243
341,93
342,25
343,162
344,115
345,150
346,183
347,159
348,247
349,130
350,250
351,196
352,127
353,100
354,209
355,204
356,196
357,145
358,221
359,177
360,122
361,183
362,203
363,138
364,152
365,212
366,81
367,199
368,236
369,195
370,221
371,216
372,232
373,138
374,91
375,146
376,171
377,150
378,144
379,191
380,170
381,148
382,10
383,149
384,227
385,151
386,121
387,230
388,135
389,241
390,136
391,190
392,237
393,97
394,147
395,240
396,229
397,217
398,240
399,94
400,171
401,98
402,243
403,245
404,201
405,123
406,70
407,147
408,204
409,230
410,240
411,227
412,211
413,151
414,86
415,204
416,240
417,250
418,188
419,179
420,156
421,75
422,174
423,121
424,220
425,232
426,108
427,229
428,189
429,140
430,240
431,231
432,69
433,222
434,184
435,115
436,159
437,205
438,217
439,194
440,141
441,230
442,147
443,91
444,194
445,98
446,199
447,188
448,226
449,214
450,217
451,167
452,244
453,150
454,225
455,171
456,216
457,229
458,219
459,200
460,237
461,138
462,167
463,233
464,244
465,130
466,133
467,191
468,209
469,246
470,176
471,236
472,168
473,101
474,185
475,139
476,241
477,195
478,146
479,246
480,199
481,162
482,206
483,216
484,64
485,233
486,105
487,232
488,249
489,113
490,223
491,235
492,145
493,221
494,106
495,251
496,231
497,237
498,155
499,161
500,227
501,238
502,232
503,239
504,149
505,196
506,214
507,179
508,212
509,206
510,128
511,215
512,218
513,126
514,182
515,245
516,227
517,179
518,235
519,226
520,226
521,158
522,143
523,237
524,194
525,242
526,195
527,160
528,217
529,213
530,225
531,225
532,143
533,237
534,219
535,207
536,234
537,128
538,241
539,211
540,180
541,187
542,137
543,220
544,226
545,183
546,149
547,233
548,216
549,191
550,127
551,194
552,178
553,159
554,247
555,180
556,156
557,211
558,124
559,234
560,226
561,247
562,187
563,229
564,160
565,213
566,153
567,232
568,230
569,205
570,225
571,229
572,202
573,224
574,241
575,160
576,211
577,238
578,194
579,244
580,219
581,243
582,214
583,173
584,212
585,158
586,186
587,194
588,205
589,235
590,219
591,163
592,202
593,140
594,133
595,164
596,212
597,234
598,151
599,155
600,149
601,243
602,101
603,92
604,157
605,232
606,149
607,172
608,195
609,116
610,148
611,202
612,185
613,68
614,229
615,136
616,37
617,153
618,235
619,192
620,80
621,196
622,235
623,189
624,167
625,206
626,189
627,224
628,232
629,146
630,219
631,229
632,130
633,168
634,217
635,214
636,239
637,177
638,164
639,123
640,209
641,189
642,237
643,191
644,207
645,145
646,239
647,194
648,216
649,93
650,124
651,220
652,207
653,228
654,190
655,205
656,158
657,213
658,194
659,230
660,138
661,218
662,185
663,182
664,198
665,204
666,235
667,221
668,133
669,210
670,116
671,149
672,194
673,188
674,242
675,212
676,204
677,174
678,152
679,126
680,225
681,142
682,168
683,219
684,224
685,217
686,152
687,232
688,218
689,207
690,98
691,212
692,83
693,249
694,239
695,176
696,127
697,184
698,139
699,164
700,153
701,238
702,241
703,244
704,106
705,219
706,71
707,168
708,156
709,240
710,174
711,229
712,134
713,232
714,172
715,136
716,168
717,250
718,197
719,85
720,210
721,195
722,163
723,80
724,194
725,136
726,202
727,14
728,125
729,210
730,212
731,154
732,186
733,193
734,240
735,193
736,227
737,177
738,185
739,95
740,194
741,226
742,89
743,241
744,226
745,122
746,205
747,112
748,171
749,195
750,103
751,210
752,207
753,193
754,199
755,211
756,205
757,219
758,243
759,132
760,182
761,252
762,246
763,224
764,224
765,219
766,237
767,167
768,214
769,196
770,239
771,94
772,218
773,193
774,137
775,245
776,193
777,242
778,212
779,244
780,179
781,224
782,118
783,213
784,102
785,209
786,54
787,154
788,109
789,224
790,191
791,93
792,109
793,206
794,231
795,116
796,87
797,243
798,96
799,121
800,228
801,157
802,189
803,246
804,245
805,136
806,136
807,202
808,211
809,206
810,210
811,207
812,162
813,143
814,207
815,191
816,131
817,149
818,232
819,199
820,186
821,176
822,230
823,203
824,197
825,186
826,230
827,156
828,243
829,215
830,196
831,208
832,126
833,224
834,158
835,177
836,196
837,182
838,248
839,231
840,87
841,132
842,177
843,206
844,163
845,144
846,185
847,238
848,207
849,221
850,209
851,0
852,111
853,161
854,187
855,168
856,205
857,245
858,186
859,224
860,220
861,163
862,203
863,163
864,160
865,231
866,228
867,245
868,244
869,242
870,180
871,224
872,217
873,198
874,180
875,222
876,183
877,187
878,207
879,171
880,106
881,191
882,205
883,191
884,181
885,162
886,227
887,244
888,163
889,243
890,211
891,77
892,89
893,212
894,191
895,170
896,177
897,51
898,196
899,212
900,186
901,151
902,203
903,168
904,231
905,152
906,215
907,160
908,165
909,164
910,110
911,224
912,122
913,211
914,130
915,241
916,217
917,170
918,188
919,32
920,196
921,182
922,139
923,162
924,209
925,192
926,171
927,208
928,133
929,216
930,129
931,107
932,193
933,222
934,183
935,190
936,186
937,231
938,189
939,120
940,175
941,219
942,177
943,177
944,212
945,145
946,197
947,140
948,198
949,149
950,151
951,122
952,221
953,239
954,189
955,244
956,200
957,211
958,181
959,67
960,204
961,238
962,93
963,216
964,195
965,167
966,101
967,189
968,185
969,219
970,229
971,193
972,192
973,97
974,203
975,163
976,209
977,114
978,218
979,241
980,210
981,201
982,96
983,157
984,164
985,238
986,206
987,235
988,239
989,147
990,243
991,147
992,183
993,219
994,217
995,213
996,184
997,245
998,156
999,225
1000,219
1001,137
1002,183
1003,245
1004,219
1005,232
1006,156
1007,207
1008,203
1009,184
1010,232
1011,198
1012,182
1013,206
1014,219
1015,225
1016,174
1017,214
1018,220
1019,246
1020,225
1021,247
1022,102
1023,172
1024,143
1025,221
1026,219
1027,82
1028,197
1029,188
1030,239
1031,189
1032,132
1033,164
1034,221
1035,199
1036,232
1037,202
1038,231
1039,192
1040,195
1041,143
1042,213
1043,166
1044,143
1045,229
1046,185
1047,180
1048,237
1049,116
1050,198
1051,219
1052,216
1053,193
1054,155
1055,183
1056,244
1057,200
1058,155
1059,212
1060,230
1061,177
1062,197
1063,175
1064,227
1065,208
1066,191
1067,234
1068,244
1069,210
1070,233
1071,207
1072,163
1073,231
1074,243
1075,170
1076,218
1077,207
1078,163
1079,189
1080,228
1081,156
1082,178
1083,146
1084,206
1085,223
1086,210
1087,143
1088,209
1089,150
1090,222
1091,190
1092,227
1093,178
1094,219
1095,240
1096,140
1097,212
1098,215
1099,225
1100,204
1101,227
1102,231
1103,233
1104,174
1105,212
1106,220
1107,124
1108,227
1109,221
1110,207
1111,162
1112,170
1113,222
1114,233
1115,172
1116,226
1117,163
1118,186
1119,165
1120,229
1121,202
1122,166
1123,142
1124,172
1125,177
1126,244
1127,226
1128,190
1129,209
1130,181
1131,243
1132,169
1133,237
1134,169
1135,169
1136,222
1137,197
1138,249
1139,182
1140,247
1141,194
1142,206
1143,118
1144,137
1145,161
1146,80
1147,249
1148,162
1149,209
1150,119
1151,233
1152,198
1153,197
1154,165
1155,190
1156,204
1157,215
1158,214
1159,234
1160,171
1161,236
1162,119
1163,248
1164,163
1165,241
1166,149
1167,228
1168,235
1169,221
1170,181
1171,179
1172,225
1173,186
1174,242
1175,249
1176,216
1177,191
1178,248
1179,121
1180,184
1181,156
1182,149
1183,146
1184,219
1185,234
1186,221
1187,197
1188,130
1189,200
1190,221
1191,105
1192,248
1193,210
1194,230
1195,248
1196,206
1197,193
1198,162
1199,235
1200,158
1201,247
1202,103
1203,221
1204,159
1205,164
1206,138
1207,172
1208,84
1209,196
1210,178
1211,214
1212,209
1213,168
1214,52
1215,94
1216,96
1217,167
1218,117
1219,250
1220,206
1221,198
1222,2
1223,98
1224,156
1225,0
1226,235
1227,104
1228,129
1229,243
1230,104
1231,20
1232,144
1233,150
1234,100
1235,172
1236,196
1237,115
1238,146
1239,217
1240,189
1241,158
1242,158
1243,222
1244,230
1245,249
1246,215
1247,150
1248,239
1249,163
1250,229
1251,166
1252,176
1253,181
1254,120
1255,46
1256,184
1257,238
1258,153
1259,166
1260,147
1261,220
1262,32
1263,247
1264,160
1265,169
1266,77
1267,95
1268,237
1269,168
1270,230
1271,197
1272,161
1273,227
1274,244
1275,227
1276,153
1277,78
1278,191
1279,250
1280,151
1281,100
1282,234
1283,124
1284,129
1285,60
1286,145
1287,0
1288,160
1289,89
1290,235
1291,224
1292,81
1293,160
1294,131
1295,140
1296,243
1297,78
1298,174
1299,54
1300,245
1301,164
1302,240
1303,164
1304,175
1305,230
1306,221
1307,231
1308,38
1309,158
1310,63
1311,165
1312,67
1313,227
1314,229
1315,223
1316,75
1317,182
1318,117
1319,201
1320,76
1321,118
1322,148
1323,239
1324,54
1325,161
1326,80
1327,79
1328,130
1329,218
1330,185
1331,112
1332,91
1333,150
1334,167
1335,91
1336,0
1337,167
1338,0
1339,207
1340,9
1341,194
1342,202
1343,194
1344,87
1345,46
1346,247
1347,83
1348,211
1349,185
1350,237
1351,0
1352,201
1353,0
1354,222
1355,100
1356,228
1357,213
1358,143
1359,137
1360,222
1361,93
1362,173
1363,72
1364,242
1365,245
1366,154
1367,172
1368,100
1369,137
1370,218
1371,210
1372,17
1373,151
1374,240
1375,248
1376,138
1377,199
1378,169
1379,230
1380,206
1381,91
1382,216
1383,232
1384,224
1385,8
1386,240
1387,220
1388,10
1389,55
1390,28
1391,217
1392,161
1393,188
1394,195
1395,88
1396,142
1397,82
1398,164
1399,176
1400,183
1401,214
1402,117
1403,205
1404,227
1405,173
1406,209
1407,62
1408,147
1409,207
1410,191
1411,204
1412,220
1413,210
1414,234
1415,129
1416,158
1417,143
1418,230
1419,184
1420,153
1421,222
1422,244
1423,105
1424,142
1425,239
1426,42
1427,119
1428,220
1429,209
1430,18
1431,168
1432,220
1433,81
1434,131
1435,241
1436,111
1437,103
1438,242
1439,236
1440,234
1441,104
1442,132
1443,241
1444,193
1445,222
1446,117
1447,155
1448,197
1449,125
1450,72
1451,176
1452,191
1453,79
1454,237
1455,245
1456,191
1457,62
1458,175
1459,165
1460,204
1461,227
1462,18
1463,160
1464,94
1465,187
1466,215
1467,223
1468,216
1469,148
1470,131
1471,209
1472,142
1473,167
1474,205
1475,203
1476,201
1477,56
1478,217
1479,168
1480,106
1481,146
1482,234
1483,221
1484,222
1485,159
1486,246
1487,102
1488,243
1489,226
1490,203
1491,76
1492,229
1493,221
1494,251
1495,232
1496,249
1497,228
1498,211
1499,123
1500,158
1501,199
1502,207
1503,174
1504,104
1505,155
1506,113
1507,64
1508,180
1509,202
1510,132
1511,191
1512,168
1513,37
1514,137
1515,234
1516,198
1517,212
1518,218
1519,80
1520,193
1521,236
1522,176
1523,76
1524,117
1525,223
1526,206
1527,211
1528,210
1529,224
1530,142
1531,84
1532,174
1533,240
1534,155
1535,97
1536,123
1537,166
1538,158
1539,216
1540,191
1541,239
1542,102
1543,221
1544,95
1545,95
1546,200
1547,150
1548,97
1549,168
1550,60
1551,104
1552,159
1553,178
1554,164
1555,153
1556,106
1557,208
1558,175
1559,133
1560,229
1561,122
1562,244
1563,149
1564,131
1565,135
1566,99
1567,179
1568,239
1569,11
1570,183
1571,187
1572,246
1573,239
1574,193
1575,243
1576,117
1577,94
1578,10
1579,233
1580,216
1581,144
1582,107
1583,228
1584,182
1585,200
1586,217
1587,108
1588,198
1589,118
1590,233
1591,225
1592,211
1593,202
1594,170
1595,0
1596,127
1597,144
1598,129
1599,99
1600,219
1601,205
1602,153
1603,182
1604,239
1605,220
1606,207
1607,162
1608,221
1609,183
1610,252
1611,129
1612,174
1613,222
1614,179
1615,101
1616,235
1617,178
1618,169
1619,172
1620,141
1621,212
1622,238
1623,165
1624,196
1625,200
1626,108
1627,99
1628,231
1629,107
1630,185
1631,227
1632,205
1633,189
1634,201
1635,236
1636,200
1637,234
1638,64
1639,212
1640,217
1641,179
1642,143
1643,189
1644,224
1645,214
1646,224
1647,253
1648,254
1649,248
1650,230
1651,244
1652,171
1653,148
1654,159
1655,247
1656,188
1657,183
1658,249
1659,221
1660,233
1661,175
1662,192
1663,218
1664,153
1665,248
1666,173
1667,196
1668,165
1669,176
1670,204
1671,213
1672,251
1673,255
1674,184
1675,246
1676,221
1677,230
1678,137
1679,100
1680,230
1681,161
1682,226
1683,150
1684,173
1685,239
1686,186
1687,227
1688,240
1689,150
1690,109
1691,154
1692,223
1693,188
1694,112
1695,153
1696,201
1697,0
1698,216
1699,247
1700,150
1701,221
1702,122
1703,232
1704,205
1705,179
1706,216
1707,141
1708,194
1709,238
1710,200
1711,218
1712,149
1713,130
1714,4
1715,221
1716,233
1717,193
1718,109
1719,225
1720,156
1721,68
1722,162
1723,78
1724,26
1725,178
1726,238
1727,176
1728,164
1729,120
1730,122
1731,229
1732,150
1733,212
1734,163
1735,203
1736,128
1737,108
1738,196
1739,229
1740,65
1741,140
1742,147
1743,229
1744,250
1745,150
1746,152
1747,106
1748,182
1749,186
1750,70
1751,121
1752,101
1753,78
1754,194
1755,215
1756,226
1757,146
1758,225
1759,188
1760,71
1761,68
1762,226
1763,134
1764,218
1765,146
1766,159
1767,173
1768,228
1769,135
1770,194
1771,128
1772,117
1773,151
1774,136
1775,245
1776,243
1777,168
1778,122
1779,181
1780,211
1781,199
1782,15
1783,59
1784,205
1785,148
1786,91
1787,226
1788,209
1789,120
1790,236
1791,249
1792,208
1793,20
1794,194
1795,234
1796,145
1797,188
1798,223
1799,220
1800,184
1801,228
1802,231
1803,112
1804,222
1805,220
1806,187
1807,211
1808,218
1809,232
1810,179
1811,205
1812,142
1813,249
1814,154
1815,169
1816,218
1817,177
1818,163
1819,53
1820,133
1821,226
1822,202
1823,141
1824,212
1825,160
1826,178
1827,194
1828,202
1829,232
1830,218
1831,233
1832,219
1833,155
1834,119
1835,202
1836,175
1837,144
1838,239
1839,217
1840,216
1841,236
1842,202
1843,145
1844,159
1845,116
1846,13
1847,158
1848,224
1849,128
1850,187
1851,211
1852,215
1853,143
1854,174
1855,140
1856,196
1857,240
1858,200
1859,209
1860,225
1861,108
1862,140
1863,233
1864,245
1865,98
1866,220
1867,246
1868,86
1869,249
1870,235
1871,210
1872,185
1873,223
1874,220
1875,223
1876,140
1877,132
1878,199
1879,172
1880,240
1881,178
1882,245
1883,221
1884,176
1885,217
1886,191
1887,125
1888,183
1889,163
1890,237
1891,105
1892,252
1893,240
1894,204
1895,245
1896,74
1897,184
1898,194
1899,176
1900,80
1901,232
1902,173
1903,193
1904,179
1905,203
1906,70
1907,160
1908,229
1909,142
1910,176
1911,249
1912,196
1913,79
1914,74
1915,239
1916,231
1917,237
1918,237
1919,74
1920,205
1921,179
1922,247
1923,199
1924,88
1925,156
1926,191
1927,81
1928,82
1929,168
1930,62
1931,41
1932,247
1933,138
1934,104
1935,254
1936,208
1937,151
1938,188
1939,125
1940,108
1941,237
1942,246
1943,191
1944,103
1945,113
1946,220
1947,216
1948,229
1949,226
1950,185
1951,195
1952,195
1953,171
1954,136
1955,110
1956,219
1957,181
1958,204
1959,218
1960,227
1961,150
1962,56
1963,132
1964,75
1965,218
1966,234
1967,186
1968,204
1969,247
1970,98
1971,181
1972,231
1973,75
1974,203
1975,208
1976,157
1977,168
1978,192
1979,155
1980,169
1981,237
1982,235
1983,220
1984,182
1985,205
1986,210
1987,254
1988,228
1989,244
1990,125
1991,125
1992,242
1993,223
1994,143
1995,239
1996,46
1997,152
1998,229
1999,201
2000,153
2001,52
2002,92
2003,45
2004,189
2005,179
2006,199
2007,240
2008,53
2009,22
2010,247
2011,82
2012,228
2013,210
2014,147
2015,120
2016,160
2017,250
2018,186
2019,223
2020,246
2021,134
2022,196
2023,245
2024,188
2025,59
2026,200
2027,203
2028,150
2029,52
2030,224
2031,214
2032,29
2033,214
2034,117
2035,197
2036,224
2037,160
2038,243
2039,187
2040,192
2041,122
2042,161
2043,238
2044,153
2045,48
2046,235
2047,78
2048,0
2049,164
2050,211
2051,86
2052,102
2053,127
2054,233
2055,233
2056,0
2057,62
2058,207
2059,243
2060,172
2061,149
2062,155
2063,149
2064,199
2065,177
2066,230
2067,84
2068,132
2069,124
2070,206
2071,243
2072,99
2073,225
2074,218
2075,222
2076,226
2077,197
2078,167
2079,129
2080,209
2081,150
2082,98
2083,213
2084,221
2085,135
2086,164
2087,193
2088,238
2089,224
2090,183
2091,10
2092,238
2093,122
2094,170
2095,237
2096,134
2097,157
2098,167
2099,122
2100,0
2101,193
2102,170
2103,163
2104,211
2105,193
2106,199
2107,120
2108,181
2109,134
2110,236
2111,0
2112,203
2113,0
2114,18
2115,203
2116,0
2117,124
2118,154
2119,236
2120,199
2121,205
2122,146
2123,106
2124,244
2125,29
2126,179
2127,230
2128,222
2129,36
2130,69
2131,232
2132,72
2133,218
2134,146
2135,0
2136,207
2137,66
2138,178
2139,0
2140,72
2141,111
2142,168
2143,219
2144,128
2145,191
2146,0
2147,240
2148,59
2149,101
2150,121
2151,194
2152,46
2153,164
2154,213
2155,204
2156,183
2157,180
2158,224
2159,203
2160,101
2161,197
2162,173
2163,147
2164,169
2165,232
2166,171
2167,0
2168,6
2169,241
2170,238
2171,46
2172,215
2173,179
2174,209
2175,212
2176,183
2177,218
2178,123
2179,233
2180,135
2181,237
2182,0
2183,175
2184,43
2185,215
2186,0
2187,228
2188,231
2189,61
2190,200
2191,0
2192,213
2193,96
2194,201
2195,64
2196,210
2197,38
2198,224
2199,146
2200,200
2201,35
2202,216
2203,137
2204,137
2205,237
2206,95
2207,147
2208,167
2209,99
2210,93
2211,165
2212,124
2213,41
2214,148
2215,213
2216,217
2217,140
2218,0
2219,92
2220,189
2221,108
2222,215
2223,214
2224,150
2225,185
2226,168
2227,119
2228,184
2229,207
2230,249
2231,82
2232,128
2233,222
2234,220
2235,184
2236,134
2237,159
2238,155
2239,201
2240,138
2241,244
2242,177
2243,205
2244,243
2245,209
2246,185
2247,192
2248,0
2249,93
2250,170
2251,189
2252,222
2253,129
2254,117
2255,175
2256,165
2257,18
2258,187
2259,123
2260,183
2261,195
2262,203
2263,201
2264,230
2265,182
2266,137
2267,209
2268,234
2269,71
2270,50
2271,234
2272,141
2273,207
2274,188
2275,223
2276,141
2277,101
2278,0
2279,134
2280,167
2281,163
2282,135
2283,155
2284,52
2285,246
2286,81
2287,208
2288,244
2289,186
2290,164
2291,195
2292,0
2293,170
2294,100
2295,243
2296,175
2297,191
2298,230
2299,109
2300,201
2301,166
2302,214
2303,243
2304,166
2305,127
2306,0
2307,0
2308,225
2309,184
2310,211
2311,151
2312,217
2313,231
2314,58
2315,126
2316,46
2317,134
2318,251
2319,129
2320,236
2321,203
2322,136
2323,197
2324,193
2325,205
2326,134
2327,237
2328,166
2329,241
2330,5
2331,190
2332,207
2333,197
2334,174
2335,224
2336,107
2337,114
2338,196
2339,130
2340,220
2341,192
2342,113
2343,168
2344,244
2345,224
2346,116
2347,162
2348,216
2349,219
2350,179
2351,67
2352,197
2353,185
2354,198
2355,184
2356,183
2357,140
2358,209
2359,192
2360,171
2361,83
2362,213
2363,69
2364,242
2365,137
2366,243
2367,49
2368,211
2369,228
2370,189
2371,107
2372,236
2373,184
2374,66
2375,152
2376,215
2377,69
2378,72
2379,242
2380,162
2381,135
2382,167
2383,218
2384,0
2385,140
2386,197
2387,224
2388,140
2389,99
2390,207
2391,197
2392,139
2393,94
2394,88
2395,148
2396,219
2397,129
2398,197
2399,210
