0,188
1,185
2,173
3,225
4,186
5,82
6,186
7,234
8,226
9,131
10,146
11,229
12,169
13,179
14,234
15,175
16,216
17,212
18,242
19,239
20,219
21,98
22,148
23,192
24,243
25,222
26,78
27,76
28,217
29,170
30,14
31,193
32,196
33,233
34,226
35,218
36,236
37,223
38,207
39,236
40,209
41,250
42,178
43,90
44,219
45,210
46,146
47,237
48,117
49,195
50,184
51,223
52,86
53,219
54,212
55,186
56,177
57,205
58,208
59,253
60,237
61,166
62,177
63,198
64,202
65,216
66,250
67,243
68,166
69,145
70,197
71,205
72,160
73,231
74,226
75,171
76,225
77,11
78,207
79,215
80,236
81,234
82,127
83,163
84,223
85,218
86,172
87,196
88,134
89,199
90,173
91,241
92,197
93,168
94,129
95,215
96,234
97,180
98,247
99,182
100,256
101,249
102,147
103,101
104,246
105,220
106,222
107,216
108,159
109,0
110,133
111,198
112,201
113,235
114,247
115,223
116,229
117,235
118,226
119,234
120,182
121,214
122,94
123,102
124,192
125,200
126,221
127,54
128,230
129,154
130,163
131,210
132,217
133,234
134,178
135,183
136,197
137,183
138,111
139,144
140,254
141,235
142,227
143,142
144,197
145,164
146,212
147,203
148,193
149,212
150,147
151,224
152,238
153,187
154,181
155,236
156,249
157,153
158,41
159,125
160,230
161,205
162,225
163,135
164,244
165,29
166,124
167,179
168,165
169,251
170,211
171,150
172,173
173,141
174,239
175,178
176,223
177,218
178,239
179,8
180,162
181,69
182,147
183,207
184,186
185,204
186,221
187,171
188,138
189,232
190,245
191,205
192,93
193,250
194,188
195,245
196,171
197,211
198,211
199,204
200,169
201,211
202,191
203,205
204,253
205,140
206,154
207,217
208,184
209,97
210,136
211,206
212,243
213,222
214,130
215,184
216,198
217,192
218,244
219,165
220,138
221,235
222,190
223,89
224,219
225,253
226,236
227,179
228,226
229,217
230,172
231,156
232,239
233,208
234,173
235,210
236,153
237,202
238,118
239,232
240,217
241,148
242,244
243,163
244,237
245,235
246,221
247,251
248,207
249,215
250,162
251,135
252,205
253,200
254,239
255,248
256,254
257,215
258,174
259,187
260,131
261,177
262,231
263,178
264,229
265,227
266,164
267,148
268,221
269,176
270,193
271,198
272,195
273,252
274,184
275,163
276,228
277,141
278,243
279,161
280,141
281,207
282,234
283,209
284,136
285,224
286,192
287,217
288,217
289,197
290,165
291,231
292,179
293,124
294,197
295,153
296,105
297,130
298,160
299,204
300,166
301,194
302,238
303,171
304,218
305,222
306,144
307,218
308,214
309,249
310,205
311,164
312,160
313,249
314,251
315,160
316,129
317,186
318,212
319,195
320,214
321,87
322,160
323,213
324,207
325,231
326,132
327,232
328,199
329,148
330,234
331,250
332,109
333,212
334,226
335,222
336,185
337,208
338,206
339,99
340,93
341,248
342,237
343,199
344,173
345,150
346,115
347,126
348,42
349,85
350,106
351,177
352,134
353,154
354,208
355,212
356,213
357,230
358,213
359,134
360,200
361,204
362,201
363,161
364,230
365,189
366,204
367,237
368,234
369,67
370,206
371,204
372,110
373,182
374,251
375,115
376,212
377,233
378,147
379,195
380,192
381,109
382,140
383,204
384,197
385,252
386,197
387,134
388,204
389,223
390,238
391,215
392,241
393,178
394,171
395,9
396,223
397,214
398,153
399,237
400,79
401,184
402,214
403,141
404,178
405,210
406,213
407,68
408,215
409,222
410,176
411,127
412,231
413,250
414,202
415,122
416,186
417,101
418,194
419,94
420,216
421,208
422,216
423,245
424,203
425,236
426,230
427,80
428,132
429,161
430,229
431,236
432,221
433,246
434,181
435,174
436,173
437,227
438,203
439,234
440,186
441,137
442,184
443,192
444,175
445,180
446,26
447,202
448,118
449,228
450,82
451,203
452,210
453,176
454,241
455,219
456,202
457,245
458,215
459,248
460,230
461,241
462,251
463,173
464,227
465,192
466,154
467,170
468,131
469,134
470,127
471,178
472,183
473,156
474,206
475,244
476,227
477,168
478,222
479,137
480,172
481,230
482,246
483,246
484,129
485,155
486,226
487,72
488,148
489,232
490,158
491,168
492,201
493,92
494,170
495,174
496,225
497,207
498,231
499,230
500,194
501,205
502,249
503,249
504,125
505,236
506,136
507,194
508,128
509,121
510,228
511,227
512,220
513,249
514,177
515,232
516,173
517,180
518,96
519,223
520,95
521,227
522,169
523,101
524,184
525,211
526,213
527,226
528,223
529,220
530,169
531,204
532,82
533,172
534,244
535,73
536,228
537,215
538,102
539,97
540,202
541,242
542,203
543,210
544,223
545,157
546,152
547,158
548,78
549,256
550,175
551,124
552,228
553,178
554,71
555,187
556,0
557,232
558,161
559,196
560,165
561,216
562,198
563,125
564,229
565,182
566,253
567,254
568,216
569,246
570,195
571,113
572,231
573,231
574,179
575,201
576,234
577,85
578,218
579,254
580,196
581,80
582,216
583,250
584,244
585,119
586,194
587,198
588,192
589,142
590,218
591,225
592,250
593,139
594,198
595,235
596,243
597,247
598,154
599,235
600,162
601,205
602,134
603,211
604,144
605,151
606,168
607,190
608,187
609,103
610,225
611,248
612,171
613,251
614,63
615,253
616,131
617,167
618,144
619,138
620,185
621,205
622,147
623,231
624,184
625,196
626,219
627,202
628,208
629,166
630,185
631,204
632,233
633,203
634,199
635,188
636,173
637,86
638,65
639,218
640,49
641,166
642,190
643,136
644,228
645,229
646,240
647,227
648,183
649,203
650,170
651,248
652,145
653,134
654,0
655,202
656,126
657,245
658,239
659,126
660,222
661,191
662,183
663,190
664,229
665,115
666,221
667,110
668,229
669,105
670,171
671,213
672,23
673,245
674,203
675,190
676,155
677,120
678,165
679,227
680,244
681,140
682,247
683,154
684,200
685,231
686,149
687,189
688,199
689,134
690,246
691,223
692,196
693,184
694,181
695,237
696,160
697,238
698,0
699,137
700,212
701,231
702,149
703,254
704,184
705,230
706,116
707,245
708,74
709,136
710,246
711,236
712,251
713,216
714,122
715,179
716,147
717,219
718,120
719,94
720,155
721,222
722,143
723,226
724,226
725,186
726,114
727,252
728,87
729,179
730,215
731,64
732,223
733,125
734,230
735,128
736,158
737,201
738,210
739,198
740,230
741,196
742,72
743,149
744,179
745,178
746,93
747,255
748,206
749,241
750,212
751,0
752,207
753,123
754,249
755,101
756,232
757,189
758,203
759,227
760,182
761,78
762,229
763,228
764,185
765,240
766,148
767,185
768,117
769,221
770,158
771,217
772,134
773,234
774,206
775,127
776,186
777,236
778,182
779,107
780,224
781,188
782,108
783,239
784,214
785,251
786,241
787,86
788,113
789,230
790,251
791,97
792,190
793,238
794,205
795,250
796,138
797,154
798,232
799,256
800,164
801,238
802,213
803,163
804,168
805,236
806,248
807,209
808,250
809,204
810,237
811,149
812,178
813,233
814,200
815,207
816,213
817,138
818,113
819,211
820,251
821,216
822,0
823,231
824,218
825,174
826,207
827,229
828,162
829,239
830,173
831,209
832,212
833,130
834,201
835,116
836,149
837,127
838,156
839,119
840,234
841,216
842,236
843,225
844,212
845,232
846,133
847,175
848,226
849,151
850,207
851,129
852,190
853,242
854,130
855,163
856,72
857,244
858,154
859,122
860,230
861,186
862,149
863,220
864,173
865,144
866,224
867,242
868,177
869,226
870,164
871,222
872,216
873,217
874,242
875,239
876,202
877,222
878,202
879,213
880,246
881,130
882,47
883,230
884,171
885,191
886,160
887,220
888,212
889,76
890,249
891,220
892,188
893,193
894,189
895,251
896,236
897,211
898,130
899,157
900,140
901,172
902,213
903,116
904,94
905,191
906,92
907,21
908,193
909,234
910,238
911,183
912,72
913,215
914,241
915,224
916,122
917,168
918,149
919,212
920,199
921,184
922,210
923,233
924,251
925,148
926,222
927,138
928,236
929,224
930,237
931,235
932,189
933,236
934,173
935,244
936,230
937,130
938,49
939,250
940,228
941,213
942,123
943,191
944,188
945,233
946,227
947,176
948,169
949,256
950,185
951,239
952,157
953,235
954,245
955,118
956,228
957,242
958,206
959,212
960,221
961,248
962,250
963,170
964,163
965,205
966,243
967,252
968,220
969,163
970,206
971,114
972,197
973,116
974,173
975,169
976,222
977,151
978,227
979,236
980,133
981,255
982,151
983,230
984,240
985,99
986,0
987,227
988,142
989,174
990,150
991,157
992,77
993,222
994,195
995,151
996,197
997,218
998,191
999,251
1000,238
1001,198
1002,243
1003,109
1004,185
1005,182
1006,200
1007,198
1008,158
1009,100
1010,102
1011,183
1012,247
1013,215
1014,230
1015,189
1016,214
1017,218
1018,192
1019,227
1020,212
1021,115
1022,230
1023,171
1024,121
1025,254
1026,211
1027,222
1028,244
1029,159
1030,187
1031,145
1032,103
1033,242
1034,171
1035,247
1036,84
1037,28
1038,178
1039,116
1040,182
1041,154
1042,163
1043,200
1044,139
1045,219
1046,203
1047,192
1048,158
1049,165
1050,227
1051,243
1052,211
1053,155
1054,130
1055,117
1056,173
1057,251
1058,89
1059,201
1060,219
1061,129
1062,207
1063,214
1064,185
1065,225
1066,117
1067,219
1068,202
1069,245
1070,251
1071,182
1072,161
1073,216
1074,78
1075,254
1076,217
1077,246
1078,215
1079,247
1080,153
1081,210
1082,115
1083,184
1084,232
1085,172
1086,164
1087,170
1088,132
1089,180
1090,89
1091,191
1092,75
1093,96
1094,85
1095,226
1096,132
1097,121
1098,137
1099,200
1100,223
1101,227
1102,130
1103,186
1104,242
1105,171
1106,165
1107,249
1108,225
1109,228
1110,254
1111,221
1112,246
1113,240
1114,139
1115,191
1116,177
1117,171
1118,200
1119,174
1120,224
1121,145
1122,172
1123,183
1124,114
1125,235
1126,59
1127,180
1128,119
1129,195
1130,241
1131,256
1132,222
1133,241
1134,73
1135,214
1136,170
1137,154
1138,212
1139,58
1140,240
1141,239
1142,234
1143,134
1144,80
1145,154
1146,196
1147,208
1148,182
1149,146
1150,187
1151,243
1152,104
1153,201
1154,242
1155,143
1156,252
1157,229
1158,219
1159,245
1160,189
1161,229
1162,185
1163,229
1164,109
1165,161
1166,240
1167,191
1168,173
1169,127
1170,228
1171,201
1172,182
1173,214
1174,181
1175,233
1176,119
1177,215
1178,163
1179,231
1180,149
1181,178
1182,165
1183,226
1184,174
1185,235
1186,256
1187,92
1188,176
1189,228
1190,232
1191,227
1192,181
1193,252
1194,241
1195,230
1196,152
1197,176
1198,125
1199,81
1200,87
1201,255
1202,220
1203,237
1204,66
1205,237
1206,207
1207,216
1208,146
1209,230
1210,193
1211,186
1212,205
1213,105
1214,242
1215,0
1216,218
1217,0
1218,198
1219,242
1220,248
1221,184
1222,143
1223,232
1224,144
1225,44
1226,186
1227,193
1228,46
1229,184
1230,165
1231,174
1232,108
1233,237
1234,62
1235,68
1236,134
1237,167
1238,195
1239,242
1240,178
1241,213
1242,195
1243,218
1244,192
1245,99
1246,254
1247,240
1248,193
1249,204
1250,174
1251,188
1252,183
1253,244
1254,214
1255,212
1256,215
1257,170
1258,211
1259,242
1260,235
1261,233
1262,41
1263,251
1264,213
1265,188
1266,191
1267,216
1268,161
1269,241
1270,103
1271,223
1272,220
1273,231
1274,126
1275,162
1276,130
1277,226
1278,212
1279,184
1280,142
1281,195
1282,135
1283,214
1284,245
1285,78
1286,156
1287,57
1288,123
1289,196
1290,114
1291,95
1292,187
1293,130
1294,224
1295,188
1296,227
1297,235
1298,166
1299,251
1300,117
1301,233
1302,200
1303,208
1304,185
1305,101
1306,119
1307,181
1308,142
1309,174
1310,201
1311,211
1312,210
1313,166
1314,214
1315,256
1316,235
1317,193
1318,205
1319,109
1320,162
1321,103
1322,215
1323,233
1324,46
1325,174
1326,163
1327,250
1328,187
1329,222
1330,206
1331,166
1332,255
1333,218
1334,240
1335,158
1336,195
1337,150
1338,184
1339,204
1340,244
1341,253
1342,197
1343,219
1344,232
1345,222
1346,202
1347,253
1348,166
1349,173
1350,225
1351,243
1352,164
1353,209
1354,233
1355,87
1356,143
1357,104
1358,194
1359,45
1360,234
1361,231
1362,218
1363,169
1364,156
1365,177
1366,60
1367,239
1368,139
1369,229
1370,244
1371,205
1372,252
1373,207
1374,203
1375,196
1376,210
1377,217
1378,58
1379,172
1380,178
1381,175
1382,172
1383,235
1384,59
1385,133
1386,107
1387,190
1388,47
1389,246
1390,220
1391,199
1392,118
1393,226
1394,209
1395,196
1396,179
1397,244
1398,134
1399,209
1400,73
1401,214
1402,176
1403,153
1404,189
1405,155
1406,254
1407,0
1408,87
1409,116
1410,197
1411,211
1412,230
1413,231
1414,158
1415,224
1416,71
1417,219
1418,133
1419,37
1420,221
1421,227
1422,209
1423,256
1424,167
1425,206
1426,244
1427,145
1428,151
1429,160
1430,228
1431,167
1432,157
1433,231
1434,200
1435,138
1436,245
1437,236
1438,153
1439,218
1440,200
1441,245
1442,142
1443,250
1444,147
1445,248
1446,220
1447,224
1448,222
1449,168
1450,194
1451,138
1452,234
1453,119
1454,221
1455,230
1456,240
1457,182
1458,207
1459,190
1460,96
1461,197
1462,227
1463,201
1464,68
1465,222
1466,249
1467,231
1468,171
1469,174
1470,107
1471,240
1472,233
1473,221
1474,0
1475,198
1476,131
1477,215
1478,149
1479,206
1480,203
1481,0
1482,231
1483,76
1484,190
1485,189
1486,170
1487,251
1488,164
1489,222
1490,177
1491,250
1492,141
1493,249
1494,174
1495,240
1496,216
1497,201
1498,148
1499,200
1500,83
1501,196
1502,140
1503,150
1504,163
1505,107
1506,85
1507,217
1508,236
1509,146
1510,137
1511,240
1512,86
1513,164
1514,202
1515,163
1516,173
1517,205
1518,234
1519,205
1520,168
1521,206
1522,250
1523,249
1524,116
1525,206
1526,221
1527,182
1528,148
1529,184
1530,161
1531,219
1532,95
1533,2
1534,173
1535,190
1536,232
1537,160
1538,162
1539,227
1540,191
1541,250
1542,250
1543,228
1544,205
1545,156
1546,237
1547,157
1548,118
1549,139
1550,111
1551,167
1552,206
1553,217
1554,88
1555,230
1556,118
1557,200
1558,207
1559,174
1560,165
1561,169
1562,254
1563,174
1564,243
1565,113
1566,232
1567,225
1568,224
1569,164
1570,242
1571,234
1572,186
1573,231
1574,202
1575,204
1576,170
1577,234
1578,193
1579,240
1580,223
1581,233
1582,174
1583,195
1584,125
1585,165
1586,234
1587,235
1588,223
1589,220
1590,225
1591,195
1592,164
1593,121
1594,160
1595,237
1596,221
1597,151
1598,179
1599,172
1600,184
1601,196
1602,198
1603,214
1604,171
1605,235
1606,84
1607,223
1608,151
1609,181
1610,120
1611,231
1612,254
1613,187
1614,220
1615,217
1616,163
1617,113
1618,193
1619,210
1620,220
1621,117
1622,182
1623,197
1624,152
1625,185
1626,132
1627,193
1628,216
1629,152
1630,228
1631,240
1632,199
1633,214
1634,59
1635,175
1636,191
1637,209
1638,58
1639,158
1640,173
1641,210
1642,239
1643,118
1644,138
1645,248
1646,97
1647,228
1648,232
1649,192
1650,240
1651,185
1652,118
1653,171
1654,97
1655,242
1656,103
1657,221
1658,78
1659,171
1660,146
1661,248
1662,208
1663,112
1664,177
1665,241
1666,90
1667,142
1668,170
1669,68
1670,191
1671,128
1672,214
1673,98
1674,210
1675,200
1676,222
1677,219
1678,187
1679,44
1680,143
1681,210
1682,222
1683,156
1684,183
1685,200
1686,223
1687,210
1688,241
1689,198
1690,234
1691,85
1692,138
1693,160
1694,183
1695,65
1696,235
1697,167
1698,221
1699,195
1700,209
1701,248
1702,250
1703,241
1704,256
1705,181
1706,234
1707,256
1708,228
1709,233
1710,213
1711,201
1712,193
1713,155
1714,121
1715,170
1716,70
1717,206
1718,213
1719,177
1720,224
1721,185
1722,214
1723,51
1724,256
1725,224
1726,205
1727,209
1728,196
1729,229
1730,148
1731,204
1732,217
1733,52
1734,147
1735,46
1736,202
1737,251
1738,174
1739,242
1740,207
1741,81
1742,254
1743,186
1744,159
1745,149
1746,165
1747,215
1748,218
1749,158
1750,207
1751,177
1752,139
1753,215
1754,247
1755,194
1756,206
1757,195
1758,226
1759,205
1760,60
1761,38
1762,249
1763,213
1764,207
1765,61
1766,251
1767,190
1768,157
1769,226
1770,0
1771,203
1772,27
1773,158
1774,116
1775,135
1776,85
1777,227
1778,107
1779,143
1780,254
1781,152
1782,209
1783,188
1784,140
1785,188
1786,186
1787,238
1788,189
1789,249
1790,184
1791,27
1792,97
1793,182
1794,0
1795,62
1796,225
1797,49
1798,169
1799,167
1800,188
1801,189
1802,176
1803,139
1804,143
1805,162
1806,21
1807,145
1808,205
1809,133
1810,155
1811,203
1812,214
1813,202
1814,165
1815,196
1816,132
1817,114
1818,105
1819,236
1820,198
1821,171
1822,166
1823,242
1824,226
1825,208
1826,228
1827,160
1828,164
1829,61
1830,92
1831,191
1832,201
1833,241
1834,99
1835,178
1836,214
1837,190
1838,218
1839,130
1840,223
1841,139
1842,240
1843,135
1844,251
1845,113
1846,149
1847,216
1848,63
1849,177
1850,233
1851,144
1852,195
1853,185
1854,124
1855,193
1856,156
1857,198
1858,235
1859,189
1860,167
1861,189
1862,144
1863,182
1864,184
1865,178
1866,172
1867,253
1868,193
1869,238
1870,198
1871,146
1872,0
1873,189
1874,212
1875,235
1876,119
1877,204
1878,235
1879,160
1880,164
1881,74
1882,222
1883,170
1884,247
1885,68
1886,102
1887,248
1888,159
1889,164
1890,212
1891,160
1892,110
1893,211
1894,252
1895,187
1896,200
1897,191
1898,174
1899,210
1900,168
1901,239
1902,206
1903,158
1904,209
1905,193
1906,212
1907,217
1908,175
1909,144
1910,203
1911,222
1912,203
1913,110
1914,121
1915,142
1916,215
1917,211
1918,116
1919,166
1920,233
1921,220
1922,215
1923,200
1924,73
1925,217
1926,225
1927,146
1928,168
1929,198
1930,141
1931,255
1932,234
1933,205
1934,187
1935,241
1936,195
1937,188
1938,62
1939,133
1940,161
1941,208
1942,205
1943,160
1944,247
1945,180
1946,115
1947,202
1948,244
1949,110
1950,137
1951,135
1952,173
1953,42
1954,235
1955,106
1956,184
1957,221
1958,200
1959,153
1960,151
1961,115
1962,134
1963,147
1964,9
1965,137
1966,217
1967,202
1968,243
1969,255
1970,245
1971,253
1972,174
1973,144
1974,225
1975,57
1976,203
1977,231
1978,183
1979,244
1980,182
1981,209
1982,218
1983,235
1984,217
1985,131
1986,242
1987,211
1988,235
1989,196
1990,241
1991,176
1992,240
1993,120
1994,52
1995,205
1996,83
1997,156
1998,165
1999,202
2000,190
2001,211
2002,206
2003,235
2004,156
2005,166
2006,200
2007,224
2008,192
2009,223
2010,218
2011,232
2012,239
2013,226
2014,164
2015,167
2016,218
2017,203
2018,197
2019,234
2020,184
2021,224
2022,65
2023,214
2024,182
2025,238
2026,221
2027,144
2028,207
2029,109
2030,254
2031,228
2032,232
2033,222
2034,185
2035,223
2036,115
2037,157
2038,160
2039,194
2040,148
2041,227
2042,28
2043,182
2044,247
2045,127
2046,256
2047,247
2048,179
2049,156
2050,68
2051,173
2052,168
2053,221
2054,201
2055,225
2056,216
2057,213
2058,212
2059,214
2060,104
2061,220
2062,45
2063,0
2064,81
2065,225
2066,236
2067,165
2068,55
2069,79
2070,186
2071,206
2072,192
2073,217
2074,253
2075,246
2076,160
2077,139
2078,232
2079,116
2080,198
2081,217
2082,215
2083,182
2084,219
2085,152
2086,116
2087,184
2088,207
2089,233
2090,134
2091,254
2092,142
2093,232
2094,207
2095,187
2096,239
2097,185
2098,226
2099,132
2100,190
2101,240
2102,162
2103,163
2104,193
2105,186
2106,243
2107,211
2108,186
2109,235
2110,193
2111,195
2112,141
2113,190
2114,214
2115,236
2116,200
2117,238
2118,226
2119,245
2120,187
2121,43
2122,214
2123,126
2124,232
2125,238
2126,162
2127,189
2128,141
2129,160
2130,231
2131,162
2132,162
2133,186
2134,136
2135,195
2136,217
2137,118
2138,256
2139,199
2140,208
2141,220
2142,205
2143,224
2144,234
2145,217
2146,177
2147,145
2148,214
2149,199
2150,187
2151,254
2152,177
2153,226
2154,238
2155,239
2156,246
2157,210
2158,125
2159,197
2160,105
2161,191
2162,9
2163,243
2164,224
2165,173
2166,232
2167,173
2168,173
2169,252
2170,229
2171,180
2172,108
2173,119
2174,159
2175,178
2176,237
2177,251
2178,201
2179,206
2180,256
2181,185
2182,180
2183,134
2184,167
2185,179
2186,133
2187,2
2188,212
2189,193
2190,151
2191,208
2192,155
2193,29
2194,243
2195,118
2196,125
2197,215
2198,116
2199,142
2200,116
2201,192
2202,237
2203,0
2204,193
2205,132
2206,239
2207,131
2208,164
2209,139
2210,156
2211,238
2212,136
2213,164
2214,210
2215,256
2216,215
2217,236
2218,220
2219,177
2220,184
2221,240
2222,214
2223,176
2224,19
2225,221
2226,206
2227,95
2228,142
2229,122
2230,238
2231,226
2232,128
2233,202
2234,156
2235,229
2236,74
2237,245
2238,222
2239,154
2240,168
2241,190
2242,189
2243,205
2244,132
2245,184
2246,171
2247,217
2248,212
2249,162
2250,226
2251,255
2252,122
2253,191
2254,251
2255,220
2256,110
2257,227
2258,184
2259,88
2260,206
2261,198
2262,231
2263,110
2264,243
2265,22
2266,233
2267,223
2268,0
2269,153
2270,161
2271,83
2272,251
2273,158
2274,227
2275,74
2276,256
2277,239
2278,176
2279,136
2280,237
2281,136
2282,168
2283,76
2284,253
2285,240
2286,134
2287,220
2288,241
2289,235
2290,227
2291,212
2292,244
2293,70
2294,168
2295,143
2296,184
2297,174
2298,250
2299,234
2300,229
2301,211
2302,249
2303,243
2304,238
2305,238
2306,162
2307,154
2308,210
2309,193
2310,176
2311,111
2312,246
2313,208
2314,251
2315,256
2316,167
2317,13
2318,112
2319,206
2320,190
2321,207
2322,230
2323,248
2324,244
2325,188
2326,160
2327,204
2328,150
2329,195
2330,204
2331,160
2332,199
2333,175
2334,212
2335,157
2336,169
2337,223
2338,227
2339,145
2340,239
2341,192
2342,256
2343,210
2344,187
2345,202
2346,212
2347,214
2348,229
2349,207
2350,173
2351,240
2352,45
2353,109
2354,146
2355,246
2356,216
2357,218
2358,188
2359,8
2360,217
2361,65
2362,63
2363,222
2364,220
2365,189
2366,125
2367,245
2368,139
2369,121
2370,246
2371,210
2372,131
2373,244
2374,226
2375,231
2376,220
2377,0
2378,253
2379,244
2380,217
2381,175
2382,82
2383,233
2384,245
2385,225
2386,171
2387,197
2388,219
2389,148
2390,230
2391,141
2392,143
2393,189
2394,141
2395,127
2396,155
2397,246
2398,148
2399,222
