0,0
1,237
2,229
3,189
4,205
5,155
6,184
7,73
8,192
9,121
10,143
11,200
12,229
13,235
14,251
15,136
16,130
17,227
18,165
19,58
20,104
21,161
22,164
23,206
24,5
25,127
26,181
27,140
28,127
29,229
30,229
31,168
32,179
33,174
34,99
35,29
36,231
37,172
38,228
39,244
40,134
41,231
42,169
43,0
44,155
45,235
46,221
47,205
48,160
49,74
50,172
51,154
52,242
53,244
54,204
55,156
56,192
57,159
58,164
59,146
60,89
61,185
62,139
63,203
64,209
65,92
66,226
67,134
68,133
69,124
70,121
71,191
72,205
73,213
74,144
75,125
76,143
77,153
78,200
79,196
80,218
81,158
82,194
83,196
84,185
85,88
86,196
87,248
88,216
89,191
90,153
91,141
92,62
93,238
94,170
95,199
96,136
97,144
98,212
99,227
100,182
101,238
102,198
103,229
104,44
105,135
106,186
107,185
108,194
109,118
110,223
111,205
112,220
113,0
114,209
115,177
116,92
117,166
118,216
119,220
120,197
121,0
122,180
123,232
124,206
125,174
126,179
127,194
128,164
129,75
130,178
131,203
132,210
133,44
134,192
135,150
136,77
137,222
138,188
139,203
140,147
141,215
142,80
143,194
144,204
145,178
146,181
147,204
148,78
149,215
150,94
151,134
152,157
153,160
154,152
155,232
156,241
157,40
158,212
159,191
160,209
161,178
162,78
163,159
164,225
165,236
166,188
167,221
168,161
169,230
170,211
171,175
172,151
173,238
174,136
175,159
176,193
177,93
178,163
179,198
180,173
181,179
182,50
183,0
184,184
185,190
186,168
187,217
188,61
189,181
190,95
191,241
192,187
193,144
194,151
195,214
196,172
197,226
198,242
199,169
200,152
201,222
202,223
203,189
204,193
205,212
206,197
207,193
208,205
209,228
210,158
211,208
212,213
213,223
214,211
215,209
216,211
217,25
218,183
219,209
220,208
221,190
222,245
223,172
224,197
225,218
226,182
227,243
228,216
229,208
230,84
231,204
232,128
233,155
234,126
235,104
236,189
237,107
238,165
239,232
240,130
241,139
242,237
243,212
244,161
245,224
246,207
247,28
248,220
249,160
250,174
251,164
252,185
253,106
254,202
255,164
256,222
257,160
258,202
259,238
260,221
261,113
262,176
263,194
264,146
265,183
266,120
267,191
268,162
269,215
270,240
271,83
272,116
273,159
274,89
275,218
276,181
277,168
278,160
279,182
280,90
281,231
282,97
283,153
284,186
285,83
286,129
287,165
288,204
289,183
290,211
291,231
292,232
293,195
294,167
295,235
296,157
297,186
298,203
299,220
300,196
301,147
302,220
303,190
304,212
305,229
306,236
307,150
308,207
309,180
310,214
311,127
312,175
313,110
314,151
315,120
316,194
317,229
318,195
319,75
320,148
321,125
322,214
323,229
324,230
325,190
326,219
327,238
328,230
329,156
330,167
331,192
332,246
333,214
334,221
335,184
336,139
337,209
338,159
339,213
340,243
341,164
342,0
343,142
344,146
345,140
346,174
347,168
348,247
349,126
350,250
351,201
352,136
353,124
354,207
355,203
356,201
357,144
358,207
359,180
360,113
361,166
362,207
363,144
364,147
365,215
366,63
367,202
368,232
369,195
370,217
371,202
372,233
373,123
374,114
375,143
376,171
377,159
378,153
379,193
380,178
381,159
382,51
383,162
384,224
385,126
386,124
387,224
388,127
389,241
390,170
391,188
392,227
393,84
394,153
395,241
396,237
397,229
398,238
399,107
400,184
401,113
402,245
403,245
404,205
405,135
406,82
407,155
408,208
409,231
410,241
411,226
412,214
413,143
414,96
415,205
416,237
417,250
418,164
419,183
420,162
421,85
422,154
423,129
424,216
425,229
426,101
427,230
428,196
429,143
430,242
431,232
432,63
433,218
434,180
435,100
436,166
437,208
438,216
439,190
440,149
441,233
442,131
443,62
444,198
445,70
446,185
447,192
448,220
449,213
450,220
451,158
452,253
453,152
454,225
455,157
456,214
457,233
458,211
459,201
460,239
461,114
462,167
463,231
464,244
465,130
466,115
467,188
468,203
469,246
470,64
471,234
472,159
473,111
474,176
475,139
476,243
477,187
478,136
479,244
480,200
481,184
482,203
483,220
484,57
485,228
486,95
487,225
488,249
489,120
490,217
491,239
492,131
493,213
494,114
495,251
496,226
497,233
498,163
499,171
500,221
501,238
502,234
503,243
504,171
505,189
506,199
507,204
508,203
509,207
510,120
511,226
512,212
513,141
514,154
515,246
516,228
517,167
518,236
519,231
520,214
521,151
522,148
523,240
524,187
525,242
526,195
527,160
528,204
529,211
530,220
531,226
532,149
533,226
534,219
535,208
536,229
537,144
538,239
539,205
540,206
541,181
542,130
543,200
544,227
545,180
546,161
547,234
548,217
549,190
550,136
551,188
552,191
553,156
554,246
555,219
556,161
557,213
558,136
559,232
560,226
561,246
562,146
563,227
564,145
565,207
566,122
567,227
568,229
569,198
570,214
571,229
572,211
573,218
574,241
575,149
576,226
577,240
578,195
579,242
580,210
581,243
582,207
583,164
584,193
585,167
586,201
587,209
588,192
589,234
590,215
591,164
592,198
593,170
594,146
595,150
596,212
597,238
598,150
599,128
600,155
601,243
602,97
603,70
604,135
605,231
606,154
607,162
608,193
609,129
610,146
611,194
612,215
613,48
614,229
615,152
616,8
617,172
618,236
619,190
620,75
621,194
622,229
623,176
624,134
625,200
626,167
627,223
628,224
629,131
630,220
631,229
632,99
633,146
634,205
635,211
636,238
637,171
638,191
639,113
640,207
641,169
642,241
643,190
644,206
645,163
646,241
647,185
648,212
649,80
650,134
651,218
652,208
653,224
654,203
655,212
656,140
657,203
658,189
659,222
660,131
661,218
662,183
663,187
664,191
665,198
666,236
667,224
668,127
669,215
670,123
671,171
672,189
673,181
674,241
675,205
676,210
677,157
678,145
679,145
680,222
681,139
682,157
683,209
684,223
685,218
686,162
687,229
688,222
689,198
690,121
691,219
692,68
693,246
694,238
695,179
696,127
697,200
698,116
699,163
700,130
701,231
702,234
703,245
704,151
705,216
706,63
707,174
708,161
709,245
710,162
711,227
712,117
713,231
714,169
715,148
716,166
717,249
718,199
719,82
720,211
721,192
722,161
723,87
724,194
725,148
726,201
727,82
728,110
729,207
730,210
731,114
732,178
733,193
734,239
735,192
736,220
737,182
738,186
739,73
740,191
741,227
742,113
743,245
744,230
745,104
746,199
747,135
748,160
749,203
750,74
751,206
752,208
753,185
754,214
755,234
756,204
757,218
758,240
759,117
760,176
761,252
762,246
763,232
764,227
765,216
766,238
767,166
768,220
769,196
770,239
771,94
772,246
773,187
774,132
775,243
776,205
777,240
778,211
779,245
780,170
781,208
782,99
783,213
784,126
785,202
786,96
787,174
788,125
789,223
790,202
791,127
792,112
793,201
794,232
795,118
796,102
797,243
798,84
799,113
800,230
801,142
802,185
803,241
804,245
805,165
806,138
807,204
808,212
809,201
810,214
811,210
812,168
813,144
814,202
815,198
816,142
817,156
818,233
819,193
820,177
821,186
822,227
823,199
824,192
825,177
826,230
827,134
828,243
829,210
830,206
831,209
832,163
833,227
834,156
835,176
836,186
837,171
838,248
839,233
840,37
841,112
842,192
843,208
844,161
845,139
846,154
847,242
848,196
849,222
850,208
851,0
852,124
853,159
854,185
855,137
856,204
857,245
858,183
859,226
860,218
861,147
862,197
863,175
864,191
865,233
866,229
867,242
868,242
869,244
870,186
871,222
872,222
873,198
874,159
875,224
876,177
877,189
878,188
879,204
880,113
881,190
882,200
883,174
884,191
885,146
886,225
887,244
888,169
889,242
890,198
891,56
892,106
893,201
894,196
895,165
896,193
897,44
898,196
899,210
900,182
901,146
902,193
903,188
904,227
905,149
906,209
907,151
908,168
909,155
910,138
911,218
912,111
913,212
914,132
915,241
916,204
917,161
918,191
919,59
920,171
921,164
922,164
923,173
924,206
925,189
926,168
927,210
928,181
929,216
930,156
931,111
932,181
933,224
934,203
935,201
936,207
937,231
938,184
939,138
940,173
941,219
942,176
943,193
944,221
945,152
946,198
947,137
948,210
949,173
950,153
951,139
952,211
953,239
954,194
955,243
956,199
957,209
958,182
959,63
960,205
961,232
962,115
963,226
964,180
965,158
966,133
967,187
968,146
969,233
970,221
971,174
972,186
973,96
974,188
975,158
976,209
977,130
978,217
979,241
980,208
981,201
982,164
983,170
984,155
985,238
986,200
987,228
988,238
989,149
990,240
991,151
992,185
993,220
994,217
995,218
996,176
997,240
998,176
999,221
1000,218
1001,140
1002,181
1003,245
1004,220
1005,230
1006,190
1007,189
1008,192
1009,206
1010,233
1011,192
1012,183
1013,200
1014,202
1015,226
1016,176
1017,193
1018,218
1019,246
1020,181
1021,248
1022,82
1023,159
1024,155
1025,222
1026,199
1027,83
1028,200
1029,194
1030,235
1031,161
1032,116
1033,174
1034,201
1035,204
1036,236
1037,168
1038,225
1039,185
1040,209
1041,144
1042,192
1043,165
1044,171
1045,228
1046,188
1047,175
1048,237
1049,124
1050,191
1051,204
1052,212
1053,182
1054,170
1055,178
1056,239
1057,211
1058,152
1059,212
1060,229
1061,187
1062,200
1063,166
1064,226
1065,216
1066,173
1067,235
1068,245
1069,207
1070,229
1071,191
1072,130
1073,230
1074,241
1075,196
1076,216
1077,194
1078,169
1079,193
1080,227
1081,143
1082,182
1083,139
1084,214
1085,223
1086,222
1087,143
1088,201
1089,154
1090,227
1091,182
1092,217
1093,168
1094,211
1095,234
1096,100
1097,229
1098,211
1099,219
1100,202
1101,227
1102,239
1103,227
1104,175
1105,211
1106,215
1107,119
1108,225
1109,211
1110,202
1111,145
1112,186
1113,225
1114,229
1115,170
1116,225
1117,165
1118,184
1119,170
1120,222
1121,211
1122,168
1123,145
1124,178
1125,173
1126,246
1127,222
1128,179
1129,207
1130,191
1131,244
1132,166
1133,237
1134,181
1135,198
1136,231
1137,189
1138,250
1139,183
1140,249
1141,190
1142,208
1143,113
1144,101
1145,171
1146,41
1147,250
1148,153
1149,199
1150,90
1151,234
1152,194
1153,188
1154,162
1155,194
1156,205
1157,215
1158,208
1159,227
1160,185
1161,233
1162,99
1163,249
1164,148
1165,241
1166,175
1167,225
1168,240
1169,215
1170,188
1171,187
1172,217
1173,201
1174,239
1175,248
1176,223
1177,199
1178,247
1179,131
1180,169
1181,161
1182,153
1183,150
1184,224
1185,242
1186,217
1187,197
1188,131
1189,204
1190,218
1191,103
1192,248
1193,215
1194,230
1195,247
1196,200
1197,189
1198,162
1199,235
1200,166
1201,248
1202,110
1203,220
1204,181
1205,180
1206,140
1207,166
1208,88
1209,200
1210,166
1211,204
1212,215
1213,194
1214,63
1215,46
1216,122
1217,163
1218,114
1219,250
1220,204
1221,196
1222,0
1223,102
1224,176
1225,22
1226,244
1227,94
1228,153
1229,240
1230,109
1231,16
1232,149
1233,166
1234,124
1235,176
1236,202
1237,165
1238,150
1239,214
1240,193
1241,148
1242,118
1243,224
1244,231
1245,248
1246,233
1247,143
1248,241
1249,166
1250,233
1251,157
1252,164
1253,179
1254,65
1255,28
1256,169
1257,241
1258,152
1259,149
1260,147
1261,217
1262,45
1263,247
1264,189
1265,160
1266,63
1267,111
1268,238
1269,199
1270,240
1271,196
1272,178
1273,226
1274,247
1275,230
1276,148
1277,20
1278,206
1279,251
1280,187
1281,70
1282,231
1283,144
1284,140
1285,50
1286,185
1287,17
1288,156
1289,132
1290,235
1291,226
1292,103
1293,187
1294,117
1295,168
1296,239
1297,44
1298,162
1299,86
1300,246
1301,162
1302,241
1303,162
1304,186
1305,232
1306,218
1307,230
1308,35
1309,142
1310,81
1311,158
1312,90
1313,217
1314,225
1315,224
1316,91
1317,179
1318,114
1319,206
1320,87
1321,10
1322,167
1323,239
1324,46
1325,145
1326,141
1327,56
1328,159
1329,219
1330,187
1331,102
1332,88
1333,142
1334,173
1335,139
1336,59
1337,144
1338,0
1339,219
1340,82
1341,201
1342,215
1343,182
1344,56
1345,91
1346,247
1347,56
1348,217
1349,169
1350,241
1351,0
1352,189
1353,0
1354,218
1355,93
1356,228
1357,209
1358,153
1359,151
1360,217
1361,106
1362,170
1363,52
1364,242
1365,243
1366,166
1367,185
1368,162
1369,123
1370,215
1371,195
1372,103
1373,133
1374,239
1375,248
1376,141
1377,197
1378,174
1379,223
1380,198
1381,118
1382,217
1383,230
1384,222
1385,9
1386,239
1387,213
1388,12
1389,40
1390,10
1391,218
1392,156
1393,196
1394,203
1395,29
1396,162
1397,54
1398,154
1399,180
1400,186
1401,201
1402,128
1403,211
1404,226
1405,133
1406,219
1407,94
1408,136
1409,213
1410,170
1411,200
1412,220
1413,203
1414,227
1415,115
1416,178
1417,106
1418,238
1419,189
1420,161
1421,220
1422,246
1423,119
1424,131
1425,245
1426,33
1427,102
1428,216
1429,210
1430,30
1431,170
1432,219
1433,110
1434,145
1435,239
1436,134
1437,148
1438,234
1439,243
1440,229
1441,110
1442,145
1443,248
1444,189
1445,220
1446,104
1447,153
1448,177
1449,90
1450,0
1451,182
1452,202
1453,104
1454,237
1455,246
1456,194
1457,16
1458,172
1459,159
1460,199
1461,219
1462,30
1463,168
1464,50
1465,209
1466,202
1467,223
1468,217
1469,170
1470,118
1471,196
1472,116
1473,151
1474,200
1475,196
1476,197
1477,54
1478,222
1479,156
1480,91
1481,154
1482,237
1483,228
1484,229
1485,136
1486,247
1487,163
1488,241
1489,223
1490,198
1491,94
1492,237
1493,210
1494,251
1495,231
1496,249
1497,229
1498,229
1499,154
1500,124
1501,194
1502,202
1503,156
1504,140
1505,163
1506,92
1507,109
1508,186
1509,194
1510,133
1511,191
1512,158
1513,60
1514,144
1515,234
1516,204
1517,206
1518,216
1519,120
1520,207
1521,239
1522,179
1523,62
1524,111
1525,225
1526,194
1527,199
1528,190
1529,226
1530,162
1531,83
1532,190
1533,238
1534,129
1535,80
1536,119
1537,164
1538,173
1539,230
1540,181
1541,244
1542,89
1543,214
1544,96
1545,103
1546,192
1547,160
1548,97
1549,176
1550,60
1551,87
1552,160
1553,203
1554,112
1555,171
1556,89
1557,210
1558,167
1559,151
1560,231
1561,116
1562,243
1563,175
1564,160
1565,164
1566,97
1567,175
1568,240
1569,3
1570,182
1571,178
1572,245
1573,238
1574,173
1575,247
1576,124
1577,72
1578,0
1579,238
1580,206
1581,129
1582,89
1583,233
1584,186
1585,193
1586,210
1587,145
1588,190
1589,128
1590,234
1591,220
1592,209
1593,205
1594,175
1595,0
1596,162
1597,141
1598,96
1599,93
1600,218
1601,207
1602,142
1603,163
1604,240
1605,216
1606,209
1607,158
1608,231
1609,192
1610,252
1611,134
1612,187
1613,221
1614,161
1615,124
1616,235
1617,193
1618,180
1619,193
1620,144
1621,216
1622,239
1623,163
1624,206
1625,193
1626,83
1627,113
1628,231
1629,104
1630,180
1631,218
1632,204
1633,187
1634,190
1635,236
1636,203
1637,232
1638,70
1639,210
1640,220
1641,178
1642,135
1643,184
1644,213
1645,214
1646,221
1647,254
1648,254
1649,250
1650,232
1651,243
1652,172
1653,153
1654,155
1655,248
1656,187
1657,179
1658,248
1659,221
1660,230
1661,178
1662,192
1663,217
1664,162
1665,249
1666,164
1667,193
1668,56
1669,148
1670,196
1671,202
1672,251
1673,255
1674,185
1675,246
1676,224
1677,233
1678,157
1679,136
1680,229
1681,167
1682,222
1683,183
1684,179
1685,234
1686,178
1687,221
1688,240
1689,138
1690,129
1691,146
1692,216
1693,188
1694,130
1695,167
1696,204
1697,21
1698,211
1699,249
1700,155
1701,215
1702,118
1703,228
1704,191
1705,197
1706,224
1707,154
1708,199
1709,238
1710,200
1711,212
1712,141
1713,135
1714,0
1715,217
1716,233
1717,190
1718,96
1719,225
1720,130
1721,127
1722,184
1723,63
1724,0
1725,176
1726,239
1727,177
1728,158
1729,136
1730,103
1731,225
1732,150
1733,208
1734,139
1735,201
1736,141
1737,182
1738,179
1739,222
1740,93
1741,142
1742,155
1743,232
1744,249
1745,164
1746,139
1747,92
1748,182
1749,181
1750,65
1751,126
1752,128
1753,95
1754,196
1755,207
1756,223
1757,139
1758,231
1759,195
1760,48
1761,31
1762,224
1763,164
1764,219
1765,151
1766,152
1767,171
1768,231
1769,152
1770,191
1771,121
1772,120
1773,143
1774,123
1775,247
1776,243
1777,164
1778,123
1779,177
1780,203
1781,197
1782,0
1783,46
1784,202
1785,142
1786,119
1787,225
1788,206
1789,71
1790,241
1791,249
1792,213
1793,72
1794,201
1795,234
1796,150
1797,180
1798,226
1799,197
1800,179
1801,229
1802,230
1803,98
1804,225
1805,222
1806,196
1807,197
1808,226
1809,218
1810,211
1811,202
1812,156
1813,249
1814,139
1815,156
1816,214
1817,181
1818,166
1819,61
1820,133
1821,218
1822,188
1823,141
1824,200
1825,167
1826,150
1827,198
1828,197
1829,243
1830,226
1831,233
1832,213
1833,173
1834,86
1835,200
1836,173
1837,152
1838,242
1839,208
1840,228
1841,228
1842,198
1843,125
1844,158
1845,140
1846,40
1847,167
1848,232
1849,113
1850,184
1851,190
1852,216
1853,144
1854,187
1855,125
1856,183
1857,242
1858,196
1859,196
1860,228
1861,116
1862,104
1863,231
1864,247
1865,119
1866,195
1867,246
1868,85
1869,249
1870,235
1871,224
1872,182
1873,209
1874,222
1875,233
1876,117
1877,150
1878,207
1879,140
1880,236
1881,183
1882,245
1883,222
1884,165
1885,216
1886,186
1887,136
1888,176
1889,162
1890,233
1891,131
1892,252
1893,243
1894,200
1895,246
1896,98
1897,196
1898,200
1899,170
1900,90
1901,232
1902,165
1903,201
1904,169
1905,207
1906,58
1907,170
1908,232
1909,120
1910,166
1911,249
1912,188
1913,64
1914,100
1915,240
1916,240
1917,238
1918,232
1919,96
1920,213
1921,169
1922,247
1923,203
1924,98
1925,164
1926,210
1927,97
1928,87
1929,160
1930,122
1931,61
1932,247
1933,144
1934,38
1935,254
1936,200
1937,152
1938,176
1939,119
1940,100
1941,240
1942,248
1943,196
1944,99
1945,141
1946,218
1947,219
1948,235
1949,231
1950,195
1951,201
1952,210
1953,191
1954,138
1955,58
1956,219
1957,186
1958,204
1959,199
1960,220
1961,128
1962,42
1963,123
1964,65
1965,220
1966,231
1967,173
1968,208
1969,247
1970,108
1971,177
1972,229
1973,121
1974,199
1975,204
1976,148
1977,162
1978,176
1979,185
1980,171
1981,236
1982,238
1983,227
1984,186
1985,209
1986,210
1987,253
1988,227
1989,240
1990,99
1991,145
1992,238
1993,229
1994,158
1995,236
1996,5
1997,137
1998,231
1999,204
2000,152
2001,0
2002,120
2003,56
2004,199
2005,172
2006,212
2007,239
2008,58
2009,31
2010,247
2011,77
2012,232
2013,220
2014,154
2015,150
2016,187
2017,249
2018,181
2019,223
2020,243
2021,128
2022,209
2023,247
2024,188
2025,45
2026,206
2027,201
2028,146
2029,41
2030,223
2031,201
2032,0
2033,216
2034,41
2035,186
2036,226
2037,143
2038,241
2039,169
2040,195
2041,121
2042,145
2043,238
2044,159
2045,0
2046,236
2047,75
2048,9
2049,166
2050,208
2051,143
2052,112
2053,149
2054,236
2055,235
2056,0
2057,91
2058,188
2059,244
2060,172
2061,152
2062,148
2063,136
2064,187
2065,181
2066,225
2067,68
2068,122
2069,110
2070,205
2071,243
2072,85
2073,220
2074,212
2075,226
2076,227
2077,211
2078,174
2079,155
2080,215
2081,152
2082,141
2083,196
2084,214
2085,142
2086,168
2087,197
2088,241
2089,229
2090,176
2091,40
2092,241
2093,134
2094,156
2095,236
2096,153
2097,154
2098,165
2099,142
2100,0
2101,171
2102,159
2103,155
2104,208
2105,194
2106,192
2107,91
2108,187
2109,150
2110,230
2111,0
2112,179
2113,0
2114,21
2115,216
2116,40
2117,134
2118,175
2119,240
2120,190
2121,229
2122,134
2123,180
2124,245
2125,57
2126,170
2127,230
2128,221
2129,12
2130,129
2131,239
2132,27
2133,218
2134,155
2135,0
2136,209
2137,167
2138,156
2139,0
2140,112
2141,111
2142,190
2143,215
2144,149
2145,194
2146,0
2147,241
2148,62
2149,114
2150,43
2151,186
2152,67
2153,157
2154,204
2155,208
2156,177
2157,178
2158,211
2159,201
2160,94
2161,127
2162,161
2163,149
2164,171
2165,233
2166,161
2167,0
2168,0
2169,242
2170,240
2171,55
2172,216
2173,182
2174,210
2175,198
2176,171
2177,219
2178,103
2179,233
2180,128
2181,238
2182,0
2183,170
2184,46
2185,218
2186,42
2187,234
2188,231
2189,126
2190,196
2191,16
2192,217
2193,102
2194,207
2195,74
2196,221
2197,66
2198,222
2199,166
2200,182
2201,18
2202,218
2203,120
2204,105
2205,237
2206,135
2207,133
2208,166
2209,81
2210,120
2211,160
2212,134
2213,20
2214,152
2215,212
2216,213
2217,153
2218,2
2219,132
2220,177
2221,138
2222,211
2223,215
2224,136
2225,183
2226,223
2227,74
2228,194
2229,208
2230,250
2231,68
2232,150
2233,224
2234,228
2235,172
2236,123
2237,148
2238,157
2239,202
2240,156
2241,245
2242,184
2243,211
2244,244
2245,206
2246,178
2247,170
2248,0
2249,79
2250,152
2251,196
2252,222
2253,110
2254,133
2255,179
2256,163
2257,0
2258,197
2259,102
2260,177
2261,202
2262,194
2263,202
2264,234
2265,172
2266,129
2267,213
2268,228
2269,53
2270,9
2271,238
2272,132
2273,213
2274,168
2275,220
2276,150
2277,72
2278,0
2279,119
2280,165
2281,152
2282,123
2283,146
2284,68
2285,249
2286,101
2287,211
2288,242
2289,200
2290,155
2291,209
2292,14
2293,174
2294,110
2295,243
2296,155
2297,200
2298,229
2299,106
2300,210
2301,154
2302,198
2303,241
2304,166
2305,129
2306,0
2307,35
2308,220
2309,199
2310,215
2311,106
2312,215
2313,228
2314,13
2315,126
2316,36
2317,89
2318,251
2319,134
2320,237
2321,191
2322,141
2323,188
2324,193
2325,206
2326,131
2327,239
2328,166
2329,242
2330,73
2331,167
2332,201
2333,192
2334,186
2335,230
2336,107
2337,105
2338,164
2339,92
2340,210
2341,192
2342,123
2343,160
2344,246
2345,222
2346,141
2347,204
2348,216
2349,223
2350,170
2351,134
2352,195
2353,165
2354,197
2355,204
2356,171
2357,161
2358,213
2359,183
2360,170
2361,95
2362,206
2363,61
2364,237
2365,133
2366,242
2367,44
2368,202
2369,223
2370,182
2371,74
2372,236
2373,197
2374,4
2375,139
2376,213
2377,114
2378,78
2379,240
2380,154
2381,182
2382,147
2383,220
2384,0
2385,115
2386,201
2387,219
2388,140
2389,100
2390,217
2391,204
2392,111
2393,170
2394,88
2395,175
2396,216
2397,128
2398,211
2399,209
