0,182
1,183
2,185
3,217
4,192
5,64
6,208
7,232
8,230
9,153
10,158
11,231
12,203
13,172
14,228
15,177
16,196
17,212
18,243
19,240
20,238
21,111
22,173
23,195
24,243
25,225
26,67
27,42
28,216
29,169
30,62
31,187
32,182
33,236
34,226
35,229
36,234
37,223
38,215
39,238
40,195
41,247
42,189
43,100
44,225
45,216
46,173
47,235
48,164
49,182
50,196
51,216
52,77
53,207
54,209
55,202
56,195
57,181
58,203
59,254
60,235
61,145
62,170
63,223
64,198
65,220
66,251
67,239
68,166
69,150
70,205
71,208
72,171
73,230
74,238
75,154
76,231
77,35
78,206
79,225
80,242
81,238
82,137
83,159
84,222
85,216
86,168
87,203
88,147
89,210
90,178
91,248
92,200
93,164
94,149
95,224
96,235
97,160
98,247
99,175
100,256
101,251
102,161
103,95
104,249
105,217
106,220
107,222
108,158
109,0
110,156
111,185
112,210
113,237
114,246
115,224
116,223
117,207
118,230
119,236
120,179
121,206
122,111
123,66
124,201
125,206
126,229
127,98
128,217
129,165
130,161
131,210
132,225
133,238
134,172
135,192
136,155
137,192
138,130
139,151
140,253
141,236
142,228
143,137
144,191
145,165
146,208
147,191
148,202
149,210
150,132
151,220
152,234
153,178
154,173
155,239
156,250
157,151
158,71
159,142
160,229
161,195
162,220
163,171
164,248
165,27
166,111
167,171
168,164
169,251
170,219
171,167
172,210
173,119
174,225
175,198
176,220
177,210
178,236
179,0
180,157
181,66
182,185
183,221
184,197
185,202
186,227
187,172
188,155
189,227
190,250
191,215
192,125
193,252
194,199
195,242
196,164
197,197
198,172
199,203
200,183
201,215
202,191
203,180
204,252
205,145
206,163
207,225
208,222
209,146
210,165
211,206
212,243
213,239
214,93
215,182
216,207
217,187
218,238
219,176
220,134
221,228
222,194
223,107
224,224
225,253
226,245
227,187
228,222
229,226
230,179
231,156
232,235
233,216
234,189
235,207
236,164
237,209
238,142
239,227
240,225
241,169
242,246
243,191
244,235
245,205
246,227
247,251
248,204
249,210
250,170
251,126
252,202
253,196
254,226
255,248
256,254
257,220
258,189
259,188
260,138
261,202
262,230
263,90
264,194
265,232
266,178
267,147
268,230
269,179
270,189
271,208
272,177
273,252
274,197
275,178
276,213
277,126
278,252
279,183
280,130
281,207
282,235
283,218
284,133
285,226
286,196
287,216
288,223
289,203
290,165
291,233
292,184
293,130
294,208
295,176
296,129
297,100
298,80
299,229
300,172
301,188
302,244
303,145
304,229
305,223
306,174
307,213
308,220
309,249
310,207
311,175
312,171
313,247
314,253
315,174
316,148
317,155
318,220
319,194
320,225
321,110
322,166
323,213
324,193
325,233
326,122
327,244
328,204
329,128
330,236
331,251
332,146
333,218
334,226
335,222
336,192
337,218
338,221
339,114
340,108
341,251
342,237
343,201
344,168
345,147
346,143
347,103
348,33
349,77
350,133
351,192
352,116
353,157
354,204
355,192
356,189
357,213
358,217
359,147
360,206
361,199
362,199
363,159
364,234
365,190
366,197
367,239
368,241
369,89
370,168
371,205
372,115
373,181
374,250
375,136
376,223
377,232
378,114
379,217
380,196
381,111
382,166
383,226
384,176
385,253
386,194
387,115
388,186
389,226
390,240
391,200
392,239
393,141
394,189
395,0
396,223
397,214
398,153
399,237
400,105
401,160
402,215
403,170
404,175
405,212
406,223
407,95
408,199
409,227
410,191
411,145
412,232
413,251
414,197
415,123
416,171
417,66
418,216
419,121
420,224
421,204
422,217
423,242
424,188
425,240
426,230
427,115
428,131
429,177
430,232
431,236
432,207
433,249
434,194
435,173
436,161
437,216
438,200
439,232
440,193
441,128
442,210
443,169
444,175
445,183
446,9
447,210
448,128
449,232
450,75
451,174
452,205
453,183
454,238
455,220
456,197
457,245
458,215
459,254
460,233
461,243
462,251
463,188
464,219
465,196
466,173
467,169
468,115
469,172
470,119
471,185
472,196
473,158
474,195
475,243
476,209
477,180
478,228
479,117
480,166
481,248
482,243
483,248
484,117
485,163
486,228
487,33
488,181
489,232
490,195
491,158
492,191
493,19
494,182
495,170
496,227
497,214
498,244
499,238
500,182
501,203
502,243
503,246
504,150
505,238
506,106
507,206
508,155
509,35
510,239
511,231
512,223
513,251
514,182
515,235
516,177
517,187
518,112
519,221
520,98
521,226
522,172
523,84
524,194
525,219
526,223
527,228
528,195
529,216
530,185
531,207
532,114
533,184
534,251
535,91
536,230
537,228
538,137
539,142
540,186
541,247
542,217
543,178
544,227
545,132
546,185
547,152
548,136
549,256
550,165
551,148
552,224
553,142
554,109
555,200
556,0
557,235
558,160
559,199
560,154
561,210
562,194
563,126
564,229
565,176
566,250
567,254
568,229
569,244
570,209
571,114
572,221
573,238
574,191
575,199
576,233
577,99
578,234
579,255
580,189
581,120
582,220
583,253
584,243
585,123
586,197
587,208
588,187
589,126
590,232
591,226
592,252
593,122
594,186
595,233
596,241
597,248
598,160
599,236
600,155
601,198
602,121
603,223
604,154
605,152
606,176
607,200
608,207
609,120
610,229
611,252
612,202
613,250
614,72
615,253
616,147
617,143
618,119
619,143
620,207
621,216
622,147
623,234
624,170
625,188
626,213
627,207
628,206
629,171
630,193
631,209
632,232
633,216
634,210
635,196
636,176
637,90
638,121
639,230
640,74
641,174
642,182
643,138
644,235
645,229
646,242
647,216
648,187
649,193
650,175
651,252
652,128
653,170
654,12
655,208
656,127
657,249
658,239
659,93
660,223
661,213
662,175
663,194
664,232
665,115
666,237
667,117
668,225
669,91
670,196
671,223
672,22
673,244
674,200
675,221
676,153
677,128
678,199
679,229
680,244
681,146
682,248
683,164
684,205
685,236
686,157
687,194
688,202
689,158
690,238
691,227
692,199
693,194
694,167
695,222
696,128
697,239
698,0
699,146
700,217
701,232
702,160
703,254
704,188
705,226
706,139
707,245
708,62
709,153
710,251
711,250
712,252
713,222
714,128
715,188
716,163
717,220
718,137
719,133
720,128
721,232
722,78
723,228
724,224
725,181
726,123
727,254
728,71
729,194
730,205
731,109
732,235
733,75
734,237
735,151
736,177
737,184
738,226
739,202
740,253
741,216
742,55
743,141
744,189
745,171
746,108
747,255
748,196
749,241
750,209
751,50
752,209
753,114
754,250
755,78
756,233
757,202
758,193
759,235
760,191
761,129
762,226
763,230
764,179
765,238
766,155
767,208
768,145
769,230
770,183
771,222
772,150
773,231
774,208
775,135
776,196
777,235
778,195
779,109
780,221
781,176
782,125
783,244
784,220
785,251
786,241
787,120
788,86
789,234
790,252
791,98
792,190
793,240
794,203
795,206
796,142
797,180
798,236
799,256
800,172
801,256
802,208
803,145
804,168
805,213
806,248
807,211
808,250
809,218
810,231
811,140
812,182
813,239
814,192
815,213
816,211
817,131
818,120
819,210
820,251
821,216
822,0
823,225
824,224
825,197
826,195
827,233
828,200
829,237
830,165
831,194
832,224
833,101
834,177
835,98
836,158
837,145
838,155
839,159
840,236
841,231
842,237
843,232
844,210
845,238
846,137
847,197
848,236
849,172
850,210
851,160
852,183
853,250
854,165
855,161
856,80
857,243
858,176
859,130
860,239
861,193
862,186
863,224
864,175
865,153
866,220
867,242
868,172
869,230
870,198
871,234
872,206
873,200
874,242
875,240
876,216
877,218
878,193
879,185
880,233
881,158
882,0
883,219
884,175
885,203
886,113
887,220
888,186
889,53
890,250
891,217
892,195
893,205
894,195
895,253
896,238
897,231
898,143
899,167
900,125
901,198
902,206
903,136
904,97
905,187
906,104
907,42
908,191
909,228
910,217
911,196
912,84
913,171
914,243
915,222
916,153
917,180
918,167
919,214
920,206
921,177
922,204
923,245
924,251
925,161
926,231
927,145
928,239
929,234
930,235
931,233
932,172
933,241
934,176
935,237
936,235
937,150
938,20
939,250
940,236
941,223
942,110
943,199
944,205
945,239
946,221
947,186
948,176
949,256
950,174
951,242
952,198
953,235
954,244
955,143
956,236
957,243
958,207
959,207
960,222
961,251
962,251
963,161
964,200
965,217
966,248
967,253
968,220
969,167
970,210
971,121
972,192
973,129
974,188
975,163
976,229
977,166
978,229
979,234
980,116
981,255
982,173
983,231
984,231
985,106
986,1
987,236
988,168
989,171
990,152
991,162
992,116
993,202
994,198
995,170
996,201
997,224
998,185
999,253
1000,241
1001,210
1002,249
1003,80
1004,190
1005,169
1006,178
1007,201
1008,150
1009,80
1010,132
1011,187
1012,248
1013,215
1014,231
1015,184
1016,224
1017,223
1018,190
1019,227
1020,203
1021,78
1022,240
1023,172
1024,103
1025,254
1026,173
1027,227
1028,248
1029,184
1030,195
1031,102
1032,54
1033,247
1034,182
1035,248
1036,76
1037,55
1038,192
1039,152
1040,196
1041,163
1042,152
1043,214
1044,135
1045,225
1046,198
1047,201
1048,164
1049,127
1050,229
1051,254
1052,217
1053,152
1054,158
1055,147
1056,180
1057,248
1058,108
1059,201
1060,221
1061,150
1062,212
1063,216
1064,190
1065,232
1066,103
1067,222
1068,215
1069,248
1070,252
1071,186
1072,161
1073,213
1074,137
1075,254
1076,224
1077,251
1078,213
1079,248
1080,152
1081,205
1082,153
1083,204
1084,223
1085,201
1086,176
1087,166
1088,118
1089,183
1090,120
1091,189
1092,58
1093,94
1094,122
1095,212
1096,94
1097,129
1098,137
1099,190
1100,220
1101,239
1102,134
1103,162
1104,242
1105,163
1106,170
1107,250
1108,227
1109,226
1110,254
1111,232
1112,248
1113,245
1114,147
1115,217
1116,204
1117,145
1118,183
1119,205
1120,225
1121,152
1122,164
1123,133
1124,161
1125,243
1126,0
1127,178
1128,111
1129,212
1130,248
1131,256
1132,222
1133,242
1134,95
1135,227
1136,162
1137,156
1138,174
1139,100
1140,235
1141,238
1142,236
1143,151
1144,128
1145,161
1146,195
1147,180
1148,173
1149,163
1150,198
1151,245
1152,133
1153,214
1154,243
1155,155
1156,254
1157,236
1158,254
1159,243
1160,182
1161,228
1162,180
1163,230
1164,123
1165,155
1166,242
1167,194
1168,156
1169,137
1170,236
1171,174
1172,191
1173,212
1174,186
1175,240
1176,150
1177,222
1178,186
1179,245
1180,109
1181,170
1182,159
1183,222
1184,151
1185,238
1186,256
1187,115
1188,186
1189,215
1190,240
1191,231
1192,203
1193,252
1194,247
1195,228
1196,166
1197,169
1198,173
1199,78
1200,98
1201,256
1202,225
1203,236
1204,100
1205,233
1206,224
1207,216
1208,153
1209,233
1210,189
1211,181
1212,213
1213,100
1214,247
1215,0
1216,231
1217,0
1218,195
1219,244
1220,246
1221,152
1222,107
1223,233
1224,135
1225,77
1226,196
1227,182
1228,26
1229,154
1230,166
1231,153
1232,180
1233,239
1234,113
1235,86
1236,128
1237,145
1238,211
1239,244
1240,189
1241,224
1242,196
1243,216
1244,162
1245,70
1246,255
1247,241
1248,156
1249,213
1250,177
1251,193
1252,178
1253,245
1254,213
1255,211
1256,218
1257,154
1258,214
1259,245
1260,236
1261,242
1262,91
1263,253
1264,209
1265,207
1266,183
1267,211
1268,188
1269,239
1270,158
1271,217
1272,222
1273,233
1274,105
1275,183
1276,96
1277,220
1278,215
1279,197
1280,175
1281,180
1282,111
1283,180
1284,243
1285,40
1286,192
1287,33
1288,149
1289,198
1290,151
1291,125
1292,177
1293,106
1294,216
1295,175
1296,233
1297,237
1298,160
1299,252
1300,23
1301,236
1302,203
1303,178
1304,214
1305,116
1306,118
1307,196
1308,138
1309,180
1310,210
1311,182
1312,214
1313,186
1314,213
1315,256
1316,224
1317,194
1318,178
1319,124
1320,192
1321,102
1322,212
1323,245
1324,83
1325,163
1326,171
1327,253
1328,184
1329,221
1330,209
1331,192
1332,255
1333,217
1334,244
1335,161
1336,213
1337,115
1338,189
1339,188
1340,248
1341,254
1342,208
1343,207
1344,237
1345,226
1346,202
1347,255
1348,159
1349,183
1350,230
1351,236
1352,166
1353,224
1354,232
1355,76
1356,170
1357,146
1358,167
1359,84
1360,235
1361,242
1362,218
1363,190
1364,155
1365,180
1366,110
1367,241
1368,143
1369,235
1370,246
1371,174
1372,253
1373,202
1374,195
1375,202
1376,219
1377,211
1378,26
1379,174
1380,199
1381,185
1382,181
1383,235
1384,38
1385,187
1386,135
1387,204
1388,105
1389,246
1390,214
1391,200
1392,115
1393,234
1394,217
1395,217
1396,202
1397,239
1398,154
1399,198
1400,110
1401,221
1402,179
1403,172
1404,168
1405,171
1406,255
1407,0
1408,112
1409,125
1410,198
1411,225
1412,230
1413,225
1414,190
1415,224
1416,62
1417,233
1418,154
1419,64
1420,220
1421,227
1422,207
1423,256
1424,173
1425,188
1426,243
1427,135
1428,171
1429,161
1430,235
1431,124
1432,159
1433,234
1434,205
1435,160
1436,242
1437,232
1438,148
1439,229
1440,207
1441,245
1442,145
1443,252
1444,151
1445,249
1446,224
1447,215
1448,225
1449,178
1450,174
1451,165
1452,241
1453,161
1454,221
1455,222
1456,242
1457,181
1458,211
1459,181
1460,98
1461,192
1462,238
1463,205
1464,57
1465,222
1466,248
1467,214
1468,140
1469,194
1470,118
1471,243
1472,217
1473,220
1474,0
1475,190
1476,136
1477,229
1478,166
1479,186
1480,198
1481,0
1482,228
1483,110
1484,207
1485,206
1486,188
1487,251
1488,180
1489,210
1490,169
1491,250
1492,190
1493,251
1494,169
1495,237
1496,223
1497,197
1498,155
1499,200
1500,62
1501,203
1502,127
1503,158
1504,146
1505,126
1506,146
1507,221
1508,244
1509,177
1510,86
1511,242
1512,99
1513,179
1514,224
1515,174
1516,179
1517,213
1518,233
1519,220
1520,195
1521,213
1522,242
1523,249
1524,167
1525,222
1526,226
1527,185
1528,174
1529,194
1530,165
1531,222
1532,117
1533,0
1534,155
1535,195
1536,212
1537,174
1538,153
1539,236
1540,189
1541,249
1542,250
1543,223
1544,188
1545,109
1546,243
1547,165
1548,157
1549,165
1550,131
1551,177
1552,221
1553,217
1554,79
1555,232
1556,92
1557,196
1558,215
1559,166
1560,172
1561,182
1562,255
1563,188
1564,242
1565,160
1566,239
1567,232
1568,224
1569,169
1570,241
1571,238
1572,196
1573,222
1574,171
1575,202
1576,160
1577,236
1578,185
1579,240
1580,230
1581,235
1582,149
1583,201
1584,132
1585,168
1586,238
1587,227
1588,229
1589,207
1590,241
1591,197
1592,161
1593,165
1594,163
1595,237
1596,207
1597,146
1598,187
1599,178
1600,178
1601,195
1602,202
1603,195
1604,183
1605,247
1606,94
1607,229
1608,133
1609,187
1610,111
1611,231
1612,254
1613,213
1614,221
1615,224
1616,154
1617,138
1618,189
1619,222
1620,223
1621,80
1622,194
1623,198
1624,164
1625,179
1626,155
1627,197
1628,233
1629,127
1630,230
1631,241
1632,192
1633,221
1634,45
1635,191
1636,174
1637,196
1638,75
1639,151
1640,174
1641,212
1642,242
1643,89
1644,158
1645,250
1646,130
1647,228
1648,231
1649,200
1650,240
1651,205
1652,154
1653,174
1654,119
1655,242
1656,107
1657,244
1658,102
1659,160
1660,165
1661,250
1662,161
1663,149
1664,186
1665,241
1666,121
1667,162
1668,198
1669,106
1670,212
1671,122
1672,219
1673,87
1674,212
1675,194
1676,221
1677,217
1678,204
1679,48
1680,156
1681,220
1682,222
1683,163
1684,171
1685,252
1686,235
1687,221
1688,244
1689,196
1690,235
1691,59
1692,140
1693,162
1694,167
1695,79
1696,219
1697,129
1698,224
1699,201
1700,226
1701,249
1702,250
1703,244
1704,256
1705,188
1706,244
1707,256
1708,233
1709,236
1710,213
1711,212
1712,160
1713,157
1714,148
1715,172
1716,101
1717,188
1718,219
1719,193
1720,218
1721,191
1722,210
1723,114
1724,256
1725,228
1726,180
1727,222
1728,217
1729,230
1730,143
1731,217
1732,219
1733,43
1734,146
1735,38
1736,210
1737,252
1738,148
1739,245
1740,206
1741,110
1742,255
1743,191
1744,185
1745,144
1746,188
1747,219
1748,209
1749,164
1750,217
1751,179
1752,149
1753,224
1754,246
1755,199
1756,199
1757,162
1758,247
1759,221
1760,135
1761,27
1762,249
1763,199
1764,176
1765,64
1766,252
1767,180
1768,159
1769,223
1770,0
1771,218
1772,89
1773,169
1774,89
1775,173
1776,117
1777,226
1778,108
1779,165
1780,254
1781,75
1782,210
1783,192
1784,154
1785,185
1786,214
1787,242
1788,187
1789,248
1790,183
1791,33
1792,74
1793,188
1794,18
1795,62
1796,211
1797,47
1798,167
1799,177
1800,227
1801,201
1802,184
1803,90
1804,131
1805,164
1806,62
1807,158
1808,209
1809,116
1810,162
1811,204
1812,227
1813,212
1814,180
1815,181
1816,135
1817,76
1818,79
1819,238
1820,211
1821,155
1822,196
1823,242
1824,212
1825,209
1826,227
1827,182
1828,179
1829,54
1830,125
1831,192
1832,192
1833,241
1834,114
1835,174
1836,216
1837,175
1838,220
1839,118
1840,226
1841,161
1842,246
1843,158
1844,252
1845,38
1846,135
1847,215
1848,91
1849,187
1850,236
1851,144
1852,198
1853,193
1854,125
1855,190
1856,176
1857,218
1858,238
1859,186
1860,166
1861,181
1862,134
1863,190
1864,189
1865,201
1866,190
1867,253
1868,213
1869,235
1870,200
1871,167
1872,59
1873,196
1874,190
1875,230
1876,124
1877,201
1878,241
1879,178
1880,162
1881,77
1882,217
1883,167
1884,248
1885,62
1886,96
1887,247
1888,154
1889,146
1890,225
1891,132
1892,114
1893,219
1894,253
1895,209
1896,200
1897,217
1898,185
1899,157
1900,178
1901,246
1902,214
1903,171
1904,215
1905,189
1906,212
1907,221
1908,182
1909,128
1910,207
1911,221
1912,198
1913,118
1914,142
1915,172
1916,222
1917,211
1918,118
1919,192
1920,235
1921,219
1922,217
1923,189
1924,138
1925,206
1926,224
1927,159
1928,168
1929,184
1930,147
1931,255
1932,231
1933,219
1934,184
1935,244
1936,201
1937,202
1938,66
1939,112
1940,173
1941,226
1942,202
1943,164
1944,247
1945,189
1946,147
1947,205
1948,244
1949,96
1950,151
1951,148
1952,171
1953,41
1954,240
1955,104
1956,183
1957,224
1958,147
1959,154
1960,173
1961,81
1962,157
1963,99
1964,48
1965,159
1966,218
1967,196
1968,243
1969,255
1970,245
1971,253
1972,191
1973,135
1974,228
1975,51
1976,175
1977,232
1978,199
1979,244
1980,186
1981,230
1982,210
1983,239
1984,226
1985,150
1986,243
1987,199
1988,243
1989,197
1990,242
1991,171
1992,240
1993,159
1994,69
1995,206
1996,83
1997,188
1998,186
1999,202
2000,201
2001,216
2002,208
2003,225
2004,173
2005,183
2006,204
2007,230
2008,207
2009,225
2010,224
2011,234
2012,232
2013,228
2014,169
2015,159
2016,222
2017,201
2018,195
2019,231
2020,189
2021,233
2022,72
2023,218
2024,192
2025,241
2026,225
2027,126
2028,213
2029,112
2030,254
2031,228
2032,226
2033,226
2034,168
2035,225
2036,154
2037,137
2038,184
2039,195
2040,107
2041,221
2042,15
2043,184
2044,247
2045,153
2046,256
2047,250
2048,185
2049,148
2050,68
2051,163
2052,149
2053,223
2054,202
2055,226
2056,229
2057,228
2058,218
2059,218
2060,123
2061,224
2062,37
2063,10
2064,89
2065,232
2066,214
2067,150
2068,76
2069,100
2070,176
2071,208
2072,214
2073,221
2074,252
2075,244
2076,177
2077,111
2078,242
2079,147
2080,203
2081,226
2082,225
2083,191
2084,218
2085,147
2086,113
2087,165
2088,209
2089,239
2090,126
2091,254
2092,153
2093,232
2094,216
2095,195
2096,242
2097,179
2098,192
2099,121
2100,184
2101,242
2102,173
2103,148
2104,216
2105,119
2106,241
2107,222
2108,163
2109,240
2110,209
2111,204
2112,154
2113,176
2114,216
2115,231
2116,214
2117,240
2118,226
2119,246
2120,175
2121,46
2122,213
2123,156
2124,235
2125,232
2126,167
2127,168
2128,155
2129,171
2130,234
2131,149
2132,153
2133,147
2134,152
2135,201
2136,224
2137,127
2138,256
2139,203
2140,189
2141,232
2142,199
2143,230
2144,232
2145,223
2146,144
2147,182
2148,216
2149,205
2150,163
2151,254
2152,161
2153,233
2154,238
2155,245
2156,248
2157,210
2158,158
2159,166
2160,96
2161,189
2162,0
2163,226
2164,244
2165,161
2166,236
2167,140
2168,181
2169,252
2170,225
2171,196
2172,104
2173,166
2174,167
2175,186
2176,234
2177,251
2178,208
2179,206
2180,256
2181,191
2182,160
2183,136
2184,150
2185,190
2186,138
2187,0
2188,210
2189,210
2190,152
2191,217
2192,162
2193,33
2194,249
2195,120
2196,98
2197,218
2198,74
2199,160
2200,151
2201,201
2202,238
2203,22
2204,163
2205,167
2206,244
2207,181
2208,169
2209,150
2210,137
2211,241
2212,133
2213,123
2214,228
2215,256
2216,216
2217,228
2218,210
2219,175
2220,184
2221,242
2222,216
2223,170
2224,33
2225,218
2226,217
2227,124
2228,149
2229,150
2230,238
2231,228
2232,151
2233,179
2234,162
2235,240
2236,133
2237,246
2238,219
2239,154
2240,136
2241,173
2242,190
2243,205
2244,152
2245,198
2246,156
2247,211
2248,217
2249,183
2250,226
2251,255
2252,111
2253,211
2254,251
2255,218
2256,135
2257,225
2258,169
2259,130
2260,217
2261,200
2262,228
2263,138
2264,241
2265,30
2266,214
2267,227
2268,0
2269,176
2270,147
2271,99
2272,250
2273,171
2274,233
2275,71
2276,256
2277,238
2278,168
2279,162
2280,223
2281,120
2282,172
2283,50
2284,252
2285,236
2286,144
2287,223
2288,242
2289,230
2290,194
2291,200
2292,243
2293,65
2294,160
2295,153
2296,177
2297,189
2298,252
2299,239
2300,200
2301,207
2302,250
2303,244
2304,236
2305,234
2306,179
2307,169
2308,190
2309,209
2310,178
2311,165
2312,245
2313,214
2314,251
2315,256
2316,179
2317,17
2318,121
2319,218
2320,207
2321,210
2322,240
2323,250
2324,244
2325,203
2326,157
2327,219
2328,114
2329,197
2330,203
2331,156
2332,205
2333,191
2334,236
2335,159
2336,169
2337,226
2338,231
2339,124
2340,234
2341,178
2342,256
2343,218
2344,207
2345,212
2346,227
2347,215
2348,242
2349,207
2350,163
2351,240
2352,71
2353,111
2354,142
2355,238
2356,216
2357,216
2358,206
2359,50
2360,225
2361,102
2362,128
2363,230
2364,232
2365,184
2366,148
2367,246
2368,125
2369,140
2370,243
2371,216
2372,124
2373,245
2374,230
2375,221
2376,224
2377,14
2378,255
2379,250
2380,219
2381,190
2382,104
2383,237
2384,235
2385,221
2386,179
2387,212
2388,223
2389,149
2390,225
2391,121
2392,161
2393,192
2394,143
2395,153
2396,153
2397,247
2398,169
2399,227
