0,11
1,241
2,233
3,179
4,210
5,138
6,199
7,91
8,200
9,130
10,141
11,196
12,234
13,233
14,218
15,142
16,138
17,220
18,111
19,73
20,109
21,161
22,162
23,210
24,0
25,112
26,187
27,155
28,122
29,222
30,228
31,162
32,177
33,174
34,149
35,30
36,228
37,181
38,228
39,244
40,132
41,229
42,171
43,91
44,173
45,235
46,224
47,203
48,156
49,64
50,195
51,164
52,242
53,242
54,211
55,161
56,199
57,153
58,177
59,155
60,69
61,197
62,134
63,213
64,211
65,92
66,210
67,146
68,133
69,122
70,113
71,195
72,216
73,211
74,133
75,140
76,48
77,139
78,190
79,184
80,215
81,101
82,193
83,193
84,203
85,111
86,193
87,248
88,217
89,200
90,179
91,160
92,125
93,235
94,158
95,194
96,139
97,144
98,210
99,227
100,205
101,239
102,199
103,224
104,111
105,132
106,197
107,187
108,167
109,100
110,216
111,181
112,219
113,96
114,208
115,183
116,56
117,163
118,218
119,204
120,204
121,0
122,205
123,230
124,194
125,159
126,179
127,196
128,176
129,102
130,183
131,175
132,214
133,67
134,195
135,150
136,69
137,221
138,196
139,211
140,141
141,215
142,84
143,198
144,203
145,176
146,174
147,207
148,108
149,215
150,118
151,148
152,162
153,173
154,154
155,233
156,243
157,53
158,212
159,191
160,202
161,172
162,91
163,156
164,225
165,239
166,167
167,215
168,187
169,229
170,209
171,165
172,157
173,239
174,140
175,147
176,201
177,102
178,168
179,189
180,183
181,173
182,113
183,24
184,192
185,174
186,166
187,199
188,83
189,176
190,77
191,239
192,186
193,142
194,139
195,207
196,175
197,217
198,243
199,169
200,129
201,218
202,224
203,191
204,183
205,188
206,198
207,195
208,207
209,226
210,149
211,209
212,210
213,218
214,213
215,214
216,217
217,51
218,171
219,210
220,211
221,167
222,245
223,167
224,203
225,223
226,175
227,242
228,214
229,211
230,90
231,207
232,133
233,141
234,149
235,104
236,184
237,97
238,175
239,233
240,122
241,138
242,239
243,211
244,164
245,224
246,200
247,35
248,221
249,174
250,147
251,168
252,209
253,112
254,202
255,162
256,223
257,159
258,200
259,237
260,235
261,129
262,203
263,201
264,148
265,188
266,101
267,180
268,165
269,211
270,238
271,107
272,109
273,158
274,99
275,219
276,197
277,176
278,156
279,185
280,106
281,225
282,98
283,180
284,184
285,51
286,122
287,171
288,220
289,209
290,215
291,231
292,230
293,203
294,180
295,234
296,166
297,178
298,196
299,230
300,255
301,159
302,217
303,186
304,207
305,234
306,243
307,153
308,214
309,176
310,213
311,100
312,169
313,133
314,163
315,142
316,256
317,226
318,184
319,85
320,144
321,111
322,204
323,233
324,226
325,180
326,214
327,238
328,234
329,152
330,168
331,201
332,246
333,213
334,229
335,173
336,183
337,211
338,175
339,210
340,243
341,50
342,0
343,155
344,153
345,161
346,182
347,171
348,247
349,256
350,249
351,194
352,139
353,103
354,208
355,206
356,196
357,153
358,220
359,170
360,135
361,160
362,191
363,169
364,153
365,206
366,75
367,203
368,224
369,194
370,227
371,206
372,238
373,134
374,121
375,137
376,170
377,178
378,163
379,190
380,159
381,172
382,96
383,147
384,236
385,139
386,114
387,236
388,132
389,243
390,140
391,194
392,230
393,159
394,154
395,241
396,227
397,225
398,243
399,96
400,176
401,122
402,245
403,245
404,200
405,125
406,82
407,161
408,196
409,230
410,240
411,229
412,215
413,140
414,111
415,204
416,239
417,249
418,154
419,189
420,178
421,65
422,161
423,129
424,205
425,230
426,102
427,229
428,185
429,145
430,237
431,226
432,91
433,198
434,169
435,107
436,156
437,216
438,222
439,181
440,136
441,225
442,143
443,94
444,195
445,85
446,188
447,182
448,225
449,211
450,222
451,161
452,247
453,129
454,229
455,157
456,220
457,231
458,216
459,204
460,240
461,104
462,177
463,233
464,244
465,150
466,106
467,191
468,217
469,246
470,118
471,236
472,160
473,131
474,184
475,172
476,240
477,189
478,159
479,245
480,197
481,148
482,196
483,226
484,52
485,238
486,86
487,233
488,249
489,115
490,227
491,232
492,134
493,220
494,130
495,251
496,231
497,236
498,175
499,193
500,219
501,241
502,229
503,241
504,187
505,201
506,204
507,183
508,210
509,196
510,134
511,222
512,214
513,130
514,153
515,246
516,230
517,174
518,237
519,228
520,224
521,166
522,141
523,238
524,184
525,239
526,203
527,169
528,220
529,214
530,235
531,224
532,159
533,221
534,219
535,180
536,231
537,139
538,241
539,207
540,126
541,176
542,121
543,197
544,226
545,182
546,149
547,232
548,217
549,183
550,132
551,198
552,183
553,163
554,247
555,197
556,161
557,219
558,141
559,232
560,232
561,247
562,159
563,228
564,156
565,210
566,196
567,222
568,208
569,199
570,204
571,223
572,204
573,199
574,240
575,140
576,219
577,244
578,206
579,242
580,218
581,242
582,200
583,152
584,209
585,152
586,177
587,200
588,186
589,230
590,225
591,164
592,218
593,124
594,138
595,149
596,208
597,239
598,153
599,143
600,145
601,243
602,108
603,67
604,146
605,230
606,163
607,160
608,194
609,119
610,157
611,205
612,212
613,53
614,232
615,136
616,9
617,166
618,236
619,203
620,65
621,190
622,230
623,180
624,172
625,206
626,177
627,225
628,234
629,136
630,218
631,229
632,121
633,169
634,209
635,213
636,238
637,174
638,167
639,94
640,212
641,177
642,236
643,198
644,194
645,177
646,239
647,188
648,217
649,99
650,126
651,219
652,209
653,228
654,182
655,209
656,178
657,216
658,191
659,222
660,142
661,216
662,177
663,178
664,196
665,196
666,237
667,216
668,128
669,215
670,127
671,148
672,186
673,175
674,242
675,208
676,214
677,172
678,154
679,150
680,224
681,149
682,176
683,208
684,225
685,215
686,149
687,231
688,212
689,198
690,102
691,216
692,69
693,247
694,239
695,172
696,127
697,194
698,167
699,148
700,130
701,231
702,240
703,244
704,113
705,217
706,87
707,171
708,155
709,240
710,256
711,229
712,119
713,236
714,170
715,125
716,184
717,249
718,195
719,83
720,211
721,205
722,168
723,110
724,216
725,136
726,197
727,60
728,112
729,223
730,216
731,109
732,179
733,194
734,240
735,189
736,221
737,183
738,196
739,66
740,183
741,224
742,110
743,242
744,235
745,116
746,204
747,151
748,162
749,195
750,86
751,204
752,205
753,189
754,214
755,227
756,203
757,218
758,241
759,118
760,137
761,252
762,247
763,231
764,230
765,225
766,240
767,159
768,217
769,200
770,238
771,86
772,239
773,189
774,143
775,245
776,193
777,240
778,208
779,244
780,256
781,222
782,85
783,204
784,139
785,208
786,43
787,164
788,103
789,228
790,256
791,118
792,126
793,216
794,232
795,117
796,115
797,244
798,95
799,105
800,237
801,176
802,197
803,246
804,245
805,156
806,147
807,209
808,212
809,188
810,216
811,207
812,201
813,162
814,202
815,207
816,140
817,178
818,230
819,196
820,182
821,175
822,226
823,201
824,198
825,182
826,235
827,167
828,244
829,216
830,213
831,205
832,176
833,224
834,184
835,179
836,193
837,184
838,248
839,232
840,132
841,108
842,169
843,215
844,159
845,119
846,191
847,241
848,213
849,220
850,214
851,85
852,143
853,150
854,185
855,163
856,218
857,245
858,189
859,228
860,219
861,165
862,207
863,161
864,184
865,234
866,228
867,242
868,242
869,244
870,181
871,228
872,222
873,202
874,188
875,221
876,175
877,188
878,200
879,172
880,91
881,194
882,206
883,187
884,193
885,161
886,226
887,245
888,184
889,242
890,221
891,108
892,164
893,212
894,207
895,186
896,180
897,80
898,199
899,214
900,191
901,150
902,217
903,189
904,230
905,144
906,218
907,162
908,171
909,193
910,143
911,229
912,133
913,216
914,137
915,241
916,214
917,161
918,188
919,54
920,204
921,171
922,163
923,201
924,201
925,191
926,150
927,204
928,173
929,218
930,153
931,115
932,183
933,213
934,209
935,205
936,195
937,231
938,203
939,143
940,190
941,220
942,172
943,174
944,218
945,156
946,158
947,130
948,203
949,170
950,190
951,175
952,221
953,241
954,208
955,242
956,196
957,209
958,178
959,120
960,205
961,231
962,161
963,213
964,190
965,93
966,137
967,201
968,163
969,217
970,230
971,172
972,182
973,118
974,200
975,157
976,203
977,148
978,221
979,241
980,212
981,212
982,178
983,166
984,170
985,238
986,200
987,234
988,237
989,145
990,240
991,151
992,181
993,218
994,223
995,212
996,181
997,241
998,145
999,221
1000,220
1001,151
1002,183
1003,247
1004,221
1005,233
1006,161
1007,210
1008,198
1009,192
1010,232
1011,200
1012,193
1013,207
1014,211
1015,227
1016,182
1017,215
1018,218
1019,247
1020,234
1021,247
1022,112
1023,161
1024,158
1025,227
1026,210
1027,99
1028,192
1029,185
1030,240
1031,154
1032,121
1033,167
1034,201
1035,200
1036,238
1037,190
1038,230
1039,201
1040,194
1041,158
1042,210
1043,169
1044,150
1045,225
1046,190
1047,183
1048,240
1049,164
1050,181
1051,202
1052,224
1053,183
1054,204
1055,205
1056,241
1057,210
1058,182
1059,211
1060,229
1061,164
1062,200
1063,173
1064,233
1065,218
1066,186
1067,237
1068,244
1069,210
1070,230
1071,205
1072,146
1073,221
1074,243
1075,190
1076,221
1077,203
1078,153
1079,193
1080,225
1081,156
1082,181
1083,142
1084,220
1085,225
1086,220
1087,153
1088,201
1089,156
1090,228
1091,176
1092,221
1093,185
1094,219
1095,237
1096,120
1097,216
1098,210
1099,224
1100,212
1101,231
1102,256
1103,223
1104,167
1105,217
1106,210
1107,169
1108,226
1109,219
1110,200
1111,176
1112,256
1113,232
1114,234
1115,191
1116,229
1117,243
1118,198
1119,174
1120,234
1121,205
1122,168
1123,174
1124,221
1125,179
1126,245
1127,238
1128,189
1129,213
1130,191
1131,240
1132,174
1133,238
1134,180
1135,200
1136,234
1137,223
1138,248
1139,202
1140,248
1141,217
1142,205
1143,165
1144,186
1145,164
1146,256
1147,251
1148,165
1149,219
1150,218
1151,230
1152,197
1153,197
1154,169
1155,199
1156,196
1157,213
1158,208
1159,237
1160,186
1161,236
1162,127
1163,249
1164,256
1165,241
1166,246
1167,234
1168,239
1169,225
1170,179
1171,193
1172,231
1173,207
1174,242
1175,250
1176,221
1177,209
1178,248
1179,148
1180,256
1181,179
1182,144
1183,162
1184,231
1185,256
1186,224
1187,256
1188,256
1189,223
1190,216
1191,119
1192,248
1193,222
1194,230
1195,248
1196,195
1197,192
1198,256
1199,236
1200,167
1201,248
1202,98
1203,215
1204,172
1205,157
1206,126
1207,179
1208,68
1209,193
1210,167
1211,212
1212,213
1213,177
1214,52
1215,52
1216,106
1217,150
1218,116
1219,250
1220,205
1221,199
1222,24
1223,107
1224,173
1225,0
1226,244
1227,102
1228,162
1229,239
1230,140
1231,17
1232,140
1233,151
1234,66
1235,166
1236,187
1237,175
1238,154
1239,208
1240,180
1241,154
1242,128
1243,226
1244,236
1245,249
1246,206
1247,146
1248,239
1249,164
1250,222
1251,164
1252,180
1253,185
1254,34
1255,86
1256,169
1257,239
1258,148
1259,145
1260,170
1261,212
1262,0
1263,247
1264,170
1265,171
1266,71
1267,109
1268,239
1269,203
1270,238
1271,203
1272,184
1273,223
1274,243
1275,222
1276,169
1277,47
1278,215
1279,250
1280,131
1281,81
1282,234
1283,119
1284,165
1285,112
1286,167
1287,0
1288,147
1289,116
1290,236
1291,223
1292,98
1293,181
1294,134
1295,161
1296,240
1297,56
1298,146
1299,22
1300,244
1301,184
1302,240
1303,167
1304,190
1305,230
1306,221
1307,234
1308,46
1309,164
1310,97
1311,176
1312,58
1313,233
1314,232
1315,223
1316,58
1317,186
1318,132
1319,212
1320,91
1321,15
1322,167
1323,242
1324,35
1325,155
1326,91
1327,66
1328,126
1329,218
1330,186
1331,112
1332,98
1333,146
1334,192
1335,101
1336,67
1337,165
1338,0
1339,213
1340,17
1341,194
1342,209
1343,207
1344,51
1345,33
1346,247
1347,73
1348,211
1349,188
1350,226
1351,0
1352,198
1353,0
1354,221
1355,103
1356,233
1357,213
1358,147
1359,134
1360,230
1361,71
1362,176
1363,53
1364,243
1365,241
1366,144
1367,172
1368,69
1369,139
1370,216
1371,190
1372,21
1373,153
1374,240
1375,248
1376,147
1377,203
1378,159
1379,215
1380,212
1381,92
1382,213
1383,232
1384,229
1385,22
1386,242
1387,217
1388,13
1389,60
1390,15
1391,220
1392,146
1393,189
1394,202
1395,50
1396,136
1397,112
1398,172
1399,178
1400,168
1401,203
1402,131
1403,191
1404,232
1405,159
1406,210
1407,83
1408,136
1409,214
1410,174
1411,197
1412,221
1413,207
1414,232
1415,94
1416,161
1417,148
1418,234
1419,179
1420,164
1421,222
1422,247
1423,112
1424,118
1425,235
1426,41
1427,104
1428,224
1429,221
1430,34
1431,151
1432,214
1433,106
1434,140
1435,240
1436,157
1437,123
1438,244
1439,241
1440,239
1441,116
1442,159
1443,242
1444,195
1445,218
1446,145
1447,158
1448,183
1449,92
1450,0
1451,175
1452,191
1453,101
1454,235
1455,246
1456,196
1457,25
1458,178
1459,159
1460,209
1461,236
1462,42
1463,175
1464,46
1465,197
1466,210
1467,219
1468,224
1469,162
1470,126
1471,203
1472,112
1473,168
1474,215
1475,206
1476,202
1477,102
1478,217
1479,160
1480,125
1481,148
1482,239
1483,226
1484,227
1485,162
1486,246
1487,114
1488,244
1489,220
1490,212
1491,90
1492,238
1493,217
1494,251
1495,232
1496,248
1497,230
1498,226
1499,166
1500,128
1501,195
1502,196
1503,179
1504,103
1505,166
1506,48
1507,51
1508,253
1509,198
1510,132
1511,191
1512,149
1513,10
1514,122
1515,232
1516,193
1517,222
1518,230
1519,90
1520,185
1521,239
1522,191
1523,114
1524,129
1525,224
1526,203
1527,209
1528,189
1529,225
1530,112
1531,129
1532,176
1533,243
1534,154
1535,105
1536,122
1537,171
1538,135
1539,226
1540,186
1541,241
1542,77
1543,223
1544,151
1545,96
1546,183
1547,157
1548,2
1549,146
1550,24
1551,88
1552,151
1553,199
1554,145
1555,164
1556,113
1557,219
1558,184
1559,155
1560,226
1561,130
1562,243
1563,151
1564,133
1565,141
1566,84
1567,174
1568,238
1569,26
1570,183
1571,174
1572,244
1573,238
1574,126
1575,246
1576,130
1577,35
1578,0
1579,230
1580,206
1581,154
1582,159
1583,230
1584,184
1585,213
1586,219
1587,143
1588,190
1589,128
1590,236
1591,231
1592,214
1593,210
1594,191
1595,0
1596,160
1597,136
1598,84
1599,104
1600,218
1601,206
1602,139
1603,166
1604,239
1605,222
1606,198
1607,181
1608,235
1609,206
1610,252
1611,155
1612,175
1613,229
1614,186
1615,120
1616,235
1617,186
1618,178
1619,180
1620,137
1621,213
1622,239
1623,162
1624,202
1625,194
1626,46
1627,106
1628,229
1629,121
1630,183
1631,221
1632,204
1633,201
1634,193
1635,237
1636,202
1637,236
1638,114
1639,216
1640,212
1641,182
1642,124
1643,157
1644,221
1645,216
1646,223
1647,254
1648,254
1649,249
1650,225
1651,245
1652,182
1653,134
1654,180
1655,249
1656,187
1657,181
1658,249
1659,230
1660,234
1661,173
1662,194
1663,214
1664,147
1665,249
1666,173
1667,194
1668,82
1669,170
1670,188
1671,205
1672,248
1673,255
1674,188
1675,244
1676,226
1677,234
1678,187
1679,83
1680,227
1681,149
1682,221
1683,202
1684,171
1685,236
1686,169
1687,226
1688,240
1689,127
1690,97
1691,152
1692,213
1693,168
1694,140
1695,166
1696,194
1697,0
1698,211
1699,249
1700,158
1701,231
1702,128
1703,227
1704,207
1705,180
1706,229
1707,155
1708,191
1709,233
1710,205
1711,226
1712,167
1713,128
1714,4
1715,220
1716,234
1717,192
1718,71
1719,221
1720,123
1721,116
1722,200
1723,58
1724,33
1725,183
1726,242
1727,182
1728,171
1729,115
1730,130
1731,227
1732,160
1733,218
1734,150
1735,220
1736,126
1737,77
1738,208
1739,232
1740,36
1741,100
1742,146
1743,236
1744,250
1745,162
1746,135
1747,99
1748,168
1749,191
1750,72
1751,145
1752,91
1753,95
1754,192
1755,215
1756,229
1757,156
1758,229
1759,189
1760,82
1761,35
1762,218
1763,131
1764,225
1765,186
1766,150
1767,158
1768,233
1769,149
1770,202
1771,121
1772,137
1773,147
1774,127
1775,245
1776,243
1777,172
1778,123
1779,179
1780,226
1781,198
1782,89
1783,40
1784,203
1785,164
1786,76
1787,234
1788,201
1789,98
1790,242
1791,248
1792,200
1793,57
1794,199
1795,234
1796,168
1797,192
1798,228
1799,217
1800,176
1801,229
1802,234
1803,76
1804,224
1805,217
1806,184
1807,202
1808,200
1809,225
1810,208
1811,214
1812,136
1813,247
1814,146
1815,182
1816,199
1817,175
1818,170
1819,0
1820,143
1821,210
1822,202
1823,140
1824,214
1825,162
1826,169
1827,196
1828,201
1829,236
1830,215
1831,235
1832,217
1833,155
1834,52
1835,186
1836,172
1837,128
1838,240
1839,211
1840,224
1841,229
1842,213
1843,150
1844,145
1845,144
1846,32
1847,164
1848,233
1849,94
1850,168
1851,204
1852,212
1853,173
1854,184
1855,141
1856,200
1857,244
1858,195
1859,210
1860,222
1861,134
1862,110
1863,238
1864,248
1865,129
1866,219
1867,247
1868,77
1869,249
1870,232
1871,224
1872,187
1873,215
1874,223
1875,225
1876,150
1877,149
1878,201
1879,145
1880,239
1881,166
1882,249
1883,226
1884,167
1885,219
1886,197
1887,131
1888,166
1889,164
1890,236
1891,102
1892,252
1893,238
1894,206
1895,243
1896,135
1897,183
1898,193
1899,169
1900,96
1901,235
1902,256
1903,198
1904,169
1905,204
1906,0
1907,197
1908,231
1909,129
1910,185
1911,250
1912,188
1913,88
1914,60
1915,241
1916,235
1917,239
1918,236
1919,76
1920,203
1921,184
1922,249
1923,202
1924,90
1925,158
1926,181
1927,106
1928,78
1929,165
1930,68
1931,53
1932,249
1933,130
1934,12
1935,254
1936,209
1937,122
1938,208
1939,81
1940,93
1941,235
1942,247
1943,188
1944,100
1945,117
1946,217
1947,222
1948,229
1949,229
1950,198
1951,199
1952,214
1953,185
1954,134
1955,58
1956,217
1957,165
1958,205
1959,256
1960,222
1961,155
1962,35
1963,152
1964,60
1965,210
1966,231
1967,178
1968,210
1969,248
1970,117
1971,180
1972,227
1973,140
1974,201
1975,210
1976,163
1977,180
1978,194
1979,177
1980,153
1981,256
1982,234
1983,200
1984,180
1985,211
1986,206
1987,254
1988,232
1989,238
1990,83
1991,98
1992,241
1993,223
1994,149
1995,236
1996,0
1997,146
1998,232
1999,185
2000,168
2001,0
2002,85
2003,66
2004,196
2005,162
2006,202
2007,245
2008,38
2009,15
2010,247
2011,112
2012,228
2013,217
2014,128
2015,166
2016,161
2017,250
2018,196
2019,226
2020,244
2021,138
2022,211
2023,247
2024,185
2025,73
2026,213
2027,201
2028,137
2029,17
2030,226
2031,204
2032,82
2033,214
2034,67
2035,202
2036,230
2037,129
2038,240
2039,169
2040,217
2041,115
2042,152
2043,241
2044,147
2045,30
2046,234
2047,84
2048,0
2049,145
2050,209
2051,89
2052,82
2053,137
2054,246
2055,235
2056,0
2057,96
2058,186
2059,198
2060,183
2061,147
2062,129
2063,126
2064,194
2065,179
2066,234
2067,93
2068,147
2069,111
2070,197
2071,243
2072,90
2073,225
2074,214
2075,225
2076,227
2077,206
2078,166
2079,97
2080,211
2081,152
2082,88
2083,204
2084,217
2085,176
2086,181
2087,204
2088,237
2089,225
2090,179
2091,14
2092,239
2093,118
2094,156
2095,239
2096,97
2097,169
2098,162
2099,143
2100,0
2101,168
2102,171
2103,167
2104,213
2105,192
2106,198
2107,125
2108,188
2109,152
2110,232
2111,0
2112,200
2113,56
2114,0
2115,218
2116,0
2117,161
2118,167
2119,238
2120,212
2121,213
2122,108
2123,114
2124,245
2125,40
2126,189
2127,231
2128,226
2129,8
2130,161
2131,239
2132,50
2133,219
2134,143
2135,0
2136,210
2137,74
2138,157
2139,0
2140,66
2141,129
2142,186
2143,217
2144,131
2145,183
2146,0
2147,239
2148,107
2149,117
2150,60
2151,200
2152,106
2153,162
2154,211
2155,204
2156,180
2157,184
2158,233
2159,199
2160,73
2161,113
2162,167
2163,147
2164,165
2165,229
2166,170
2167,0
2168,0
2169,246
2170,236
2171,67
2172,219
2173,186
2174,212
2175,206
2176,164
2177,223
2178,150
2179,239
2180,122
2181,238
2182,0
2183,165
2184,161
2185,214
2186,17
2187,228
2188,233
2189,64
2190,198
2191,19
2192,220
2193,114
2194,207
2195,89
2196,214
2197,63
2198,227
2199,163
2200,177
2201,39
2202,225
2203,173
2204,97
2205,235
2206,112
2207,138
2208,168
2209,54
2210,97
2211,167
2212,171
2213,30
2214,163
2215,212
2216,214
2217,150
2218,20
2219,74
2220,190
2221,106
2222,201
2223,221
2224,131
2225,205
2226,201
2227,110
2228,161
2229,211
2230,250
2231,71
2232,133
2233,229
2234,232
2235,170
2236,144
2237,154
2238,164
2239,204
2240,144
2241,243
2242,163
2243,202
2244,244
2245,215
2246,182
2247,161
2248,0
2249,108
2250,169
2251,186
2252,221
2253,115
2254,132
2255,171
2256,167
2257,0
2258,196
2259,125
2260,177
2261,179
2262,202
2263,214
2264,233
2265,186
2266,137
2267,205
2268,224
2269,79
2270,77
2271,234
2272,146
2273,205
2274,171
2275,211
2276,112
2277,80
2278,0
2279,118
2280,171
2281,152
2282,169
2283,145
2284,69
2285,246
2286,87
2287,206
2288,242
2289,192
2290,168
2291,207
2292,9
2293,171
2294,114
2295,243
2296,154
2297,198
2298,228
2299,123
2300,210
2301,146
2302,187
2303,243
2304,161
2305,120
2306,0
2307,0
2308,223
2309,197
2310,211
2311,119
2312,220
2313,225
2314,35
2315,122
2316,42
2317,115
2318,248
2319,140
2320,240
2321,186
2322,130
2323,206
2324,190
2325,220
2326,111
2327,236
2328,149
2329,245
2330,62
2331,138
2332,204
2333,200
2334,193
2335,228
2336,91
2337,104
2338,168
2339,122
2340,218
2341,200
2342,129
2343,167
2344,242
2345,223
2346,122
2347,185
2348,214
2349,218
2350,168
2351,69
2352,197
2353,176
2354,194
2355,249
2356,175
2357,153
2358,208
2359,182
2360,179
2361,56
2362,194
2363,78
2364,256
2365,147
2366,244
2367,37
2368,212
2369,211
2370,202
2371,62
2372,239
2373,195
2374,51
2375,126
2376,217
2377,75
2378,63
2379,245
2380,167
2381,144
2382,156
2383,219
2384,0
2385,140
2386,201
2387,223
2388,138
2389,105
2390,197
2391,201
2392,154
2393,149
2394,83
2395,144
2396,215
2397,150
2398,207
2399,214
