0,181
1,205
2,188
3,220
4,185
5,161
6,196
7,235
8,228
9,140
10,134
11,224
12,217
13,184
14,235
15,194
16,210
17,196
18,243
19,238
20,240
21,118
22,173
23,202
24,243
25,230
26,89
27,58
28,214
29,169
30,64
31,177
32,188
33,236
34,227
35,230
36,236
37,225
38,214
39,240
40,193
41,250
42,204
43,98
44,224
45,220
46,163
47,237
48,143
49,183
50,169
51,209
52,72
53,217
54,202
55,196
56,186
57,193
58,186
59,254
60,232
61,151
62,194
63,219
64,207
65,216
66,249
67,239
68,178
69,173
70,192
71,214
72,180
73,228
74,240
75,138
76,225
77,53
78,209
79,202
80,238
81,241
82,177
83,196
84,229
85,208
86,176
87,204
88,153
89,212
90,186
91,248
92,199
93,161
94,169
95,214
96,216
97,182
98,250
99,191
100,256
101,249
102,186
103,85
104,249
105,215
106,212
107,221
108,153
109,8
110,156
111,167
112,213
113,235
114,246
115,214
116,219
117,220
118,234
119,238
120,175
121,214
122,94
123,107
124,195
125,206
126,230
127,109
128,214
129,172
130,161
131,214
132,226
133,237
134,171
135,201
136,173
137,189
138,97
139,167
140,253
141,235
142,226
143,129
144,175
145,170
146,200
147,186
148,203
149,207
150,88
151,214
152,228
153,197
154,185
155,234
156,248
157,169
158,48
159,125
160,223
161,189
162,222
163,131
164,243
165,48
166,133
167,183
168,163
169,251
170,219
171,136
172,215
173,119
174,240
175,178
176,223
177,212
178,238
179,12
180,149
181,27
182,191
183,225
184,201
185,197
186,223
187,190
188,149
189,229
190,247
191,219
192,106
193,251
194,190
195,239
196,175
197,200
198,165
199,206
200,193
201,218
202,191
203,206
204,253
205,172
206,156
207,221
208,228
209,168
210,171
211,205
212,244
213,239
214,109
215,185
216,209
217,185
218,234
219,194
220,123
221,238
222,206
223,121
224,226
225,252
226,240
227,179
228,221
229,231
230,164
231,179
232,233
233,219
234,186
235,203
236,136
237,215
238,144
239,219
240,229
241,162
242,248
243,170
244,234
245,232
246,231
247,249
248,204
249,216
250,170
251,147
252,206
253,210
254,227
255,248
256,254
257,214
258,184
259,178
260,142
261,206
262,232
263,108
264,227
265,218
266,181
267,152
268,216
269,191
270,188
271,206
272,185
273,252
274,199
275,208
276,231
277,136
278,252
279,202
280,176
281,205
282,229
283,211
284,136
285,232
286,183
287,220
288,225
289,215
290,171
291,238
292,190
293,114
294,196
295,169
296,161
297,110
298,131
299,209
300,183
301,189
302,240
303,198
304,227
305,220
306,162
307,211
308,224
309,249
310,225
311,171
312,190
313,249
314,253
315,175
316,109
317,202
318,238
319,175
320,206
321,102
322,166
323,217
324,202
325,234
326,134
327,247
328,204
329,96
330,235
331,250
332,170
333,213
334,225
335,226
336,186
337,221
338,221
339,116
340,116
341,250
342,237
343,206
344,178
345,178
346,147
347,117
348,73
349,113
350,151
351,161
352,162
353,165
354,199
355,205
356,211
357,216
358,218
359,127
360,212
361,186
362,214
363,160
364,227
365,202
366,198
367,240
368,242
369,96
370,179
371,206
372,127
373,178
374,252
375,144
376,204
377,234
378,141
379,231
380,194
381,141
382,152
383,222
384,197
385,252
386,194
387,102
388,197
389,224
390,238
391,187
392,240
393,126
394,179
395,20
396,215
397,213
398,176
399,236
400,124
401,183
402,214
403,170
404,163
405,209
406,231
407,106
408,201
409,228
410,196
411,122
412,231
413,250
414,195
415,185
416,158
417,55
418,215
419,107
420,229
421,195
422,220
423,243
424,211
425,238
426,229
427,131
428,144
429,192
430,230
431,236
432,209
433,246
434,193
435,183
436,180
437,231
438,197
439,228
440,216
441,138
442,204
443,201
444,171
445,183
446,66
447,204
448,113
449,227
450,83
451,196
452,202
453,208
454,224
455,219
456,209
457,250
458,199
459,250
460,236
461,243
462,248
463,179
464,226
465,192
466,160
467,171
468,137
469,162
470,101
471,195
472,199
473,160
474,182
475,243
476,222
477,183
478,226
479,140
480,167
481,246
482,246
483,246
484,152
485,162
486,224
487,41
488,164
489,235
490,187
491,152
492,204
493,37
494,174
495,162
496,228
497,224
498,237
499,236
500,172
501,184
502,244
503,247
504,159
505,242
506,106
507,200
508,93
509,55
510,224
511,230
512,216
513,250
514,170
515,239
516,202
517,188
518,112
519,222
520,57
521,230
522,197
523,76
524,188
525,195
526,215
527,217
528,227
529,226
530,183
531,208
532,122
533,185
534,251
535,118
536,228
537,231
538,135
539,96
540,202
541,247
542,214
543,190
544,224
545,142
546,197
547,126
548,134
549,256
550,179
551,144
552,224
553,160
554,85
555,209
556,44
557,232
558,150
559,197
560,157
561,209
562,201
563,103
564,225
565,184
566,253
567,254
568,225
569,245
570,218
571,136
572,230
573,234
574,206
575,199
576,225
577,156
578,226
579,255
580,202
581,85
582,202
583,251
584,246
585,128
586,191
587,220
588,196
589,103
590,232
591,227
592,251
593,124
594,177
595,232
596,243
597,246
598,176
599,237
600,149
601,200
602,121
603,214
604,167
605,150
606,186
607,212
608,209
609,124
610,223
611,250
612,194
613,248
614,45
615,251
616,132
617,135
618,153
619,144
620,196
621,211
622,141
623,230
624,197
625,200
626,212
627,206
628,210
629,178
630,197
631,207
632,233
633,221
634,206
635,204
636,177
637,92
638,79
639,229
640,97
641,162
642,189
643,197
644,238
645,235
646,239
647,226
648,177
649,184
650,174
651,250
652,143
653,153
654,0
655,207
656,134
657,250
658,240
659,142
660,224
661,207
662,181
663,190
664,224
665,127
666,231
667,141
668,226
669,141
670,196
671,219
672,3
673,243
674,198
675,227
676,128
677,149
678,212
679,226
680,244
681,149
682,249
683,158
684,208
685,234
686,157
687,195
688,203
689,124
690,244
691,231
692,202
693,201
694,145
695,236
696,129
697,239
698,76
699,136
700,218
701,228
702,156
703,255
704,196
705,224
706,90
707,247
708,55
709,148
710,246
711,251
712,252
713,216
714,118
715,166
716,191
717,213
718,150
719,100
720,129
721,232
722,97
723,222
724,222
725,188
726,135
727,254
728,41
729,214
730,211
731,139
732,229
733,164
734,237
735,152
736,192
737,190
738,216
739,186
740,231
741,219
742,121
743,154
744,184
745,173
746,94
747,254
748,197
749,241
750,210
751,52
752,204
753,127
754,250
755,91
756,231
757,199
758,180
759,238
760,190
761,147
762,210
763,232
764,176
765,239
766,167
767,210
768,155
769,209
770,162
771,219
772,140
773,233
774,203
775,140
776,195
777,220
778,194
779,90
780,222
781,178
782,102
783,240
784,213
785,250
786,237
787,100
788,109
789,230
790,251
791,101
792,192
793,239
794,198
795,231
796,150
797,153
798,238
799,256
800,166
801,241
802,216
803,183
804,178
805,220
806,244
807,209
808,246
809,222
810,229
811,124
812,187
813,233
814,196
815,204
816,218
817,155
818,23
819,206
820,251
821,214
822,0
823,224
824,233
825,199
826,205
827,234
828,218
829,231
830,172
831,196
832,207
833,89
834,187
835,146
836,161
837,134
838,166
839,175
840,235
841,230
842,235
843,229
844,191
845,237
846,125
847,192
848,234
849,169
850,216
851,190
852,190
853,248
854,183
855,150
856,85
857,243
858,195
859,134
860,234
861,194
862,177
863,219
864,149
865,170
866,227
867,241
868,162
869,226
870,184
871,226
872,214
873,205
874,243
875,243
876,203
877,225
878,197
879,193
880,246
881,142
882,0
883,226
884,184
885,222
886,161
887,220
888,214
889,87
890,250
891,207
892,210
893,195
894,184
895,252
896,239
897,229
898,136
899,172
900,134
901,204
902,202
903,143
904,143
905,196
906,104
907,17
908,190
909,221
910,237
911,204
912,65
913,213
914,244
915,223
916,152
917,182
918,180
919,205
920,209
921,178
922,198
923,239
924,251
925,161
926,229
927,135
928,241
929,230
930,228
931,238
932,169
933,238
934,172
935,243
936,231
937,141
938,123
939,250
940,239
941,207
942,102
943,213
944,210
945,240
946,226
947,188
948,184
949,256
950,182
951,241
952,163
953,234
954,245
955,130
956,236
957,243
958,215
959,203
960,226
961,251
962,248
963,154
964,197
965,209
966,250
967,253
968,222
969,176
970,208
971,120
972,204
973,134
974,156
975,157
976,229
977,161
978,226
979,230
980,131
981,255
982,161
983,229
984,240
985,113
986,14
987,235
988,148
989,172
990,146
991,138
992,136
993,216
994,197
995,176
996,202
997,220
998,203
999,251
1000,240
1001,193
1002,245
1003,118
1004,181
1005,193
1006,166
1007,195
1008,158
1009,115
1010,168
1011,166
1012,247
1013,206
1014,231
1015,191
1016,218
1017,226
1018,181
1019,231
1020,224
1021,114
1022,239
1023,182
1024,100
1025,254
1026,122
1027,224
1028,249
1029,183
1030,190
1031,101
1032,107
1033,245
1034,178
1035,247
1036,74
1037,46
1038,192
1039,97
1040,184
1041,172
1042,169
1043,210
1044,138
1045,208
1046,181
1047,192
1048,187
1049,149
1050,224
1051,250
1052,221
1053,174
1054,172
1055,149
1056,178
1057,250
1058,100
1059,201
1060,223
1061,146
1062,214
1063,219
1064,204
1065,229
1066,77
1067,218
1068,219
1069,248
1070,251
1071,178
1072,160
1073,217
1074,109
1075,253
1076,225
1077,248
1078,215
1079,248
1080,171
1081,221
1082,143
1083,188
1084,225
1085,188
1086,178
1087,162
1088,98
1089,194
1090,122
1091,210
1092,112
1093,110
1094,118
1095,218
1096,103
1097,129
1098,130
1099,202
1100,218
1101,239
1102,131
1103,203
1104,240
1105,157
1106,174
1107,250
1108,231
1109,224
1110,254
1111,228
1112,242
1113,241
1114,167
1115,212
1116,228
1117,154
1118,185
1119,191
1120,226
1121,148
1122,169
1123,172
1124,148
1125,239
1126,133
1127,177
1128,114
1129,211
1130,248
1131,256
1132,206
1133,240
1134,65
1135,217
1136,181
1137,184
1138,190
1139,103
1140,238
1141,238
1142,236
1143,124
1144,103
1145,204
1146,199
1147,219
1148,189
1149,165
1150,141
1151,243
1152,108
1153,211
1154,244
1155,166
1156,253
1157,230
1158,216
1159,244
1160,185
1161,225
1162,172
1163,230
1164,110
1165,173
1166,238
1167,194
1168,152
1169,153
1170,235
1171,203
1172,179
1173,193
1174,186
1175,226
1176,135
1177,223
1178,196
1179,236
1180,99
1181,204
1182,165
1183,209
1184,158
1185,241
1186,256
1187,111
1188,190
1189,228
1190,235
1191,220
1192,198
1193,250
1194,242
1195,228
1196,165
1197,171
1198,167
1199,80
1200,114
1201,255
1202,223
1203,240
1204,114
1205,237
1206,221
1207,222
1208,156
1209,236
1210,197
1211,194
1212,212
1213,79
1214,247
1215,0
1216,224
1217,0
1218,186
1219,246
1220,246
1221,180
1222,126
1223,218
1224,132
1225,86
1226,193
1227,190
1228,39
1229,170
1230,166
1231,159
1232,176
1233,243
1234,101
1235,72
1236,190
1237,113
1238,205
1239,241
1240,189
1241,225
1242,203
1243,214
1244,166
1245,70
1246,254
1247,241
1248,155
1249,209
1250,169
1251,202
1252,184
1253,242
1254,210
1255,203
1256,222
1257,164
1258,206
1259,244
1260,236
1261,241
1262,169
1263,253
1264,206
1265,186
1266,171
1267,206
1268,174
1269,240
1270,177
1271,215
1272,216
1273,218
1274,133
1275,191
1276,135
1277,209
1278,209
1279,190
1280,161
1281,194
1282,141
1283,208
1284,245
1285,72
1286,179
1287,68
1288,169
1289,194
1290,149
1291,100
1292,209
1293,152
1294,221
1295,190
1296,239
1297,237
1298,182
1299,250
1300,61
1301,238
1302,217
1303,194
1304,224
1305,134
1306,133
1307,202
1308,148
1309,169
1310,187
1311,200
1312,204
1313,174
1314,212
1315,256
1316,239
1317,187
1318,211
1319,100
1320,186
1321,101
1322,205
1323,245
1324,93
1325,174
1326,193
1327,251
1328,201
1329,222
1330,204
1331,198
1332,255
1333,221
1334,238
1335,168
1336,170
1337,114
1338,194
1339,206
1340,244
1341,254
1342,200
1343,214
1344,227
1345,215
1346,197
1347,254
1348,179
1349,176
1350,227
1351,240
1352,164
1353,241
1354,233
1355,90
1356,172
1357,154
1358,193
1359,71
1360,237
1361,246
1362,222
1363,197
1364,162
1365,179
1366,59
1367,222
1368,161
1369,235
1370,246
1371,192
1372,252
1373,213
1374,198
1375,196
1376,212
1377,217
1378,30
1379,175
1380,204
1381,193
1382,184
1383,235
1384,55
1385,156
1386,159
1387,202
1388,69
1389,246
1390,205
1391,202
1392,133
1393,242
1394,213
1395,230
1396,196
1397,246
1398,143
1399,219
1400,139
1401,215
1402,184
1403,174
1404,177
1405,184
1406,255
1407,0
1408,127
1409,140
1410,202
1411,226
1412,229
1413,240
1414,197
1415,236
1416,75
1417,237
1418,162
1419,64
1420,217
1421,221
1422,206
1423,256
1424,171
1425,214
1426,237
1427,148
1428,158
1429,181
1430,228
1431,130
1432,164
1433,231
1434,190
1435,178
1436,243
1437,229
1438,136
1439,223
1440,215
1441,246
1442,149
1443,251
1444,154
1445,245
1446,227
1447,225
1448,231
1449,193
1450,196
1451,163
1452,238
1453,159
1454,225
1455,230
1456,240
1457,188
1458,209
1459,187
1460,100
1461,187
1462,235
1463,213
1464,96
1465,221
1466,248
1467,223
1468,157
1469,194
1470,128
1471,241
1472,215
1473,217
1474,0
1475,202
1476,146
1477,201
1478,175
1479,211
1480,205
1481,7
1482,228
1483,83
1484,203
1485,213
1486,187
1487,251
1488,176
1489,220
1490,181
1491,250
1492,179
1493,252
1494,166
1495,235
1496,226
1497,198
1498,141
1499,209
1500,50
1501,194
1502,151
1503,154
1504,172
1505,118
1506,143
1507,223
1508,246
1509,178
1510,114
1511,241
1512,110
1513,161
1514,230
1515,180
1516,197
1517,208
1518,233
1519,220
1520,211
1521,219
1522,245
1523,247
1524,142
1525,223
1526,228
1527,159
1528,164
1529,175
1530,166
1531,220
1532,128
1533,12
1534,170
1535,209
1536,232
1537,173
1538,161
1539,235
1540,188
1541,250
1542,250
1543,228
1544,183
1545,119
1546,242
1547,157
1548,145
1549,159
1550,161
1551,177
1552,212
1553,226
1554,120
1555,224
1556,81
1557,200
1558,214
1559,164
1560,187
1561,165
1562,255
1563,183
1564,241
1565,132
1566,234
1567,233
1568,220
1569,175
1570,243
1571,238
1572,193
1573,231
1574,183
1575,209
1576,191
1577,229
1578,195
1579,240
1580,228
1581,239
1582,161
1583,192
1584,140
1585,186
1586,239
1587,224
1588,223
1589,203
1590,237
1591,197
1592,149
1593,141
1594,170
1595,228
1596,224
1597,155
1598,195
1599,172
1600,182
1601,174
1602,193
1603,216
1604,199
1605,244
1606,94
1607,226
1608,137
1609,185
1610,136
1611,220
1612,254
1613,164
1614,219
1615,200
1616,180
1617,156
1618,198
1619,226
1620,227
1621,101
1622,163
1623,204
1624,153
1625,171
1626,164
1627,210
1628,226
1629,148
1630,235
1631,238
1632,199
1633,213
1634,126
1635,201
1636,164
1637,203
1638,114
1639,156
1640,166
1641,211
1642,238
1643,145
1644,168
1645,250
1646,120
1647,224
1648,230
1649,188
1650,241
1651,209
1652,141
1653,180
1654,130
1655,237
1656,115
1657,214
1658,78
1659,173
1660,170
1661,248
1662,173
1663,132
1664,193
1665,242
1666,178
1667,171
1668,217
1669,122
1670,223
1671,125
1672,208
1673,73
1674,214
1675,194
1676,215
1677,217
1678,224
1679,46
1680,135
1681,227
1682,229
1683,164
1684,169
1685,208
1686,236
1687,222
1688,246
1689,197
1690,231
1691,98
1692,178
1693,171
1694,167
1695,65
1696,222
1697,139
1698,223
1699,200
1700,231
1701,251
1702,251
1703,243
1704,256
1705,181
1706,246
1707,256
1708,232
1709,234
1710,205
1711,210
1712,175
1713,177
1714,141
1715,166
1716,148
1717,188
1718,225
1719,191
1720,223
1721,174
1722,214
1723,133
1724,256
1725,226
1726,170
1727,219
1728,213
1729,231
1730,139
1731,200
1732,220
1733,83
1734,161
1735,30
1736,203
1737,251
1738,168
1739,245
1740,211
1741,89
1742,254
1743,184
1744,170
1745,141
1746,171
1747,206
1748,216
1749,152
1750,233
1751,164
1752,135
1753,222
1754,250
1755,208
1756,209
1757,192
1758,232
1759,209
1760,84
1761,30
1762,249
1763,204
1764,179
1765,67
1766,251
1767,190
1768,155
1769,228
1770,0
1771,208
1772,39
1773,165
1774,74
1775,155
1776,109
1777,234
1778,109
1779,178
1780,254
1781,150
1782,209
1783,203
1784,145
1785,190
1786,200
1787,236
1788,184
1789,249
1790,163
1791,46
1792,69
1793,187
1794,74
1795,68
1796,222
1797,45
1798,185
1799,201
1800,225
1801,194
1802,177
1803,116
1804,131
1805,152
1806,82
1807,178
1808,189
1809,110
1810,172
1811,204
1812,209
1813,206
1814,179
1815,195
1816,127
1817,106
1818,114
1819,238
1820,206
1821,177
1822,217
1823,244
1824,212
1825,205
1826,228
1827,179
1828,183
1829,86
1830,124
1831,192
1832,195
1833,248
1834,132
1835,175
1836,222
1837,177
1838,214
1839,138
1840,225
1841,170
1842,245
1843,161
1844,251
1845,19
1846,144
1847,214
1848,77
1849,185
1850,234
1851,113
1852,214
1853,191
1854,159
1855,208
1856,162
1857,208
1858,237
1859,194
1860,173
1861,188
1862,132
1863,184
1864,185
1865,194
1866,170
1867,253
1868,202
1869,235
1870,195
1871,162
1872,67
1873,200
1874,215
1875,228
1876,138
1877,208
1878,240
1879,177
1880,182
1881,94
1882,209
1883,172
1884,246
1885,107
1886,77
1887,247
1888,151
1889,205
1890,221
1891,191
1892,139
1893,219
1894,252
1895,215
1896,193
1897,231
1898,189
1899,202
1900,193
1901,245
1902,210
1903,176
1904,207
1905,190
1906,219
1907,211
1908,188
1909,140
1910,205
1911,219
1912,210
1913,145
1914,119
1915,160
1916,223
1917,208
1918,162
1919,168
1920,232
1921,220
1922,220
1923,196
1924,81
1925,215
1926,207
1927,146
1928,180
1929,192
1930,139
1931,255
1932,231
1933,225
1934,190
1935,245
1936,196
1937,201
1938,52
1939,135
1940,179
1941,223
1942,204
1943,180
1944,245
1945,198
1946,121
1947,194
1948,246
1949,108
1950,152
1951,134
1952,185
1953,63
1954,246
1955,149
1956,187
1957,227
1958,172
1959,162
1960,159
1961,113
1962,180
1963,165
1964,22
1965,168
1966,217
1967,204
1968,246
1969,255
1970,238
1971,253
1972,201
1973,129
1974,224
1975,59
1976,220
1977,234
1978,202
1979,244
1980,180
1981,229
1982,222
1983,239
1984,217
1985,144
1986,243
1987,190
1988,243
1989,208
1990,240
1991,194
1992,241
1993,164
1994,47
1995,212
1996,92
1997,181
1998,208
1999,205
2000,199
2001,225
2002,202
2003,216
2004,168
2005,193
2006,209
2007,232
2008,202
2009,219
2010,225
2011,234
2012,236
2013,221
2014,166
2015,178
2016,225
2017,213
2018,198
2019,229
2020,175
2021,237
2022,66
2023,219
2024,200
2025,236
2026,227
2027,135
2028,209
2029,99
2030,254
2031,230
2032,223
2033,244
2034,171
2035,224
2036,116
2037,128
2038,163
2039,194
2040,123
2041,226
2042,9
2043,186
2044,246
2045,136
2046,256
2047,243
2048,191
2049,169
2050,44
2051,167
2052,150
2053,209
2054,211
2055,233
2056,219
2057,226
2058,217
2059,208
2060,144
2061,225
2062,77
2063,31
2064,89
2065,232
2066,218
2067,119
2068,123
2069,97
2070,181
2071,210
2072,187
2073,222
2074,253
2075,244
2076,161
2077,139
2078,242
2079,133
2080,215
2081,228
2082,220
2083,190
2084,217
2085,142
2086,150
2087,185
2088,213
2089,236
2090,176
2091,254
2092,137
2093,232
2094,217
2095,197
2096,240
2097,179
2098,182
2099,148
2100,190
2101,246
2102,167
2103,151
2104,200
2105,187
2106,244
2107,222
2108,183
2109,241
2110,187
2111,201
2112,150
2113,174
2114,211
2115,234
2116,206
2117,244
2118,230
2119,247
2120,168
2121,72
2122,214
2123,135
2124,234
2125,228
2126,188
2127,181
2128,150
2129,167
2130,235
2131,140
2132,167
2133,181
2134,145
2135,193
2136,226
2137,138
2138,256
2139,208
2140,178
2141,217
2142,208
2143,229
2144,226
2145,224
2146,158
2147,187
2148,219
2149,210
2150,202
2151,254
2152,168
2153,216
2154,238
2155,242
2156,244
2157,222
2158,165
2159,193
2160,122
2161,185
2162,29
2163,240
2164,238
2165,134
2166,233
2167,156
2168,198
2169,252
2170,230
2171,194
2172,112
2173,139
2174,183
2175,176
2176,241
2177,249
2178,203
2179,210
2180,256
2181,213
2182,169
2183,142
2184,187
2185,194
2186,122
2187,55
2188,206
2189,210
2190,166
2191,216
2192,157
2193,75
2194,248
2195,131
2196,111
2197,215
2198,148
2199,144
2200,156
2201,193
2202,240
2203,0
2204,191
2205,166
2206,242
2207,168
2208,161
2209,144
2210,138
2211,242
2212,101
2213,150
2214,227
2215,256
2216,219
2217,235
2218,210
2219,195
2220,189
2221,240
2222,218
2223,175
2224,108
2225,216
2226,212
2227,126
2228,148
2229,170
2230,240
2231,226
2232,128
2233,214
2234,152
2235,234
2236,117
2237,246
2238,221
2239,152
2240,196
2241,179
2242,195
2243,210
2244,142
2245,184
2246,171
2247,209
2248,224
2249,163
2250,242
2251,255
2252,140
2253,207
2254,251
2255,221
2256,121
2257,221
2258,177
2259,37
2260,211
2261,202
2262,232
2263,118
2264,241
2265,47
2266,220
2267,225
2268,0
2269,179
2270,159
2271,99
2272,250
2273,166
2274,228
2275,151
2276,256
2277,235
2278,167
2279,184
2280,226
2281,178
2282,183
2283,42
2284,252
2285,239
2286,130
2287,203
2288,237
2289,228
2290,211
2291,198
2292,246
2293,144
2294,168
2295,157
2296,161
2297,172
2298,250
2299,216
2300,194
2301,198
2302,249
2303,243
2304,237
2305,234
2306,167
2307,148
2308,204
2309,217
2310,169
2311,131
2312,248
2313,222
2314,252
2315,256
2316,198
2317,0
2318,117
2319,212
2320,205
2321,210
2322,240
2323,248
2324,244
2325,224
2326,134
2327,235
2328,81
2329,215
2330,190
2331,165
2332,188
2333,178
2334,213
2335,182
2336,164
2337,220
2338,224
2339,154
2340,236
2341,191
2342,256
2343,210
2344,206
2345,220
2346,230
2347,212
2348,240
2349,210
2350,166
2351,240
2352,83
2353,136
2354,158
2355,246
2356,231
2357,204
2358,196
2359,49
2360,227
2361,99
2362,124
2363,232
2364,228
2365,182
2366,142
2367,247
2368,120
2369,155
2370,240
2371,212
2372,140
2373,244
2374,221
2375,225
2376,208
2377,14
2378,254
2379,247
2380,213
2381,186
2382,129
2383,234
2384,241
2385,215
2386,182
2387,208
2388,229
2389,142
2390,232
2391,127
2392,144
2393,190
2394,142
2395,135
2396,171
2397,246
2398,173
2399,231
