0,18
1,243
2,233
3,180
4,214
5,142
6,190
7,87
8,198
9,126
10,165
11,191
12,234
13,235
14,246
15,141
16,164
17,220
18,120
19,104
20,129
21,157
22,170
23,218
24,7
25,74
26,179
27,149
28,133
29,224
30,224
31,166
32,176
33,170
34,108
35,29
36,229
37,180
38,232
39,245
40,162
41,228
42,169
43,74
44,192
45,231
46,218
47,208
48,160
49,74
50,193
51,185
52,242
53,245
54,212
55,159
56,189
57,161
58,180
59,158
60,56
61,201
62,153
63,207
64,216
65,131
66,223
67,151
68,163
69,132
70,116
71,201
72,207
73,218
74,149
75,120
76,115
77,150
78,185
79,210
80,214
81,134
82,192
83,199
84,192
85,134
86,202
87,248
88,215
89,204
90,176
91,135
92,136
93,233
94,178
95,190
96,149
97,135
98,208
99,223
100,183
101,240
102,225
103,226
104,154
105,152
106,186
107,173
108,186
109,104
110,221
111,207
112,207
113,59
114,218
115,190
116,124
117,164
118,224
119,206
120,202
121,0
122,184
123,228
124,205
125,166
126,178
127,198
128,176
129,156
130,175
131,216
132,208
133,67
134,168
135,168
136,107
137,220
138,202
139,213
140,132
141,203
142,90
143,209
144,201
145,185
146,186
147,207
148,133
149,214
150,121
151,129
152,170
153,167
154,161
155,230
156,245
157,144
158,218
159,198
160,196
161,176
162,122
163,154
164,224
165,230
166,162
167,224
168,172
169,239
170,214
171,173
172,145
173,238
174,171
175,149
176,174
177,122
178,164
179,192
180,174
181,177
182,128
183,135
184,177
185,206
186,191
187,221
188,112
189,188
190,143
191,241
192,163
193,120
194,149
195,210
196,170
197,226
198,241
199,172
200,135
201,220
202,225
203,188
204,207
205,203
206,217
207,194
208,207
209,211
210,153
211,217
212,214
213,219
214,212
215,190
216,216
217,79
218,178
219,209
220,209
221,175
222,245
223,190
224,197
225,222
226,177
227,241
228,217
229,214
230,113
231,207
232,129
233,143
234,145
235,89
236,195
237,131
238,182
239,232
240,183
241,137
242,229
243,208
244,175
245,222
246,197
247,61
248,227
249,170
250,177
251,184
252,197
253,114
254,203
255,151
256,221
257,168
258,201
259,238
260,227
261,128
262,194
263,205
264,152
265,188
266,124
267,203
268,172
269,206
270,236
271,105
272,115
273,155
274,94
275,215
276,181
277,174
278,163
279,155
280,97
281,219
282,100
283,163
284,182
285,128
286,90
287,172
288,210
289,201
290,215
291,232
292,232
293,205
294,188
295,238
296,172
297,188
298,202
299,220
300,192
301,166
302,209
303,178
304,205
305,229
306,223
307,148
308,209
309,180
310,223
311,124
312,188
313,119
314,170
315,140
316,207
317,228
318,177
319,100
320,166
321,126
322,221
323,230
324,226
325,184
326,216
327,238
328,228
329,161
330,166
331,195
332,246
333,213
334,228
335,203
336,157
337,207
338,167
339,177
340,244
341,119
342,95
343,154
344,127
345,154
346,183
347,154
348,247
349,186
350,248
351,195
352,128
353,103
354,211
355,206
356,190
357,172
358,219
359,191
360,146
361,148
362,203
363,138
364,147
365,194
366,94
367,199
368,232
369,193
370,215
371,201
372,231
373,135
374,127
375,146
376,172
377,189
378,146
379,191
380,181
381,157
382,135
383,156
384,216
385,127
386,140
387,214
388,135
389,239
390,159
391,186
392,236
393,142
394,152
395,242
396,230
397,215
398,238
399,94
400,184
401,126
402,244
403,243
404,208
405,135
406,93
407,169
408,202
409,229
410,242
411,226
412,215
413,150
414,112
415,204
416,237
417,250
418,176
419,179
420,163
421,82
422,158
423,122
424,216
425,225
426,127
427,229
428,194
429,140
430,240
431,228
432,97
433,231
434,177
435,135
436,164
437,212
438,218
439,192
440,149
441,225
442,151
443,122
444,201
445,123
446,195
447,184
448,217
449,217
450,216
451,161
452,244
453,150
454,225
455,177
456,223
457,229
458,213
459,204
460,239
461,132
462,174
463,230
464,245
465,143
466,134
467,187
468,202
469,247
470,122
471,234
472,160
473,116
474,182
475,146
476,239
477,181
478,156
479,245
480,206
481,154
482,209
483,212
484,94
485,230
486,113
487,227
488,249
489,115
490,221
491,242
492,160
493,220
494,109
495,251
496,227
497,230
498,176
499,171
500,227
501,242
502,232
503,233
504,161
505,205
506,207
507,205
508,209
509,212
510,134
511,234
512,220
513,137
514,159
515,245
516,229
517,171
518,229
519,234
520,222
521,163
522,149
523,233
524,191
525,241
526,195
527,177
528,217
529,198
530,234
531,221
532,147
533,241
534,216
535,206
536,228
537,125
538,242
539,200
540,214
541,200
542,139
543,206
544,234
545,192
546,157
547,231
548,214
549,191
550,123
551,194
552,187
553,182
554,248
555,205
556,127
557,193
558,135
559,229
560,227
561,247
562,168
563,226
564,157
565,211
566,134
567,226
568,226
569,214
570,218
571,231
572,203
573,215
574,242
575,145
576,225
577,231
578,206
579,243
580,204
581,245
582,206
583,164
584,201
585,159
586,191
587,185
588,186
589,226
590,219
591,167
592,199
593,166
594,140
595,168
596,208
597,235
598,142
599,149
600,151
601,243
602,111
603,90
604,143
605,232
606,155
607,184
608,190
609,123
610,139
611,198
612,207
613,113
614,224
615,146
616,19
617,174
618,234
619,200
620,78
621,189
622,233
623,160
624,142
625,208
626,190
627,218
628,233
629,122
630,216
631,227
632,154
633,152
634,212
635,215
636,239
637,166
638,150
639,151
640,207
641,174
642,238
643,189
644,199
645,156
646,241
647,194
648,218
649,76
650,136
651,217
652,209
653,231
654,209
655,204
656,157
657,217
658,190
659,223
660,133
661,220
662,191
663,181
664,200
665,204
666,227
667,220
668,132
669,216
670,130
671,162
672,195
673,182
674,242
675,208
676,198
677,188
678,152
679,152
680,223
681,153
682,171
683,214
684,223
685,201
686,140
687,230
688,217
689,202
690,131
691,220
692,41
693,249
694,238
695,192
696,135
697,200
698,145
699,141
700,143
701,238
702,238
703,244
704,137
705,214
706,110
707,193
708,156
709,243
710,181
711,226
712,123
713,229
714,176
715,130
716,164
717,250
718,188
719,106
720,208
721,192
722,162
723,97
724,199
725,135
726,204
727,36
728,117
729,203
730,208
731,144
732,178
733,186
734,239
735,194
736,216
737,183
738,193
739,72
740,197
741,226
742,122
743,245
744,222
745,103
746,199
747,116
748,162
749,203
750,87
751,204
752,205
753,197
754,208
755,213
756,197
757,217
758,242
759,143
760,186
761,252
762,246
763,225
764,225
765,218
766,235
767,171
768,200
769,202
770,239
771,94
772,224
773,199
774,133
775,239
776,206
777,233
778,200
779,243
780,173
781,232
782,92
783,208
784,131
785,193
786,64
787,186
788,132
789,220
790,174
791,134
792,108
793,212
794,233
795,107
796,109
797,245
798,109
799,117
800,235
801,176
802,190
803,236
804,245
805,154
806,142
807,206
808,212
809,185
810,210
811,216
812,184
813,158
814,210
815,208
816,143
817,184
818,235
819,191
820,173
821,174
822,232
823,199
824,191
825,187
826,222
827,158
828,243
829,210
830,204
831,206
832,152
833,225
834,148
835,190
836,187
837,139
838,248
839,228
840,120
841,135
842,181
843,213
844,151
845,140
846,158
847,233
848,210
849,222
850,203
851,43
852,129
853,169
854,199
855,154
856,214
857,245
858,167
859,216
860,212
861,161
862,204
863,161
864,194
865,231
866,229
867,244
868,242
869,244
870,189
871,223
872,216
873,201
874,161
875,219
876,181
877,192
878,184
879,168
880,156
881,204
882,204
883,166
884,194
885,159
886,223
887,245
888,182
889,242
890,204
891,87
892,106
893,209
894,179
895,181
896,179
897,96
898,214
899,216
900,196
901,151
902,201
903,202
904,231
905,156
906,211
907,162
908,192
909,159
910,137
911,225
912,122
913,209
914,133
915,240
916,215
917,181
918,192
919,52
920,190
921,192
922,181
923,211
924,202
925,178
926,173
927,215
928,153
929,211
930,142
931,132
932,185
933,227
934,195
935,207
936,152
937,234
938,202
939,128
940,161
941,217
942,193
943,182
944,218
945,138
946,202
947,156
948,219
949,163
950,155
951,160
952,212
953,230
954,208
955,244
956,202
957,215
958,176
959,105
960,206
961,239
962,136
963,219
964,177
965,135
966,143
967,181
968,165
969,231
970,229
971,186
972,189
973,45
974,196
975,158
976,205
977,130
978,224
979,242
980,209
981,221
982,173
983,171
984,156
985,237
986,196
987,234
988,237
989,146
990,244
991,137
992,184
993,222
994,211
995,212
996,215
997,238
998,163
999,220
1000,220
1001,157
1002,183
1003,244
1004,219
1005,223
1006,184
1007,219
1008,194
1009,190
1010,228
1011,201
1012,185
1013,206
1014,201
1015,224
1016,166
1017,191
1018,216
1019,246
1020,201
1021,247
1022,73
1023,195
1024,158
1025,220
1026,204
1027,128
1028,195
1029,188
1030,236
1031,170
1032,128
1033,167
1034,188
1035,213
1036,231
1037,177
1038,237
1039,185
1040,194
1041,127
1042,199
1043,167
1044,168
1045,228
1046,197
1047,183
1048,237
1049,127
1050,196
1051,200
1052,227
1053,184
1054,154
1055,195
1056,241
1057,204
1058,188
1059,217
1060,229
1061,176
1062,197
1063,164
1064,227
1065,208
1066,176
1067,225
1068,245
1069,205
1070,235
1071,191
1072,132
1073,230
1074,242
1075,201
1076,217
1077,193
1078,148
1079,196
1080,226
1081,141
1082,171
1083,137
1084,210
1085,224
1086,207
1087,136
1088,205
1089,161
1090,224
1091,179
1092,225
1093,172
1094,209
1095,236
1096,119
1097,210
1098,220
1099,225
1100,196
1101,225
1102,241
1103,224
1104,175
1105,216
1106,213
1107,143
1108,227
1109,218
1110,195
1111,169
1112,204
1113,221
1114,229
1115,179
1116,228
1117,160
1118,193
1119,172
1120,228
1121,196
1122,167
1123,166
1124,171
1125,173
1126,246
1127,226
1128,203
1129,205
1130,209
1131,236
1132,172
1133,236
1134,175
1135,199
1136,216
1137,208
1138,249
1139,184
1140,245
1141,196
1142,206
1143,147
1144,146
1145,171
1146,75
1147,251
1148,149
1149,193
1150,124
1151,232
1152,189
1153,201
1154,173
1155,189
1156,191
1157,221
1158,200
1159,227
1160,181
1161,234
1162,104
1163,248
1164,153
1165,241
1166,165
1167,222
1168,241
1169,218
1170,187
1171,191
1172,219
1173,185
1174,235
1175,248
1176,220
1177,166
1178,247
1179,131
1180,209
1181,176
1182,132
1183,153
1184,218
1185,235
1186,214
1187,210
1188,107
1189,195
1190,225
1191,127
1192,244
1193,215
1194,230
1195,248
1196,186
1197,188
1198,182
1199,235
1200,166
1201,249
1202,125
1203,214
1204,184
1205,172
1206,115
1207,175
1208,129
1209,208
1210,181
1211,211
1212,214
1213,199
1214,72
1215,113
1216,104
1217,184
1218,119
1219,251
1220,199
1221,196
1222,67
1223,122
1224,171
1225,49
1226,241
1227,95
1228,162
1229,234
1230,127
1231,23
1232,145
1233,178
1234,122
1235,178
1236,201
1237,161
1238,146
1239,223
1240,209
1241,148
1242,107
1243,220
1244,230
1245,248
1246,189
1247,145
1248,239
1249,154
1250,230
1251,168
1252,177
1253,167
1254,93
1255,121
1256,189
1257,240
1258,144
1259,154
1260,155
1261,217
1262,37
1263,248
1264,163
1265,163
1266,71
1267,108
1268,237
1269,192
1270,238
1271,191
1272,176
1273,224
1274,243
1275,215
1276,175
1277,93
1278,196
1279,250
1280,192
1281,168
1282,233
1283,132
1284,174
1285,93
1286,186
1287,0
1288,156
1289,186
1290,235
1291,225
1292,79
1293,193
1294,113
1295,152
1296,243
1297,68
1298,178
1299,49
1300,246
1301,163
1302,235
1303,212
1304,195
1305,230
1306,216
1307,229
1308,64
1309,160
1310,81
1311,168
1312,87
1313,209
1314,221
1315,224
1316,92
1317,184
1318,100
1319,205
1320,106
1321,88
1322,174
1323,239
1324,28
1325,137
1326,41
1327,94
1328,135
1329,215
1330,186
1331,114
1332,149
1333,117
1334,157
1335,76
1336,75
1337,153
1338,19
1339,214
1340,22
1341,210
1342,220
1343,192
1344,112
1345,32
1346,247
1347,97
1348,209
1349,167
1350,240
1351,0
1352,176
1353,44
1354,216
1355,93
1356,229
1357,216
1358,161
1359,139
1360,225
1361,132
1362,155
1363,55
1364,243
1365,240
1366,116
1367,187
1368,97
1369,121
1370,204
1371,207
1372,39
1373,132
1374,239
1375,245
1376,128
1377,202
1378,165
1379,222
1380,200
1381,89
1382,218
1383,232
1384,221
1385,51
1386,242
1387,202
1388,49
1389,37
1390,42
1391,225
1392,163
1393,158
1394,193
1395,72
1396,142
1397,85
1398,167
1399,174
1400,174
1401,204
1402,138
1403,203
1404,231
1405,139
1406,209
1407,86
1408,132
1409,214
1410,203
1411,206
1412,220
1413,200
1414,231
1415,93
1416,161
1417,127
1418,253
1419,202
1420,161
1421,223
1422,245
1423,121
1424,143
1425,255
1426,40
1427,134
1428,222
1429,194
1430,53
1431,172
1432,223
1433,95
1434,158
1435,240
1436,164
1437,97
1438,240
1439,245
1440,229
1441,112
1442,154
1443,245
1444,202
1445,223
1446,138
1447,151
1448,187
1449,125
1450,86
1451,179
1452,207
1453,124
1454,236
1455,247
1456,191
1457,73
1458,160
1459,152
1460,203
1461,226
1462,80
1463,173
1464,115
1465,213
1466,199
1467,221
1468,230
1469,173
1470,124
1471,213
1472,148
1473,178
1474,195
1475,209
1476,201
1477,62
1478,219
1479,162
1480,126
1481,150
1482,239
1483,229
1484,212
1485,146
1486,246
1487,179
1488,243
1489,229
1490,196
1491,52
1492,233
1493,208
1494,251
1495,231
1496,248
1497,216
1498,220
1499,159
1500,147
1501,194
1502,211
1503,155
1504,145
1505,165
1506,124
1507,90
1508,202
1509,196
1510,141
1511,183
1512,158
1513,74
1514,138
1515,232
1516,201
1517,212
1518,226
1519,108
1520,180
1521,236
1522,178
1523,42
1524,151
1525,221
1526,197
1527,189
1528,196
1529,227
1530,132
1531,119
1532,176
1533,238
1534,164
1535,86
1536,130
1537,168
1538,152
1539,220
1540,178
1541,235
1542,77
1543,213
1544,143
1545,129
1546,193
1547,161
1548,66
1549,181
1550,46
1551,85
1552,175
1553,199
1554,102
1555,169
1556,120
1557,210
1558,127
1559,129
1560,232
1561,113
1562,241
1563,157
1564,154
1565,158
1566,98
1567,185
1568,244
1569,46
1570,183
1571,156
1572,244
1573,236
1574,200
1575,235
1576,141
1577,145
1578,137
1579,237
1580,208
1581,162
1582,106
1583,233
1584,175
1585,192
1586,211
1587,95
1588,190
1589,133
1590,233
1591,214
1592,206
1593,206
1594,180
1595,77
1596,148
1597,150
1598,83
1599,133
1600,222
1601,188
1602,151
1603,164
1604,239
1605,224
1606,216
1607,161
1608,230
1609,185
1610,252
1611,145
1612,186
1613,222
1614,198
1615,177
1616,233
1617,170
1618,182
1619,176
1620,157
1621,212
1622,239
1623,185
1624,207
1625,195
1626,93
1627,134
1628,232
1629,106
1630,172
1631,221
1632,214
1633,196
1634,195
1635,234
1636,204
1637,236
1638,74
1639,222
1640,215
1641,175
1642,186
1643,183
1644,220
1645,210
1646,212
1647,255
1648,254
1649,252
1650,237
1651,245
1652,165
1653,143
1654,123
1655,249
1656,201
1657,185
1658,249
1659,220
1660,230
1661,179
1662,187
1663,221
1664,158
1665,250
1666,175
1667,188
1668,84
1669,161
1670,204
1671,202
1672,251
1673,255
1674,212
1675,245
1676,224
1677,234
1678,178
1679,172
1680,226
1681,184
1682,231
1683,186
1684,174
1685,238
1686,170
1687,230
1688,239
1689,162
1690,89
1691,139
1692,215
1693,182
1694,127
1695,175
1696,204
1697,5
1698,216
1699,248
1700,148
1701,214
1702,152
1703,222
1704,209
1705,189
1706,227
1707,128
1708,175
1709,235
1710,210
1711,211
1712,153
1713,136
1714,86
1715,221
1716,232
1717,196
1718,109
1719,231
1720,137
1721,79
1722,165
1723,38
1724,87
1725,181
1726,237
1727,184
1728,164
1729,125
1730,147
1731,225
1732,162
1733,191
1734,146
1735,200
1736,141
1737,157
1738,177
1739,226
1740,85
1741,157
1742,151
1743,232
1744,243
1745,162
1746,156
1747,104
1748,193
1749,195
1750,80
1751,138
1752,123
1753,93
1754,191
1755,217
1756,219
1757,155
1758,233
1759,189
1760,93
1761,77
1762,230
1763,152
1764,215
1765,144
1766,145
1767,160
1768,231
1769,155
1770,205
1771,144
1772,143
1773,159
1774,131
1775,245
1776,243
1777,168
1778,109
1779,180
1780,211
1781,200
1782,66
1783,63
1784,183
1785,131
1786,93
1787,221
1788,215
1789,124
1790,241
1791,249
1792,209
1793,39
1794,202
1795,226
1796,156
1797,191
1798,228
1799,199
1800,177
1801,231
1802,228
1803,151
1804,225
1805,217
1806,192
1807,205
1808,206
1809,208
1810,208
1811,211
1812,140
1813,245
1814,170
1815,167
1816,215
1817,179
1818,164
1819,111
1820,151
1821,200
1822,182
1823,150
1824,203
1825,162
1826,164
1827,198
1828,207
1829,231
1830,214
1831,232
1832,213
1833,208
1834,105
1835,215
1836,172
1837,141
1838,234
1839,213
1840,236
1841,225
1842,205
1843,134
1844,144
1845,135
1846,72
1847,161
1848,224
1849,123
1850,187
1851,192
1852,213
1853,149
1854,189
1855,107
1856,180
1857,243
1858,195
1859,204
1860,225
1861,124
1862,127
1863,230
1864,244
1865,109
1866,220
1867,243
1868,87
1869,249
1870,234
1871,229
1872,189
1873,199
1874,225
1875,231
1876,178
1877,153
1878,203
1879,171
1880,231
1881,160
1882,246
1883,214
1884,159
1885,214
1886,195
1887,141
1888,170
1889,172
1890,235
1891,114
1892,252
1893,239
1894,200
1895,248
1896,94
1897,198
1898,183
1899,173
1900,124
1901,236
1902,162
1903,203
1904,175
1905,203
1906,63
1907,173
1908,233
1909,117
1910,181
1911,248
1912,198
1913,92
1914,61
1915,241
1916,241
1917,239
1918,237
1919,140
1920,196
1921,161
1922,249
1923,200
1924,103
1925,159
1926,210
1927,108
1928,100
1929,181
1930,111
1931,126
1932,247
1933,172
1934,78
1935,254
1936,198
1937,142
1938,191
1939,160
1940,112
1941,241
1942,243
1943,187
1944,115
1945,74
1946,220
1947,221
1948,235
1949,231
1950,204
1951,213
1952,224
1953,158
1954,106
1955,128
1956,219
1957,180
1958,213
1959,204
1960,222
1961,139
1962,70
1963,154
1964,91
1965,213
1966,230
1967,182
1968,208
1969,245
1970,118
1971,186
1972,235
1973,99
1974,206
1975,205
1976,154
1977,164
1978,196
1979,187
1980,158
1981,230
1982,237
1983,222
1984,191
1985,203
1986,204
1987,253
1988,230
1989,247
1990,121
1991,156
1992,234
1993,224
1994,148
1995,235
1996,72
1997,141
1998,235
1999,214
2000,156
2001,80
2002,151
2003,126
2004,202
2005,183
2006,212
2007,240
2008,59
2009,39
2010,248
2011,97
2012,229
2013,229
2014,152
2015,139
2016,191
2017,249
2018,180
2019,222
2020,245
2021,126
2022,206
2023,247
2024,202
2025,126
2026,206
2027,203
2028,140
2029,62
2030,230
2031,209
2032,48
2033,223
2034,119
2035,199
2036,226
2037,166
2038,244
2039,146
2040,193
2041,126
2042,146
2043,244
2044,161
2045,50
2046,232
2047,77
2048,13
2049,139
2050,203
2051,121
2052,90
2053,148
2054,233
2055,236
2056,0
2057,148
2058,199
2059,242
2060,179
2061,166
2062,154
2063,141
2064,191
2065,203
2066,232
2067,133
2068,131
2069,110
2070,201
2071,243
2072,143
2073,217
2074,208
2075,230
2076,223
2077,203
2078,164
2079,165
2080,210
2081,156
2082,124
2083,203
2084,223
2085,161
2086,158
2087,194
2088,241
2089,231
2090,174
2091,60
2092,233
2093,128
2094,171
2095,237
2096,170
2097,198
2098,164
2099,144
2100,99
2101,191
2102,169
2103,165
2104,210
2105,205
2106,200
2107,129
2108,181
2109,154
2110,236
2111,58
2112,209
2113,108
2114,38
2115,219
2116,0
2117,127
2118,140
2119,239
2120,190
2121,205
2122,97
2123,59
2124,246
2125,49
2126,173
2127,251
2128,220
2129,117
2130,148
2131,237
2132,0
2133,215
2134,145
2135,0
2136,189
2137,59
2138,162
2139,32
2140,40
2141,153
2142,167
2143,223
2144,110
2145,188
2146,27
2147,239
2148,34
2149,117
2150,48
2151,193
2152,135
2153,157
2154,200
2155,198
2156,186
2157,184
2158,203
2159,205
2160,147
2161,84
2162,173
2163,163
2164,165
2165,232
2166,154
2167,0
2168,92
2169,246
2170,238
2171,47
2172,216
2173,186
2174,215
2175,178
2176,139
2177,224
2178,122
2179,227
2180,128
2181,237
2182,0
2183,175
2184,93
2185,208
2186,87
2187,225
2188,233
2189,37
2190,194
2191,0
2192,204
2193,101
2194,203
2195,79
2196,203
2197,55
2198,216
2199,184
2200,201
2201,47
2202,228
2203,149
2204,102
2205,236
2206,110
2207,148
2208,158
2209,83
2210,103
2211,173
2212,146
2213,96
2214,170
2215,213
2216,217
2217,173
2218,97
2219,112
2220,172
2221,133
2222,211
2223,215
2224,144
2225,208
2226,215
2227,131
2228,169
2229,198
2230,248
2231,105
2232,152
2233,232
2234,224
2235,202
2236,132
2237,166
2238,176
2239,210
2240,162
2241,247
2242,192
2243,207
2244,243
2245,203
2246,189
2247,156
2248,0
2249,128
2250,152
2251,204
2252,222
2253,155
2254,133
2255,187
2256,160
2257,27
2258,185
2259,86
2260,191
2261,187
2262,196
2263,198
2264,235
2265,186
2266,147
2267,211
2268,227
2269,70
2270,73
2271,238
2272,188
2273,221
2274,194
2275,222
2276,146
2277,117
2278,22
2279,138
2280,167
2281,163
2282,162
2283,152
2284,22
2285,247
2286,119
2287,192
2288,242
2289,197
2290,162
2291,213
2292,55
2293,181
2294,132
2295,243
2296,182
2297,191
2298,229
2299,129
2300,189
2301,128
2302,203
2303,242
2304,161
2305,126
2306,0
2307,0
2308,215
2309,198
2310,213
2311,158
2312,216
2313,231
2314,10
2315,120
2316,68
2317,91
2318,246
2319,146
2320,228
2321,174
2322,136
2323,159
2324,198
2325,203
2326,143
2327,238
2328,163
2329,240
2330,86
2331,202
2332,197
2333,206
2334,191
2335,223
2336,74
2337,151
2338,138
2339,63
2340,206
2341,214
2342,128
2343,168
2344,227
2345,228
2346,155
2347,209
2348,204
2349,218
2350,191
2351,113
2352,197
2353,169
2354,210
2355,177
2356,176
2357,160
2358,202
2359,195
2360,176
2361,136
2362,211
2363,65
2364,234
2365,130
2366,243
2367,91
2368,196
2369,226
2370,181
2371,112
2372,236
2373,203
2374,62
2375,117
2376,215
2377,108
2378,85
2379,241
2380,165
2381,79
2382,144
2383,222
2384,0
2385,157
2386,212
2387,212
2388,148
2389,123
2390,213
2391,199
2392,92
2393,95
2394,94
2395,168
2396,217
2397,143
2398,210
2399,210
