0,65
1,243
2,234
3,180
4,220
5,139
6,178
7,0
8,189
9,118
10,105
11,180
12,231
13,232
14,242
15,151
16,143
17,218
18,145
19,88
20,114
21,170
22,129
23,194
24,20
25,125
26,184
27,141
28,100
29,224
30,225
31,167
32,171
33,161
34,107
35,0
36,232
37,175
38,227
39,244
40,108
41,221
42,166
43,57
44,158
45,236
46,224
47,196
48,106
49,51
50,166
51,117
52,240
53,242
54,209
55,188
56,182
57,146
58,174
59,122
60,64
61,164
62,141
63,199
64,209
65,56
66,208
67,126
68,117
69,135
70,133
71,198
72,208
73,212
74,157
75,98
76,141
77,133
78,179
79,206
80,218
81,167
82,196
83,193
84,173
85,74
86,188
87,248
88,215
89,213
90,70
91,141
92,64
93,237
94,179
95,183
96,43
97,137
98,210
99,225
100,164
101,239
102,188
103,230
104,55
105,146
106,190
107,181
108,133
109,100
110,216
111,177
112,213
113,0
114,206
115,159
116,92
117,144
118,216
119,180
120,178
121,0
122,184
123,230
124,192
125,142
126,167
127,189
128,159
129,92
130,202
131,201
132,206
133,66
134,177
135,91
136,50
137,213
138,190
139,200
140,116
141,208
142,67
143,180
144,199
145,180
146,177
147,201
148,81
149,208
150,102
151,118
152,128
153,158
154,139
155,229
156,245
157,168
158,210
159,188
160,202
161,176
162,66
163,144
164,225
165,228
166,143
167,222
168,163
169,233
170,204
171,168
172,140
173,238
174,96
175,119
176,160
177,95
178,124
179,178
180,131
181,156
182,0
183,81
184,165
185,172
186,141
187,206
188,59
189,167
190,83
191,240
192,180
193,136
194,125
195,211
196,157
197,218
198,237
199,158
200,132
201,222
202,220
203,195
204,165
205,183
206,185
207,179
208,197
209,220
210,144
211,199
212,208
213,214
214,196
215,202
216,199
217,42
218,167
219,207
220,191
221,176
222,245
223,153
224,190
225,220
226,169
227,243
228,218
229,211
230,72
231,201
232,96
233,147
234,100
235,78
236,187
237,137
238,151
239,231
240,142
241,117
242,221
243,206
244,149
245,224
246,194
247,45
248,210
249,167
250,171
251,200
252,154
253,109
254,196
255,144
256,222
257,161
258,194
259,237
260,227
261,96
262,169
263,186
264,154
265,187
266,136
267,175
268,187
269,199
270,239
271,70
272,114
273,151
274,70
275,214
276,156
277,160
278,157
279,169
280,104
281,233
282,93
283,160
284,141
285,117
286,148
287,151
288,202
289,160
290,205
291,232
292,231
293,197
294,155
295,236
296,181
297,184
298,199
299,210
300,199
301,156
302,213
303,180
304,201
305,232
306,234
307,127
308,201
309,181
310,231
311,105
312,176
313,107
314,143
315,137
316,195
317,226
318,151
319,70
320,142
321,110
322,206
323,234
324,228
325,166
326,214
327,237
328,227
329,139
330,162
331,185
332,246
333,210
334,217
335,190
336,141
337,196
338,144
339,185
340,243
341,123
342,71
343,113
344,111
345,130
346,156
347,163
348,247
349,124
350,248
351,192
352,142
353,94
354,197
355,214
356,182
357,158
358,201
359,156
360,106
361,156
362,181
363,155
364,135
365,200
366,73
367,186
368,226
369,169
370,197
371,197
372,227
373,109
374,101
375,145
376,169
377,167
378,146
379,186
380,109
381,134
382,62
383,150
384,216
385,132
386,129
387,212
388,106
389,233
390,139
391,173
392,229
393,37
394,125
395,240
396,232
397,221
398,237
399,88
400,167
401,98
402,244
403,244
404,191
405,113
406,73
407,143
408,195
409,230
410,241
411,229
412,209
413,110
414,130
415,196
416,239
417,249
418,146
419,161
420,160
421,113
422,151
423,98
424,199
425,228
426,121
427,228
428,182
429,157
430,239
431,233
432,73
433,239
434,158
435,102
436,145
437,200
438,205
439,192
440,119
441,222
442,130
443,59
444,199
445,62
446,170
447,172
448,214
449,210
450,215
451,135
452,256
453,119
454,227
455,143
456,218
457,229
458,211
459,192
460,236
461,123
462,151
463,227
464,245
465,106
466,55
467,176
468,192
469,246
470,149
471,232
472,154
473,110
474,184
475,153
476,239
477,182
478,112
479,245
480,187
481,133
482,195
483,213
484,82
485,226
486,125
487,230
488,248
489,114
490,214
491,240
492,125
493,213
494,82
495,251
496,227
497,234
498,150
499,167
500,217
501,239
502,234
503,236
504,134
505,185
506,180
507,179
508,212
509,200
510,105
511,208
512,216
513,112
514,145
515,244
516,224
517,162
518,234
519,228
520,221
521,163
522,122
523,229
524,178
525,241
526,190
527,145
528,209
529,200
530,191
531,226
532,159
533,215
534,210
535,180
536,226
537,92
538,241
539,187
540,132
541,178
542,122
543,190
544,225
545,179
546,159
547,232
548,209
549,175
550,114
551,186
552,141
553,155
554,249
555,188
556,148
557,186
558,164
559,221
560,211
561,246
562,82
563,229
564,134
565,198
566,37
567,216
568,204
569,175
570,204
571,230
572,205
573,181
574,241
575,136
576,218
577,236
578,170
579,243
580,186
581,246
582,189
583,152
584,190
585,160
586,186
587,179
588,184
589,228
590,209
591,153
592,194
593,136
594,127
595,153
596,198
597,234
598,137
599,137
600,123
601,241
602,97
603,95
604,132
605,227
606,151
607,148
608,173
609,110
610,125
611,187
612,173
613,75
614,226
615,131
616,0
617,172
618,234
619,186
620,47
621,195
622,232
623,171
624,113
625,200
626,160
627,217
628,230
629,157
630,222
631,224
632,90
633,140
634,204
635,213
636,238
637,173
638,155
639,84
640,208
641,161
642,241
643,183
644,192
645,160
646,244
647,174
648,202
649,80
650,136
651,216
652,203
653,226
654,183
655,210
656,142
657,208
658,192
659,219
660,121
661,211
662,185
663,183
664,194
665,187
666,223
667,218
668,127
669,201
670,73
671,163
672,180
673,164
674,242
675,202
676,197
677,154
678,130
679,94
680,220
681,117
682,150
683,216
684,228
685,206
686,140
687,227
688,208
689,186
690,97
691,215
692,40
693,246
694,237
695,168
696,126
697,178
698,128
699,131
700,117
701,234
702,241
703,244
704,107
705,202
706,54
707,173
708,142
709,244
710,140
711,223
712,111
713,226
714,182
715,132
716,166
717,249
718,194
719,59
720,211
721,190
722,157
723,72
724,206
725,116
726,195
727,0
728,99
729,200
730,215
731,96
732,171
733,168
734,238
735,167
736,208
737,156
738,182
739,62
740,190
741,218
742,86
743,243
744,223
745,107
746,194
747,74
748,155
749,199
750,70
751,206
752,203
753,193
754,208
755,215
756,193
757,215
758,243
759,135
760,170
761,252
762,245
763,225
764,225
765,220
766,242
767,147
768,199
769,182
770,237
771,110
772,192
773,179
774,139
775,234
776,193
777,242
778,199
779,243
780,163
781,218
782,120
783,194
784,100
785,182
786,68
787,151
788,97
789,214
790,182
791,110
792,126
793,182
794,229
795,97
796,102
797,245
798,91
799,115
800,230
801,136
802,188
803,234
804,246
805,124
806,74
807,204
808,212
809,179
810,206
811,211
812,158
813,144
814,208
815,204
816,141
817,174
818,234
819,185
820,151
821,164
822,231
823,207
824,195
825,173
826,229
827,130
828,241
829,200
830,203
831,210
832,91
833,224
834,161
835,161
836,188
837,174
838,248
839,227
840,31
841,167
842,168
843,209
844,135
845,127
846,131
847,238
848,204
849,218
850,201
851,0
852,119
853,150
854,189
855,96
856,199
857,244
858,164
859,212
860,211
861,150
862,188
863,143
864,155
865,225
866,227
867,241
868,243
869,243
870,159
871,221
872,219
873,184
874,156
875,224
876,169
877,177
878,192
879,182
880,85
881,173
882,202
883,172
884,174
885,135
886,227
887,245
888,179
889,242
890,185
891,53
892,114
893,198
894,157
895,156
896,174
897,72
898,178
899,206
900,180
901,146
902,197
903,121
904,225
905,136
906,208
907,148
908,159
909,158
910,119
911,221
912,109
913,202
914,117
915,238
916,196
917,171
918,187
919,43
920,171
921,146
922,111
923,126
924,194
925,172
926,146
927,195
928,118
929,199
930,120
931,102
932,146
933,215
934,175
935,146
936,180
937,231
938,178
939,127
940,166
941,213
942,154
943,135
944,209
945,110
946,170
947,119
948,204
949,144
950,125
951,133
952,212
953,238
954,182
955,246
956,203
957,206
958,152
959,78
960,190
961,234
962,25
963,217
964,163
965,107
966,99
967,187
968,58
969,216
970,211
971,155
972,170
973,40
974,175
975,91
976,199
977,132
978,214
979,241
980,202
981,193
982,74
983,160
984,164
985,236
986,189
987,228
988,237
989,123
990,242
991,128
992,172
993,206
994,205
995,205
996,154
997,244
998,131
999,214
1000,214
1001,131
1002,175
1003,245
1004,220
1005,221
1006,125
1007,189
1008,201
1009,179
1010,225
1011,196
1012,174
1013,196
1014,199
1015,225
1016,152
1017,182
1018,215
1019,246
1020,204
1021,247
1022,92
1023,127
1024,173
1025,216
1026,201
1027,88
1028,196
1029,189
1030,233
1031,146
1032,104
1033,151
1034,186
1035,193
1036,234
1037,187
1038,219
1039,152
1040,191
1041,90
1042,194
1043,131
1044,142
1045,229
1046,187
1047,154
1048,233
1049,130
1050,166
1051,201
1052,204
1053,192
1054,169
1055,140
1056,241
1057,183
1058,146
1059,210
1060,228
1061,145
1062,203
1063,153
1064,214
1065,208
1066,170
1067,226
1068,243
1069,204
1070,232
1071,176
1072,149
1073,217
1074,242
1075,175
1076,216
1077,201
1078,166
1079,176
1080,223
1081,153
1082,187
1083,135
1084,198
1085,217
1086,190
1087,131
1088,201
1089,141
1090,224
1091,170
1092,217
1093,170
1094,205
1095,234
1096,120
1097,200
1098,213
1099,220
1100,187
1101,221
1102,239
1103,225
1104,149
1105,217
1106,205
1107,137
1108,223
1109,211
1110,170
1111,136
1112,118
1113,219
1114,225
1115,186
1116,225
1117,165
1118,170
1119,149
1120,223
1121,172
1122,151
1123,148
1124,163
1125,140
1126,245
1127,225
1128,180
1129,205
1130,170
1131,239
1132,155
1133,235
1134,170
1135,182
1136,224
1137,190
1138,249
1139,187
1140,247
1141,190
1142,196
1143,117
1144,112
1145,119
1146,38
1147,251
1148,144
1149,193
1150,82
1151,226
1152,197
1153,191
1154,161
1155,166
1156,190
1157,215
1158,206
1159,231
1160,140
1161,230
1162,103
1163,247
1164,182
1165,241
1166,168
1167,222
1168,240
1169,222
1170,177
1171,183
1172,222
1173,170
1174,230
1175,248
1176,218
1177,169
1178,247
1179,144
1180,156
1181,75
1182,131
1183,145
1184,222
1185,233
1186,204
1187,190
1188,82
1189,208
1190,215
1191,126
1192,244
1193,206
1194,230
1195,248
1196,192
1197,186
1198,147
1199,236
1200,142
1201,249
1202,134
1203,224
1204,170
1205,205
1206,124
1207,182
1208,121
1209,207
1210,170
1211,212
1212,212
1213,210
1214,77
1215,88
1216,106
1217,193
1218,134
1219,250
1220,214
1221,198
1222,45
1223,125
1224,175
1225,21
1226,239
1227,142
1228,153
1229,238
1230,110
1231,31
1232,152
1233,186
1234,108
1235,173
1236,193
1237,195
1238,158
1239,214
1240,177
1241,142
1242,99
1243,228
1244,237
1245,248
1246,234
1247,136
1248,239
1249,182
1250,238
1251,172
1252,179
1253,182
1254,100
1255,96
1256,191
1257,238
1258,154
1259,134
1260,163
1261,222
1262,63
1263,248
1264,185
1265,150
1266,55
1267,84
1268,237
1269,202
1270,236
1271,196
1272,212
1273,224
1274,241
1275,221
1276,149
1277,86
1278,217
1279,251
1280,198
1281,91
1282,231
1283,146
1284,161
1285,21
1286,187
1287,28
1288,150
1289,156
1290,237
1291,230
1292,99
1293,205
1294,138
1295,155
1296,239
1297,101
1298,167
1299,119
1300,247
1301,164
1302,237
1303,150
1304,219
1305,227
1306,221
1307,226
1308,30
1309,167
1310,121
1311,148
1312,93
1313,202
1314,222
1315,223
1316,100
1317,180
1318,124
1319,205
1320,138
1321,67
1322,162
1323,242
1324,70
1325,142
1326,173
1327,75
1328,136
1329,206
1330,175
1331,94
1332,110
1333,141
1334,153
1335,170
1336,80
1337,125
1338,11
1339,223
1340,95
1341,166
1342,224
1343,217
1344,150
1345,91
1346,247
1347,89
1348,205
1349,159
1350,228
1351,0
1352,188
1353,0
1354,213
1355,102
1356,229
1357,208
1358,170
1359,164
1360,204
1361,113
1362,189
1363,47
1364,242
1365,244
1366,162
1367,182
1368,139
1369,127
1370,197
1371,195
1372,106
1373,134
1374,240
1375,234
1376,144
1377,203
1378,153
1379,223
1380,204
1381,110
1382,221
1383,228
1384,219
1385,63
1386,237
1387,194
1388,45
1389,47
1390,64
1391,224
1392,172
1393,160
1394,203
1395,79
1396,138
1397,65
1398,200
1399,172
1400,188
1401,205
1402,135
1403,226
1404,226
1405,145
1406,193
1407,109
1408,142
1409,221
1410,175
1411,202
1412,220
1413,203
1414,232
1415,106
1416,153
1417,122
1418,242
1419,192
1420,149
1421,223
1422,245
1423,115
1424,126
1425,240
1426,11
1427,136
1428,208
1429,213
1430,49
1431,185
1432,208
1433,107
1434,109
1435,237
1436,165
1437,141
1438,233
1439,243
1440,223
1441,88
1442,133
1443,244
1444,160
1445,227
1446,139
1447,151
1448,188
1449,100
1450,78
1451,183
1452,199
1453,118
1454,234
1455,245
1456,179
1457,90
1458,165
1459,163
1460,214
1461,226
1462,78
1463,148
1464,92
1465,164
1466,201
1467,225
1468,232
1469,173
1470,100
1471,201
1472,122
1473,145
1474,188
1475,189
1476,200
1477,106
1478,217
1479,174
1480,173
1481,155
1482,233
1483,227
1484,211
1485,101
1486,246
1487,176
1488,244
1489,221
1490,184
1491,5
1492,227
1493,198
1494,251
1495,228
1496,248
1497,220
1498,221
1499,171
1500,135
1501,197
1502,186
1503,159
1504,126
1505,161
1506,113
1507,92
1508,189
1509,198
1510,123
1511,190
1512,145
1513,131
1514,140
1515,235
1516,195
1517,208
1518,213
1519,114
1520,187
1521,239
1522,173
1523,98
1524,121
1525,221
1526,191
1527,203
1528,186
1529,230
1530,92
1531,119
1532,143
1533,238
1534,129
1535,119
1536,130
1537,162
1538,141
1539,220
1540,170
1541,233
1542,64
1543,217
1544,161
1545,121
1546,179
1547,166
1548,96
1549,173
1550,20
1551,69
1552,136
1553,151
1554,179
1555,144
1556,119
1557,224
1558,185
1559,150
1560,231
1561,80
1562,240
1563,162
1564,130
1565,170
1566,105
1567,141
1568,240
1569,99
1570,195
1571,164
1572,244
1573,236
1574,184
1575,232
1576,143
1577,131
1578,60
1579,230
1580,202
1581,152
1582,90
1583,232
1584,188
1585,185
1586,207
1587,149
1588,201
1589,121
1590,225
1591,207
1592,208
1593,197
1594,172
1595,67
1596,164
1597,122
1598,96
1599,119
1600,222
1601,210
1602,150
1603,185
1604,237
1605,217
1606,206
1607,165
1608,236
1609,195
1610,252
1611,169
1612,208
1613,224
1614,179
1615,161
1616,236
1617,162
1618,191
1619,170
1620,165
1621,216
1622,238
1623,172
1624,210
1625,193
1626,117
1627,114
1628,230
1629,181
1630,159
1631,219
1632,210
1633,185
1634,192
1635,233
1636,196
1637,237
1638,64
1639,214
1640,225
1641,171
1642,189
1643,203
1644,234
1645,211
1646,206
1647,254
1648,254
1649,252
1650,236
1651,248
1652,167
1653,154
1654,174
1655,249
1656,205
1657,174
1658,246
1659,218
1660,234
1661,151
1662,193
1663,217
1664,157
1665,248
1666,148
1667,192
1668,161
1669,144
1670,208
1671,190
1672,251
1673,255
1674,200
1675,246
1676,222
1677,237
1678,158
1679,181
1680,227
1681,163
1682,221
1683,130
1684,172
1685,240
1686,172
1687,228
1688,237
1689,152
1690,93
1691,150
1692,224
1693,182
1694,128
1695,190
1696,200
1697,56
1698,217
1699,249
1700,138
1701,207
1702,140
1703,222
1704,223
1705,196
1706,229
1707,115
1708,147
1709,239
1710,203
1711,187
1712,136
1713,139
1714,25
1715,221
1716,230
1717,196
1718,162
1719,225
1720,168
1721,138
1722,212
1723,44
1724,41
1725,188
1726,241
1727,191
1728,174
1729,159
1730,160
1731,221
1732,140
1733,196
1734,144
1735,195
1736,122
1737,136
1738,181
1739,229
1740,111
1741,143
1742,140
1743,234
1744,252
1745,150
1746,147
1747,102
1748,177
1749,170
1750,104
1751,145
1752,129
1753,100
1754,187
1755,208
1756,219
1757,171
1758,234
1759,198
1760,107
1761,16
1762,224
1763,169
1764,213
1765,143
1766,152
1767,176
1768,239
1769,143
1770,206
1771,113
1772,135
1773,167
1774,91
1775,247
1776,242
1777,172
1778,126
1779,183
1780,201
1781,196
1782,76
1783,30
1784,200
1785,187
1786,109
1787,224
1788,205
1789,65
1790,242
1791,247
1792,187
1793,103
1794,202
1795,219
1796,158
1797,199
1798,225
1799,212
1800,168
1801,227
1802,225
1803,106
1804,217
1805,220
1806,188
1807,187
1808,191
1809,215
1810,166
1811,199
1812,171
1813,245
1814,154
1815,179
1816,178
1817,180
1818,164
1819,100
1820,152
1821,173
1822,193
1823,133
1824,200
1825,154
1826,156
1827,204
1828,190
1829,222
1830,209
1831,234
1832,213
1833,143
1834,120
1835,208
1836,166
1837,140
1838,238
1839,221
1840,229
1841,214
1842,194
1843,138
1844,168
1845,100
1846,65
1847,149
1848,213
1849,114
1850,176
1851,194
1852,209
1853,131
1854,172
1855,149
1856,175
1857,244
1858,194
1859,212
1860,227
1861,123
1862,164
1863,230
1864,246
1865,124
1866,219
1867,244
1868,132
1869,249
1870,238
1871,210
1872,172
1873,200
1874,219
1875,224
1876,148
1877,162
1878,202
1879,168
1880,219
1881,145
1882,244
1883,218
1884,157
1885,209
1886,193
1887,120
1888,163
1889,170
1890,237
1891,81
1892,252
1893,239
1894,202
1895,246
1896,137
1897,170
1898,185
1899,152
1900,48
1901,232
1902,118
1903,203
1904,162
1905,199
1906,52
1907,111
1908,239
1909,144
1910,167
1911,248
1912,185
1913,121
1914,104
1915,242
1916,228
1917,238
1918,233
1919,149
1920,206
1921,173
1922,249
1923,195
1924,69
1925,181
1926,195
1927,150
1928,127
1929,171
1930,93
1931,137
1932,247
1933,149
1934,46
1935,254
1936,200
1937,160
1938,179
1939,146
1940,134
1941,240
1942,246
1943,188
1944,118
1945,173
1946,216
1947,222
1948,231
1949,232
1950,197
1951,189
1952,212
1953,165
1954,116
1955,134
1956,214
1957,190
1958,214
1959,190
1960,222
1961,128
1962,82
1963,139
1964,55
1965,221
1966,233
1967,193
1968,205
1969,246
1970,130
1971,170
1972,227
1973,116
1974,193
1975,208
1976,177
1977,160
1978,179
1979,199
1980,161
1981,230
1982,238
1983,225
1984,182
1985,202
1986,207
1987,253
1988,233
1989,245
1990,95
1991,108
1992,237
1993,225
1994,141
1995,234
1996,77
1997,139
1998,231
1999,211
2000,145
2001,89
2002,132
2003,106
2004,176
2005,179
2006,208
2007,242
2008,50
2009,23
2010,248
2011,99
2012,231
2013,205
2014,166
2015,110
2016,172
2017,249
2018,186
2019,227
2020,246
2021,137
2022,197
2023,246
2024,190
2025,98
2026,201
2027,202
2028,147
2029,85
2030,227
2031,197
2032,38
2033,225
2034,89
2035,207
2036,227
2037,156
2038,242
2039,161
2040,222
2041,116
2042,173
2043,241
2044,142
2045,62
2046,231
2047,61
2048,21
2049,178
2050,215
2051,125
2052,120
2053,148
2054,233
2055,235
2056,11
2057,114
2058,212
2059,234
2060,172
2061,156
2062,165
2063,144
2064,203
2065,192
2066,222
2067,107
2068,137
2069,110
2070,204
2071,242
2072,116
2073,222
2074,218
2075,225
2076,227
2077,207
2078,163
2079,160
2080,206
2081,137
2082,134
2083,197
2084,216
2085,154
2086,168
2087,201
2088,238
2089,235
2090,167
2091,83
2092,237
2093,108
2094,148
2095,235
2096,167
2097,188
2098,163
2099,155
2100,39
2101,174
2102,167
2103,151
2104,219
2105,195
2106,188
2107,141
2108,177
2109,150
2110,240
2111,70
2112,127
2113,66
2114,82
2115,176
2116,63
2117,147
2118,147
2119,247
2120,198
2121,192
2122,151
2123,175
2124,244
2125,59
2126,166
2127,225
2128,216
2129,44
2130,167
2131,234
2132,48
2133,222
2134,146
2135,0
2136,197
2137,168
2138,161
2139,35
2140,116
2141,126
2142,186
2143,217
2144,140
2145,188
2146,69
2147,240
2148,31
2149,62
2150,131
2151,200
2152,116
2153,154
2154,185
2155,174
2156,174
2157,186
2158,209
2159,198
2160,110
2161,132
2162,125
2163,148
2164,181
2165,233
2166,151
2167,22
2168,43
2169,236
2170,239
2171,113
2172,212
2173,189
2174,212
2175,192
2176,172
2177,228
2178,134
2179,224
2180,116
2181,236
2182,0
2183,161
2184,22
2185,202
2186,104
2187,228
2188,234
2189,153
2190,199
2191,36
2192,201
2193,113
2194,204
2195,64
2196,218
2197,135
2198,212
2199,164
2200,184
2201,81
2202,230
2203,159
2204,79
2205,235
2206,106
2207,129
2208,162
2209,57
2210,118
2211,164
2212,168
2213,42
2214,175
2215,217
2216,210
2217,147
2218,120
2219,82
2220,189
2221,110
2222,201
2223,219
2224,134
2225,171
2226,205
2227,101
2228,147
2229,203
2230,249
2231,104
2232,130
2233,222
2234,227
2235,213
2236,126
2237,156
2238,173
2239,209
2240,147
2241,245
2242,186
2243,211
2244,245
2245,208
2246,199
2247,164
2248,0
2249,57
2250,191
2251,193
2252,222
2253,161
2254,156
2255,185
2256,173
2257,57
2258,189
2259,115
2260,189
2261,182
2262,183
2263,206
2264,242
2265,184
2266,127
2267,207
2268,229
2269,89
2270,95
2271,236
2272,160
2273,211
2274,187
2275,217
2276,166
2277,101
2278,0
2279,162
2280,174
2281,146
2282,141
2283,146
2284,66
2285,246
2286,89
2287,189
2288,243
2289,198
2290,157
2291,220
2292,65
2293,177
2294,127
2295,241
2296,189
2297,208
2298,230
2299,101
2300,210
2301,160
2302,187
2303,241
2304,163
2305,125
2306,0
2307,46
2308,226
2309,173
2310,209
2311,82
2312,213
2313,226
2314,92
2315,140
2316,100
2317,136
2318,240
2319,121
2320,235
2321,186
2322,133
2323,195
2324,208
2325,208
2326,124
2327,237
2328,143
2329,240
2330,106
2331,141
2332,192
2333,179
2334,172
2335,225
2336,111
2337,118
2338,172
2339,118
2340,207
2341,197
2342,180
2343,164
2344,222
2345,227
2346,150
2347,154
2348,207
2349,214
2350,174
2351,108
2352,192
2353,169
2354,198
2355,172
2356,165
2357,122
2358,199
2359,177
2360,172
2361,116
2362,194
2363,60
2364,231
2365,137
2366,242
2367,55
2368,198
2369,212
2370,198
2371,38
2372,236
2373,179
2374,106
2375,98
2376,210
2377,110
2378,74
2379,240
2380,156
2381,185
2382,153
2383,222
2384,9
2385,157
2386,212
2387,213
2388,132
2389,110
2390,200
2391,201
2392,119
2393,127
2394,88
2395,170
2396,217
2397,114
2398,206
2399,205
