0,0
1,238
2,237
3,193
4,211
5,148
6,174
7,90
8,190
9,124
10,127
11,192
12,228
13,238
14,246
15,133
16,134
17,210
18,165
19,91
20,121
21,161
22,145
23,191
24,8
25,94
26,192
27,144
28,94
29,218
30,217
31,156
32,171
33,145
34,90
35,7
36,228
37,171
38,214
39,243
40,121
41,219
42,147
43,53
44,163
45,238
46,225
47,192
48,138
49,37
50,168
51,138
52,240
53,241
54,220
55,182
56,186
57,164
58,159
59,119
60,67
61,184
62,133
63,196
64,206
65,111
66,196
67,147
68,124
69,128
70,128
71,182
72,210
73,210
74,133
75,111
76,107
77,117
78,162
79,199
80,216
81,162
82,196
83,193
84,187
85,100
86,196
87,248
88,210
89,201
90,144
91,150
92,104
93,230
94,163
95,190
96,90
97,140
98,196
99,218
100,176
101,238
102,200
103,226
104,137
105,146
106,181
107,171
108,148
109,96
110,210
111,166
112,211
113,1
114,214
115,155
116,109
117,146
118,217
119,184
120,188
121,0
122,190
123,215
124,201
125,137
126,167
127,189
128,154
129,89
130,163
131,190
132,213
133,58
134,186
135,124
136,76
137,214
138,192
139,192
140,114
141,202
142,74
143,175
144,198
145,176
146,173
147,201
148,92
149,214
150,136
151,118
152,149
153,169
154,149
155,222
156,241
157,110
158,200
159,185
160,204
161,164
162,128
163,130
164,222
165,235
166,168
167,213
168,164
169,228
170,199
171,164
172,136
173,239
174,132
175,164
176,181
177,89
178,136
179,186
180,148
181,153
182,53
183,120
184,172
185,159
186,136
187,191
188,54
189,163
190,86
191,242
192,179
193,116
194,133
195,209
196,151
197,210
198,239
199,164
200,134
201,219
202,218
203,181
204,165
205,171
206,190
207,179
208,203
209,216
210,127
211,193
212,203
213,213
214,210
215,190
216,205
217,41
218,165
219,202
220,202
221,173
222,245
223,143
224,191
225,214
226,170
227,241
228,208
229,213
230,84
231,197
232,120
233,127
234,110
235,90
236,174
237,102
238,153
239,231
240,117
241,129
242,227
243,205
244,127
245,222
246,191
247,72
248,228
249,171
250,173
251,174
252,175
253,117
254,189
255,168
256,213
257,152
258,178
259,238
260,227
261,109
262,194
263,193
264,132
265,188
266,121
267,170
268,195
269,202
270,238
271,95
272,121
273,158
274,101
275,215
276,152
277,173
278,144
279,150
280,105
281,227
282,116
283,155
284,147
285,78
286,156
287,123
288,189
289,167
290,207
291,230
292,230
293,194
294,150
295,232
296,160
297,191
298,197
299,212
300,216
301,165
302,218
303,176
304,212
305,225
306,227
307,153
308,207
309,179
310,220
311,98
312,167
313,85
314,154
315,138
316,168
317,221
318,169
319,89
320,134
321,102
322,197
323,230
324,225
325,170
326,209
327,233
328,222
329,160
330,161
331,173
332,247
333,198
334,216
335,173
336,148
337,210
338,160
339,192
340,244
341,111
342,92
343,124
344,136
345,135
346,158
347,158
348,247
349,63
350,248
351,185
352,114
353,82
354,203
355,205
356,188
357,145
358,200
359,159
360,119
361,145
362,182
363,140
364,122
365,188
366,71
367,196
368,235
369,169
370,201
371,194
372,224
373,118
374,103
375,154
376,174
377,147
378,143
379,190
380,121
381,152
382,112
383,147
384,224
385,130
386,97
387,220
388,110
389,234
390,147
391,184
392,231
393,84
394,148
395,240
396,228
397,215
398,234
399,88
400,164
401,116
402,243
403,241
404,178
405,112
406,105
407,169
408,192
409,224
410,241
411,229
412,204
413,97
414,102
415,202
416,235
417,250
418,154
419,186
420,146
421,108
422,151
423,99
424,210
425,226
426,95
427,231
428,184
429,130
430,240
431,222
432,76
433,243
434,171
435,122
436,159
437,204
438,193
439,181
440,135
441,223
442,129
443,83
444,175
445,94
446,192
447,179
448,213
449,208
450,203
451,139
452,245
453,137
454,223
455,148
456,218
457,225
458,207
459,204
460,231
461,113
462,165
463,229
464,243
465,124
466,88
467,173
468,192
469,246
470,64
471,230
472,138
473,106
474,168
475,151
476,238
477,164
478,120
479,244
480,193
481,129
482,186
483,206
484,82
485,222
486,97
487,220
488,249
489,95
490,213
491,241
492,129
493,213
494,106
495,251
496,218
497,227
498,152
499,187
500,211
501,237
502,231
503,232
504,161
505,184
506,198
507,176
508,199
509,194
510,124
511,201
512,216
513,117
514,146
515,244
516,226
517,145
518,229
519,230
520,209
521,147
522,106
523,229
524,176
525,240
526,186
527,150
528,213
529,207
530,219
531,225
532,162
533,219
534,217
535,172
536,221
537,112
538,239
539,192
540,190
541,162
542,109
543,195
544,225
545,180
546,145
547,232
548,214
549,176
550,131
551,177
552,158
553,171
554,249
555,193
556,121
557,203
558,124
559,232
560,205
561,246
562,121
563,223
564,148
565,204
566,108
567,213
568,193
569,192
570,188
571,228
572,185
573,167
574,238
575,129
576,222
577,227
578,168
579,242
580,201
581,244
582,190
583,157
584,177
585,145
586,174
587,192
588,199
589,232
590,215
591,149
592,195
593,134
594,134
595,137
596,203
597,236
598,147
599,128
600,122
601,242
602,110
603,83
604,140
605,225
606,154
607,150
608,183
609,109
610,130
611,184
612,179
613,97
614,223
615,104
616,40
617,160
618,234
619,175
620,68
621,180
622,227
623,182
624,113
625,193
626,171
627,215
628,225
629,147
630,222
631,223
632,100
633,159
634,202
635,209
636,237
637,170
638,160
639,96
640,195
641,165
642,237
643,192
644,193
645,145
646,237
647,183
648,198
649,91
650,119
651,207
652,204
653,224
654,188
655,202
656,138
657,202
658,188
659,213
660,122
661,203
662,171
663,185
664,202
665,189
666,236
667,208
668,112
669,192
670,103
671,141
672,185
673,166
674,241
675,201
676,203
677,166
678,144
679,119
680,221
681,135
682,143
683,205
684,214
685,204
686,153
687,229
688,201
689,182
690,94
691,218
692,62
693,249
694,239
695,172
696,115
697,178
698,123
699,142
700,123
701,228
702,236
703,244
704,103
705,205
706,79
707,170
708,143
709,245
710,151
711,229
712,108
713,234
714,160
715,111
716,153
717,247
718,198
719,61
720,210
721,183
722,161
723,72
724,176
725,106
726,192
727,67
728,109
729,211
730,208
731,104
732,170
733,165
734,241
735,160
736,228
737,161
738,179
739,69
740,182
741,219
742,90
743,243
744,227
745,104
746,199
747,73
748,159
749,193
750,85
751,199
752,200
753,194
754,209
755,221
756,194
757,221
758,245
759,117
760,146
761,252
762,245
763,222
764,225
765,214
766,233
767,172
768,208
769,188
770,234
771,97
772,218
773,183
774,136
775,245
776,195
777,221
778,199
779,243
780,170
781,210
782,101
783,200
784,100
785,191
786,95
787,166
788,115
789,231
790,164
791,134
792,110
793,203
794,230
795,94
796,103
797,242
798,101
799,126
800,224
801,160
802,187
803,236
804,246
805,138
806,114
807,204
808,206
809,156
810,197
811,202
812,164
813,146
814,209
815,197
816,114
817,185
818,229
819,181
820,168
821,168
822,224
823,205
824,192
825,190
826,227
827,132
828,242
829,206
830,210
831,205
832,124
833,225
834,178
835,162
836,200
837,163
838,248
839,230
840,77
841,130
842,175
843,214
844,148
845,114
846,161
847,239
848,194
849,217
850,203
851,80
852,104
853,150
854,179
855,138
856,195
857,245
858,161
859,219
860,214
861,149
862,195
863,146
864,151
865,219
866,219
867,243
868,241
869,242
870,164
871,218
872,219
873,184
874,165
875,218
876,164
877,193
878,187
879,165
880,54
881,180
882,205
883,168
884,177
885,141
886,227
887,244
888,178
889,239
890,207
891,87
892,84
893,202
894,159
895,157
896,171
897,95
898,191
899,206
900,176
901,127
902,202
903,149
904,228
905,150
906,197
907,138
908,150
909,155
910,132
911,219
912,115
913,203
914,140
915,241
916,199
917,184
918,190
919,62
920,160
921,156
922,123
923,195
924,203
925,171
926,141
927,192
928,148
929,217
930,128
931,118
932,138
933,213
934,182
935,150
936,143
937,231
938,189
939,120
940,165
941,212
942,160
943,151
944,200
945,119
946,150
947,151
948,199
949,137
950,128
951,143
952,221
953,222
954,181
955,246
956,185
957,210
958,176
959,50
960,196
961,221
962,75
963,195
964,161
965,134
966,126
967,189
968,101
969,213
970,215
971,164
972,149
973,44
974,179
975,130
976,202
977,128
978,217
979,240
980,208
981,174
982,162
983,150
984,165
985,237
986,197
987,225
988,237
989,123
990,244
991,142
992,177
993,204
994,213
995,204
996,153
997,243
998,168
999,214
1000,208
1001,160
1002,173
1003,241
1004,220
1005,224
1006,168
1007,198
1008,186
1009,209
1010,227
1011,189
1012,163
1013,189
1014,196
1015,227
1016,154
1017,190
1018,218
1019,245
1020,146
1021,247
1022,89
1023,129
1024,148
1025,221
1026,199
1027,79
1028,193
1029,176
1030,229
1031,154
1032,99
1033,165
1034,202
1035,189
1036,236
1037,198
1038,228
1039,170
1040,184
1041,93
1042,205
1043,133
1044,146
1045,217
1046,196
1047,155
1048,229
1049,107
1050,168
1051,185
1052,200
1053,179
1054,149
1055,136
1056,243
1057,198
1058,157
1059,204
1060,229
1061,148
1062,199
1063,174
1064,231
1065,216
1066,163
1067,230
1068,245
1069,204
1070,227
1071,175
1072,130
1073,212
1074,241
1075,182
1076,214
1077,194
1078,172
1079,178
1080,224
1081,147
1082,189
1083,122
1084,203
1085,225
1086,219
1087,108
1088,195
1089,143
1090,222
1091,178
1092,212
1093,172
1094,212
1095,234
1096,94
1097,196
1098,216
1099,212
1100,193
1101,228
1102,238
1103,220
1104,159
1105,213
1106,211
1107,109
1108,225
1109,206
1110,172
1111,140
1112,162
1113,218
1114,229
1115,187
1116,224
1117,174
1118,179
1119,144
1120,220
1121,187
1122,161
1123,170
1124,170
1125,142
1126,244
1127,230
1128,166
1129,205
1130,163
1131,233
1132,156
1133,236
1134,166
1135,184
1136,234
1137,195
1138,249
1139,200
1140,248
1141,174
1142,192
1143,118
1144,78
1145,138
1146,12
1147,250
1148,136
1149,214
1150,79
1151,230
1152,175
1153,178
1154,163
1155,168
1156,192
1157,221
1158,201
1159,213
1160,149
1161,237
1162,88
1163,248
1164,160
1165,240
1166,164
1167,218
1168,239
1169,207
1170,181
1171,181
1172,208
1173,181
1174,236
1175,248
1176,215
1177,181
1178,247
1179,113
1180,166
1181,141
1182,143
1183,151
1184,222
1185,237
1186,213
1187,192
1188,81
1189,191
1190,211
1191,117
1192,238
1193,211
1194,228
1195,246
1196,207
1197,188
1198,146
1199,228
1200,162
1201,247
1202,121
1203,208
1204,177
1205,179
1206,152
1207,172
1208,126
1209,203
1210,175
1211,216
1212,207
1213,211
1214,60
1215,97
1216,89
1217,189
1218,128
1219,249
1220,198
1221,218
1222,30
1223,116
1224,181
1225,64
1226,240
1227,146
1228,169
1229,239
1230,104
1231,82
1232,158
1233,166
1234,117
1235,183
1236,187
1237,195
1238,143
1239,213
1240,181
1241,139
1242,131
1243,230
1244,233
1245,248
1246,224
1247,133
1248,239
1249,171
1250,235
1251,184
1252,183
1253,186
1254,90
1255,142
1256,166
1257,237
1258,150
1259,124
1260,161
1261,215
1262,65
1263,247
1264,186
1265,178
1266,59
1267,97
1268,239
1269,203
1270,234
1271,193
1272,181
1273,223
1274,243
1275,223
1276,166
1277,70
1278,211
1279,250
1280,189
1281,79
1282,234
1283,133
1284,155
1285,54
1286,189
1287,4
1288,158
1289,174
1290,238
1291,224
1292,88
1293,189
1294,124
1295,143
1296,238
1297,91
1298,162
1299,69
1300,243
1301,152
1302,236
1303,166
1304,188
1305,226
1306,217
1307,228
1308,50
1309,161
1310,147
1311,162
1312,131
1313,216
1314,211
1315,217
1316,98
1317,178
1318,128
1319,203
1320,99
1321,68
1322,172
1323,239
1324,53
1325,154
1326,156
1327,69
1328,135
1329,212
1330,177
1331,93
1332,119
1333,149
1334,135
1335,150
1336,131
1337,127
1338,63
1339,219
1340,90
1341,187
1342,209
1343,208
1344,141
1345,115
1346,247
1347,111
1348,202
1349,164
1350,216
1351,50
1352,181
1353,39
1354,218
1355,113
1356,225
1357,206
1358,146
1359,161
1360,215
1361,114
1362,167
1363,34
1364,243
1365,243
1366,173
1367,178
1368,154
1369,107
1370,213
1371,188
1372,105
1373,132
1374,242
1375,243
1376,136
1377,202
1378,177
1379,209
1380,206
1381,122
1382,219
1383,234
1384,224
1385,87
1386,236
1387,206
1388,5
1389,37
1390,40
1391,217
1392,184
1393,108
1394,197
1395,55
1396,138
1397,111
1398,174
1399,171
1400,183
1401,196
1402,140
1403,209
1404,230
1405,153
1406,206
1407,100
1408,136
1409,213
1410,165
1411,206
1412,217
1413,201
1414,229
1415,119
1416,173
1417,107
1418,243
1419,194
1420,156
1421,224
1422,246
1423,110
1424,122
1425,236
1426,58
1427,103
1428,217
1429,202
1430,54
1431,199
1432,213
1433,151
1434,147
1435,239
1436,179
1437,144
1438,237
1439,243
1440,232
1441,104
1442,152
1443,237
1444,175
1445,223
1446,125
1447,166
1448,182
1449,84
1450,49
1451,179
1452,193
1453,103
1454,231
1455,246
1456,183
1457,55
1458,154
1459,146
1460,199
1461,234
1462,56
1463,158
1464,84
1465,183
1466,205
1467,225
1468,227
1469,178
1470,154
1471,196
1472,147
1473,170
1474,195
1475,205
1476,193
1477,85
1478,221
1479,163
1480,165
1481,137
1482,236
1483,231
1484,212
1485,143
1486,246
1487,183
1488,242
1489,224
1490,184
1491,30
1492,234
1493,198
1494,252
1495,234
1496,248
1497,210
1498,224
1499,164
1500,136
1501,197
1502,183
1503,167
1504,107
1505,163
1506,156
1507,89
1508,181
1509,196
1510,136
1511,191
1512,150
1513,105
1514,140
1515,233
1516,192
1517,203
1518,220
1519,100
1520,195
1521,236
1522,158
1523,111
1524,140
1525,219
1526,192
1527,208
1528,191
1529,228
1530,112
1531,116
1532,176
1533,230
1534,140
1535,98
1536,124
1537,159
1538,158
1539,218
1540,178
1541,227
1542,65
1543,218
1544,157
1545,106
1546,174
1547,176
1548,80
1549,172
1550,58
1551,78
1552,160
1553,179
1554,160
1555,155
1556,123
1557,212
1558,187
1559,143
1560,231
1561,97
1562,231
1563,183
1564,149
1565,180
1566,109
1567,159
1568,238
1569,62
1570,181
1571,177
1572,242
1573,237
1574,205
1575,227
1576,135
1577,83
1578,54
1579,233
1580,210
1581,135
1582,66
1583,231
1584,170
1585,196
1586,209
1587,136
1588,186
1589,134
1590,233
1591,218
1592,208
1593,199
1594,167
1595,44
1596,161
1597,138
1598,102
1599,136
1600,220
1601,202
1602,143
1603,172
1604,239
1605,229
1606,199
1607,179
1608,231
1609,216
1610,252
1611,146
1612,207
1613,226
1614,174
1615,126
1616,233
1617,166
1618,180
1619,175
1620,159
1621,209
1622,239
1623,178
1624,206
1625,190
1626,104
1627,93
1628,232
1629,171
1630,168
1631,226
1632,206
1633,209
1634,184
1635,232
1636,194
1637,234
1638,79
1639,213
1640,221
1641,166
1642,184
1643,193
1644,215
1645,212
1646,209
1647,254
1648,254
1649,250
1650,230
1651,245
1652,190
1653,135
1654,137
1655,250
1656,195
1657,175
1658,249
1659,222
1660,232
1661,149
1662,195
1663,218
1664,158
1665,248
1666,143
1667,190
1668,115
1669,170
1670,205
1671,195
1672,251
1673,255
1674,196
1675,246
1676,223
1677,232
1678,185
1679,146
1680,225
1681,189
1682,219
1683,188
1684,168
1685,236
1686,161
1687,230
1688,238
1689,151
1690,133
1691,148
1692,218
1693,166
1694,108
1695,180
1696,188
1697,20
1698,220
1699,248
1700,160
1701,213
1702,146
1703,228
1704,231
1705,197
1706,226
1707,104
1708,170
1709,234
1710,196
1711,202
1712,125
1713,128
1714,40
1715,223
1716,227
1717,185
1718,119
1719,219
1720,143
1721,136
1722,186
1723,36
1724,95
1725,181
1726,239
1727,178
1728,174
1729,133
1730,146
1731,226
1732,144
1733,198
1734,146
1735,201
1736,138
1737,143
1738,191
1739,217
1740,92
1741,154
1742,155
1743,232
1744,251
1745,141
1746,160
1747,82
1748,180
1749,170
1750,98
1751,136
1752,131
1753,87
1754,193
1755,214
1756,223
1757,140
1758,235
1759,190
1760,108
1761,37
1762,228
1763,171
1764,214
1765,152
1766,146
1767,150
1768,232
1769,148
1770,198
1771,136
1772,125
1773,171
1774,110
1775,245
1776,237
1777,158
1778,119
1779,189
1780,208
1781,194
1782,106
1783,52
1784,205
1785,125
1786,114
1787,216
1788,201
1789,115
1790,236
1791,246
1792,197
1793,89
1794,200
1795,218
1796,144
1797,162
1798,219
1799,187
1800,173
1801,229
1802,232
1803,114
1804,222
1805,212
1806,166
1807,186
1808,202
1809,211
1810,165
1811,199
1812,172
1813,248
1814,154
1815,182
1816,184
1817,185
1818,168
1819,66
1820,165
1821,182
1822,189
1823,138
1824,201
1825,159
1826,149
1827,189
1828,188
1829,231
1830,214
1831,234
1832,216
1833,142
1834,115
1835,197
1836,170
1837,148
1838,238
1839,212
1840,230
1841,230
1842,210
1843,156
1844,168
1845,113
1846,49
1847,154
1848,226
1849,132
1850,187
1851,186
1852,209
1853,169
1854,180
1855,153
1856,175
1857,240
1858,185
1859,216
1860,227
1861,118
1862,124
1863,232
1864,246
1865,126
1866,150
1867,246
1868,90
1869,248
1870,235
1871,214
1872,179
1873,201
1874,226
1875,221
1876,158
1877,145
1878,189
1879,172
1880,239
1881,156
1882,245
1883,218
1884,152
1885,218
1886,191
1887,120
1888,180
1889,163
1890,237
1891,141
1892,252
1893,243
1894,196
1895,240
1896,72
1897,179
1898,179
1899,171
1900,99
1901,234
1902,117
1903,204
1904,170
1905,202
1906,67
1907,168
1908,231
1909,135
1910,162
1911,247
1912,186
1913,95
1914,98
1915,241
1916,248
1917,240
1918,232
1919,138
1920,193
1921,173
1922,247
1923,199
1924,89
1925,156
1926,210
1927,152
1928,134
1929,147
1930,87
1931,150
1932,247
1933,131
1934,141
1935,254
1936,205
1937,149
1938,178
1939,156
1940,105
1941,237
1942,244
1943,185
1944,103
1945,166
1946,213
1947,219
1948,229
1949,230
1950,194
1951,187
1952,201
1953,186
1954,141
1955,151
1956,217
1957,184
1958,206
1959,202
1960,218
1961,138
1962,74
1963,151
1964,58
1965,220
1966,224
1967,187
1968,205
1969,244
1970,132
1971,187
1972,227
1973,135
1974,196
1975,204
1976,188
1977,175
1978,180
1979,190
1980,150
1981,233
1982,234
1983,234
1984,173
1985,201
1986,207
1987,254
1988,226
1989,244
1990,99
1991,127
1992,242
1993,223
1994,141
1995,232
1996,72
1997,135
1998,229
1999,194
2000,162
2001,70
2002,123
2003,128
2004,175
2005,176
2006,198
2007,238
2008,58
2009,32
2010,246
2011,102
2012,229
2013,196
2014,127
2015,91
2016,170
2017,249
2018,193
2019,225
2020,244
2021,137
2022,193
2023,244
2024,184
2025,80
2026,204
2027,198
2028,141
2029,75
2030,231
2031,209
2032,28
2033,223
2034,135
2035,207
2036,226
2037,152
2038,242
2039,179
2040,201
2041,135
2042,164
2043,237
2044,131
2045,82
2046,231
2047,67
2048,110
2049,155
2050,217
2051,138
2052,139
2053,139
2054,232
2055,236
2056,37
2057,121
2058,199
2059,231
2060,179
2061,158
2062,166
2063,140
2064,200
2065,214
2066,225
2067,94
2068,112
2069,119
2070,204
2071,243
2072,106
2073,215
2074,200
2075,222
2076,226
2077,208
2078,160
2079,158
2080,219
2081,145
2082,135
2083,189
2084,213
2085,155
2086,168
2087,194
2088,234
2089,225
2090,168
2091,68
2092,240
2093,123
2094,161
2095,234
2096,183
2097,172
2098,167
2099,156
2100,66
2101,176
2102,169
2103,158
2104,210
2105,191
2106,190
2107,121
2108,178
2109,150
2110,235
2111,26
2112,176
2113,42
2114,77
2115,201
2116,60
2117,127
2118,66
2119,243
2120,195
2121,207
2122,168
2123,175
2124,245
2125,47
2126,179
2127,227
2128,205
2129,81
2130,165
2131,237
2132,65
2133,215
2134,134
2135,0
2136,197
2137,161
2138,121
2139,62
2140,116
2141,117
2142,179
2143,214
2144,140
2145,179
2146,70
2147,238
2148,39
2149,116
2150,158
2151,198
2152,118
2153,160
2154,190
2155,180
2156,177
2157,186
2158,218
2159,200
2160,146
2161,148
2162,142
2163,151
2164,170
2165,236
2166,168
2167,6
2168,140
2169,244
2170,238
2171,87
2172,216
2173,178
2174,217
2175,173
2176,174
2177,217
2178,132
2179,230
2180,124
2181,237
2182,9
2183,168
2184,111
2185,211
2186,94
2187,228
2188,229
2189,138
2190,194
2191,42
2192,201
2193,106
2194,195
2195,67
2196,211
2197,136
2198,225
2199,171
2200,186
2201,72
2202,210
2203,148
2204,108
2205,234
2206,118
2207,143
2208,152
2209,65
2210,112
2211,166
2212,158
2213,94
2214,167
2215,213
2216,216
2217,144
2218,128
2219,97
2220,184
2221,99
2222,192
2223,215
2224,128
2225,176
2226,215
2227,120
2228,148
2229,202
2230,249
2231,104
2232,156
2233,224
2234,221
2235,208
2236,120
2237,156
2238,173
2239,199
2240,154
2241,243
2242,193
2243,198
2244,243
2245,204
2246,198
2247,186
2248,28
2249,83
2250,177
2251,202
2252,221
2253,183
2254,139
2255,194
2256,166
2257,60
2258,194
2259,131
2260,191
2261,195
2262,186
2263,209
2264,238
2265,177
2266,139
2267,203
2268,226
2269,78
2270,63
2271,236
2272,137
2273,219
2274,177
2275,211
2276,162
2277,92
2278,0
2279,138
2280,199
2281,146
2282,139
2283,153
2284,76
2285,246
2286,118
2287,195
2288,241
2289,201
2290,172
2291,214
2292,16
2293,168
2294,111
2295,241
2296,182
2297,204
2298,228
2299,101
2300,211
2301,170
2302,178
2303,240
2304,153
2305,124
2306,0
2307,80
2308,221
2309,181
2310,203
2311,80
2312,219
2313,220
2314,155
2315,116
2316,66
2317,111
2318,249
2319,122
2320,234
2321,183
2322,129
2323,194
2324,192
2325,206
2326,121
2327,237
2328,183
2329,239
2330,123
2331,142
2332,205
2333,187
2334,188
2335,224
2336,84
2337,143
2338,184
2339,131
2340,212
2341,198
2342,166
2343,155
2344,233
2345,225
2346,187
2347,159
2348,208
2349,219
2350,168
2351,134
2352,192
2353,156
2354,204
2355,180
2356,154
2357,140
2358,203
2359,201
2360,162
2361,74
2362,187
2363,66
2364,235
2365,126
2366,243
2367,84
2368,212
2369,213
2370,178
2371,19
2372,236
2373,183
2374,75
2375,134
2376,218
2377,142
2378,53
2379,240
2380,158
2381,191
2382,154
2383,219
2384,6
2385,138
2386,210
2387,219
2388,158
2389,109
2390,218
2391,200
2392,134
2393,165
2394,61
2395,161
2396,226
2397,122
2398,199
2399,209
