0,62
1,244
2,230
3,177
4,203
5,155
6,171
7,85
8,204
9,127
10,155
11,196
12,233
13,237
14,226
15,175
16,159
17,218
18,172
19,127
20,130
21,177
22,168
23,219
24,64
25,148
26,188
27,151
28,130
29,220
30,221
31,167
32,173
33,168
34,149
35,29
36,235
37,181
38,231
39,245
40,144
41,229
42,158
43,74
44,175
45,231
46,220
47,215
48,166
49,83
50,189
51,172
52,242
53,244
54,214
55,176
56,185
57,156
58,185
59,157
60,82
61,188
62,147
63,193
64,212
65,138
66,200
67,162
68,133
69,149
70,146
71,189
72,212
73,221
74,156
75,125
76,157
77,160
78,206
79,204
80,215
81,176
82,191
83,184
84,198
85,164
86,197
87,248
88,216
89,212
90,194
91,149
92,102
93,235
94,196
95,187
96,161
97,134
98,202
99,223
100,190
101,238
102,210
103,227
104,109
105,133
106,186
107,197
108,153
109,126
110,223
111,204
112,216
113,84
114,220
115,180
116,144
117,154
118,216
119,195
120,194
121,0
122,190
123,226
124,206
125,158
126,176
127,204
128,194
129,131
130,155
131,209
132,210
133,51
134,187
135,180
136,94
137,218
138,182
139,207
140,125
141,217
142,58
143,191
144,207
145,171
146,192
147,203
148,93
149,218
150,117
151,134
152,172
153,160
154,152
155,226
156,244
157,115
158,215
159,189
160,209
161,176
162,115
163,157
164,230
165,226
166,187
167,214
168,161
169,231
170,213
171,159
172,164
173,240
174,166
175,156
176,190
177,78
178,131
179,198
180,185
181,174
182,108
183,94
184,190
185,180
186,168
187,204
188,138
189,174
190,117
191,240
192,189
193,144
194,154
195,215
196,177
197,222
198,239
199,179
200,137
201,218
202,224
203,203
204,186
205,192
206,211
207,185
208,208
209,228
210,158
211,212
212,215
213,223
214,213
215,209
216,221
217,72
218,175
219,206
220,208
221,189
222,245
223,179
224,198
225,227
226,182
227,243
228,213
229,208
230,116
231,206
232,130
233,142
234,142
235,104
236,184
237,135
238,155
239,231
240,158
241,132
242,233
243,212
244,166
245,222
246,188
247,69
248,220
249,173
250,181
251,164
252,170
253,137
254,202
255,166
256,220
257,160
258,201
259,238
260,229
261,147
262,176
263,194
264,156
265,203
266,143
267,182
268,162
269,209
270,239
271,88
272,114
273,166
274,104
275,218
276,153
277,168
278,183
279,170
280,90
281,231
282,123
283,169
284,186
285,66
286,149
287,145
288,215
289,187
290,208
291,231
292,231
293,195
294,167
295,238
296,169
297,182
298,197
299,216
300,196
301,164
302,218
303,183
304,212
305,232
306,236
307,169
308,202
309,187
310,224
311,151
312,181
313,110
314,151
315,171
316,194
317,224
318,158
319,117
320,162
321,151
322,203
323,232
324,228
325,194
326,214
327,238
328,230
329,156
330,166
331,195
332,247
333,213
334,229
335,182
336,179
337,204
338,159
339,191
340,244
341,157
342,86
343,149
344,147
345,152
346,178
347,158
348,247
349,94
350,250
351,193
352,130
353,155
354,203
355,203
356,194
357,163
358,207
359,184
360,150
361,157
362,183
363,164
364,146
365,215
366,95
367,200
368,232
369,179
370,211
371,202
372,231
373,157
374,136
375,146
376,171
377,173
378,163
379,199
380,188
381,189
382,147
383,150
384,224
385,149
386,128
387,224
388,147
389,241
390,159
391,179
392,226
393,136
394,187
395,241
396,233
397,224
398,235
399,125
400,174
401,110
402,243
403,245
404,194
405,159
406,86
407,170
408,193
409,227
410,240
411,236
412,219
413,152
414,87
415,210
416,236
417,251
418,155
419,183
420,170
421,109
422,161
423,113
424,202
425,231
426,111
427,230
428,218
429,155
430,238
431,227
432,117
433,209
434,167
435,136
436,143
437,209
438,211
439,192
440,149
441,224
442,159
443,128
444,202
445,114
446,194
447,186
448,218
449,215
450,217
451,160
452,242
453,141
454,230
455,170
456,217
457,225
458,222
459,200
460,235
461,127
462,167
463,231
464,245
465,115
466,115
467,188
468,212
469,247
470,47
471,232
472,159
473,119
474,183
475,174
476,241
477,180
478,144
479,247
480,188
481,160
482,205
483,216
484,66
485,233
486,120
487,226
488,249
489,120
490,219
491,243
492,153
493,217
494,114
495,251
496,228
497,233
498,168
499,175
500,221
501,238
502,235
503,243
504,192
505,189
506,208
507,194
508,214
509,197
510,123
511,217
512,216
513,141
514,177
515,247
516,228
517,180
518,228
519,226
520,223
521,151
522,145
523,240
524,177
525,243
526,188
527,160
528,207
529,211
530,204
531,225
532,166
533,236
534,219
535,211
536,229
537,144
538,241
539,205
540,206
541,172
542,115
543,212
544,228
545,185
546,156
547,233
548,217
549,178
550,120
551,189
552,195
553,156
554,246
555,217
556,161
557,213
558,132
559,232
560,214
561,247
562,171
563,233
564,147
565,212
566,168
567,219
568,208
569,197
570,218
571,223
572,200
573,204
574,239
575,136
576,221
577,239
578,189
579,242
580,210
581,245
582,195
583,145
584,188
585,167
586,197
587,209
588,192
589,231
590,215
591,166
592,199
593,167
594,141
595,148
596,212
597,235
598,150
599,135
600,155
601,242
602,118
603,107
604,182
605,232
606,152
607,176
608,193
609,132
610,149
611,195
612,215
613,69
614,232
615,122
616,36
617,168
618,237
619,187
620,91
621,202
622,230
623,177
624,171
625,197
626,187
627,218
628,232
629,110
630,218
631,229
632,139
633,143
634,208
635,212
636,238
637,170
638,191
639,152
640,207
641,166
642,241
643,190
644,195
645,169
646,240
647,188
648,210
649,74
650,146
651,218
652,208
653,227
654,195
655,217
656,139
657,210
658,191
659,221
660,133
661,212
662,179
663,180
664,193
665,195
666,236
667,215
668,131
669,209
670,134
671,167
672,187
673,183
674,242
675,207
676,207
677,164
678,145
679,122
680,216
681,135
682,155
683,212
684,228
685,213
686,147
687,226
688,225
689,210
690,121
691,219
692,44
693,247
694,238
695,184
696,123
697,193
698,146
699,148
700,150
701,236
702,241
703,240
704,98
705,216
706,102
707,184
708,143
709,245
710,162
711,227
712,132
713,225
714,169
715,162
716,161
717,249
718,191
719,90
720,210
721,201
722,160
723,109
724,194
725,95
726,195
727,83
728,134
729,204
730,210
731,142
732,182
733,193
734,240
735,192
736,219
737,155
738,187
739,129
740,194
741,217
742,122
743,244
744,228
745,128
746,199
747,88
748,164
749,193
750,106
751,201
752,208
753,193
754,217
755,222
756,200
757,218
758,241
759,121
760,166
761,252
762,246
763,224
764,226
765,216
766,238
767,166
768,220
769,185
770,240
771,94
772,246
773,195
774,132
775,243
776,196
777,240
778,203
779,244
780,170
781,208
782,95
783,198
784,177
785,191
786,66
787,169
788,146
789,223
790,202
791,138
792,112
793,192
794,231
795,120
796,114
797,243
798,104
799,148
800,233
801,161
802,186
803,241
804,245
805,147
806,142
807,199
808,222
809,201
810,210
811,211
812,184
813,139
814,208
815,206
816,142
817,154
818,236
819,192
820,174
821,168
822,229
823,213
824,195
825,191
826,227
827,149
828,242
829,208
830,192
831,204
832,182
833,224
834,173
835,179
836,202
837,153
838,248
839,229
840,132
841,112
842,169
843,214
844,144
845,128
846,161
847,238
848,203
849,221
850,213
851,17
852,124
853,163
854,187
855,168
856,208
857,243
858,183
859,223
860,218
861,166
862,194
863,158
864,200
865,230
866,227
867,242
868,244
869,246
870,182
871,219
872,221
873,178
874,161
875,222
876,170
877,195
878,181
879,152
880,113
881,198
882,208
883,176
884,189
885,159
886,225
887,245
888,178
889,242
890,173
891,98
892,148
893,210
894,189
895,165
896,171
897,93
898,197
899,215
900,182
901,148
902,196
903,195
904,228
905,130
906,200
907,148
908,168
909,176
910,136
911,217
912,122
913,208
914,150
915,239
916,211
917,161
918,191
919,78
920,192
921,176
922,178
923,146
924,206
925,171
926,176
927,210
928,166
929,216
930,150
931,135
932,155
933,229
934,187
935,178
936,207
937,234
938,188
939,143
940,168
941,216
942,180
943,196
944,221
945,152
946,198
947,136
948,211
949,154
950,162
951,149
952,218
953,237
954,204
955,244
956,196
957,209
958,172
959,63
960,197
961,232
962,152
963,210
964,180
965,157
966,124
967,187
968,147
969,233
970,219
971,176
972,175
973,78
974,196
975,183
976,203
977,133
978,214
979,242
980,208
981,215
982,199
983,176
984,161
985,240
986,196
987,229
988,241
989,152
990,243
991,138
992,181
993,204
994,219
995,210
996,190
997,247
998,176
999,227
1000,216
1001,140
1002,181
1003,245
1004,220
1005,228
1006,168
1007,213
1008,193
1009,170
1010,230
1011,196
1012,175
1013,201
1014,202
1015,223
1016,176
1017,194
1018,218
1019,246
1020,181
1021,248
1022,102
1023,159
1024,160
1025,222
1026,211
1027,112
1028,201
1029,187
1030,238
1031,161
1032,116
1033,167
1034,193
1035,202
1036,229
1037,158
1038,225
1039,198
1040,184
1041,156
1042,213
1043,165
1044,160
1045,228
1046,197
1047,175
1048,235
1049,120
1050,191
1051,192
1052,202
1053,194
1054,170
1055,193
1056,241
1057,211
1058,161
1059,205
1060,229
1061,189
1062,201
1063,181
1064,225
1065,207
1066,156
1067,235
1068,242
1069,205
1070,232
1071,190
1072,130
1073,234
1074,242
1075,202
1076,215
1077,197
1078,160
1079,178
1080,227
1081,160
1082,179
1083,128
1084,214
1085,223
1086,222
1087,159
1088,205
1089,176
1090,225
1091,184
1092,220
1093,179
1094,210
1095,241
1096,100
1097,229
1098,206
1099,221
1100,199
1101,225
1102,240
1103,225
1104,175
1105,210
1106,212
1107,109
1108,225
1109,213
1110,193
1111,153
1112,186
1113,222
1114,229
1115,170
1116,225
1117,149
1118,196
1119,165
1120,222
1121,204
1122,168
1123,145
1124,174
1125,151
1126,245
1127,228
1128,179
1129,214
1130,189
1131,241
1132,184
1133,237
1134,160
1135,190
1136,231
1137,206
1138,249
1139,197
1140,248
1141,182
1142,194
1143,106
1144,114
1145,172
1146,41
1147,252
1148,152
1149,197
1150,86
1151,230
1152,194
1153,188
1154,163
1155,193
1156,205
1157,210
1158,210
1159,221
1160,161
1161,228
1162,99
1163,247
1164,158
1165,241
1166,168
1167,223
1168,235
1169,218
1170,188
1171,195
1172,222
1173,193
1174,237
1175,248
1176,217
1177,174
1178,248
1179,149
1180,194
1181,174
1182,135
1183,150
1184,222
1185,238
1186,213
1187,197
1188,131
1189,204
1190,222
1191,141
1192,246
1193,220
1194,228
1195,248
1196,204
1197,189
1198,166
1199,235
1200,166
1201,248
1202,131
1203,216
1204,164
1205,176
1206,124
1207,180
1208,150
1209,200
1210,176
1211,207
1212,215
1213,203
1214,65
1215,88
1216,113
1217,181
1218,141
1219,250
1220,204
1221,206
1222,22
1223,133
1224,178
1225,80
1226,241
1227,101
1228,162
1229,236
1230,114
1231,16
1232,149
1233,175
1234,126
1235,171
1236,200
1237,183
1238,138
1239,216
1240,198
1241,148
1242,119
1243,230
1244,232
1245,249
1246,200
1247,148
1248,240
1249,172
1250,231
1251,173
1252,184
1253,186
1254,99
1255,52
1256,176
1257,237
1258,155
1259,146
1260,156
1261,213
1262,46
1263,248
1264,181
1265,170
1266,73
1267,110
1268,239
1269,196
1270,229
1271,195
1272,188
1273,220
1274,244
1275,226
1276,162
1277,93
1278,209
1279,250
1280,182
1281,178
1282,235
1283,149
1284,163
1285,93
1286,183
1287,0
1288,154
1289,175
1290,234
1291,226
1292,116
1293,187
1294,149
1295,151
1296,244
1297,67
1298,188
1299,76
1300,247
1301,181
1302,240
1303,162
1304,198
1305,230
1306,217
1307,230
1308,81
1309,168
1310,139
1311,152
1312,143
1313,221
1314,222
1315,222
1316,92
1317,190
1318,122
1319,204
1320,76
1321,78
1322,172
1323,239
1324,68
1325,131
1326,141
1327,81
1328,134
1329,219
1330,187
1331,102
1332,104
1333,162
1334,168
1335,147
1336,109
1337,160
1338,0
1339,214
1340,84
1341,195
1342,216
1343,198
1344,133
1345,112
1346,247
1347,134
1348,217
1349,164
1350,241
1351,0
1352,189
1353,6
1354,218
1355,93
1356,228
1357,209
1358,170
1359,149
1360,204
1361,114
1362,177
1363,45
1364,244
1365,243
1366,171
1367,187
1368,140
1369,153
1370,212
1371,195
1372,129
1373,149
1374,240
1375,248
1376,128
1377,197
1378,174
1379,218
1380,213
1381,136
1382,212
1383,230
1384,220
1385,103
1386,243
1387,210
1388,62
1389,34
1390,92
1391,224
1392,165
1393,196
1394,197
1395,34
1396,141
1397,114
1398,175
1399,180
1400,184
1401,194
1402,132
1403,208
1404,226
1405,146
1406,211
1407,119
1408,136
1409,220
1410,168
1411,202
1412,220
1413,209
1414,227
1415,110
1416,165
1417,131
1418,233
1419,189
1420,151
1421,229
1422,246
1423,123
1424,130
1425,248
1426,28
1427,103
1428,216
1429,210
1430,30
1431,185
1432,211
1433,108
1434,149
1435,239
1436,140
1437,148
1438,235
1439,244
1440,229
1441,96
1442,140
1443,244
1444,183
1445,221
1446,126
1447,150
1448,194
1449,118
1450,102
1451,179
1452,194
1453,115
1454,237
1455,247
1456,197
1457,107
1458,172
1459,173
1460,196
1461,219
1462,70
1463,163
1464,89
1465,209
1466,202
1467,223
1468,229
1469,172
1470,118
1471,196
1472,144
1473,152
1474,199
1475,196
1476,197
1477,99
1478,216
1479,157
1480,174
1481,138
1482,235
1483,230
1484,215
1485,136
1486,247
1487,169
1488,247
1489,221
1490,198
1491,57
1492,237
1493,210
1494,251
1495,234
1496,249
1497,213
1498,208
1499,159
1500,126
1501,188
1502,198
1503,151
1504,121
1505,167
1506,90
1507,82
1508,186
1509,194
1510,133
1511,191
1512,183
1513,62
1514,144
1515,234
1516,191
1517,206
1518,216
1519,110
1520,193
1521,238
1522,178
1523,113
1524,151
1525,227
1526,197
1527,213
1528,183
1529,224
1530,139
1531,84
1532,161
1533,236
1534,148
1535,120
1536,132
1537,175
1538,160
1539,221
1540,181
1541,244
1542,106
1543,209
1544,147
1545,112
1546,192
1547,167
1548,72
1549,173
1550,33
1551,80
1552,149
1553,203
1554,179
1555,171
1556,145
1557,220
1558,193
1559,140
1560,229
1561,147
1562,242
1563,173
1564,141
1565,168
1566,97
1567,188
1568,241
1569,115
1570,179
1571,177
1572,246
1573,240
1574,205
1575,247
1576,158
1577,99
1578,144
1579,234
1580,206
1581,140
1582,89
1583,232
1584,181
1585,193
1586,218
1587,126
1588,192
1589,130
1590,234
1591,214
1592,209
1593,205
1594,178
1595,2
1596,138
1597,157
1598,111
1599,149
1600,227
1601,204
1602,154
1603,166
1604,239
1605,220
1606,202
1607,168
1608,228
1609,180
1610,253
1611,163
1612,199
1613,223
1614,196
1615,161
1616,234
1617,180
1618,182
1619,175
1620,147
1621,211
1622,240
1623,181
1624,206
1625,193
1626,107
1627,99
1628,230
1629,140
1630,183
1631,218
1632,204
1633,202
1634,193
1635,236
1636,197
1637,231
1638,116
1639,214
1640,215
1641,178
1642,154
1643,204
1644,213
1645,214
1646,211
1647,254
1648,254
1649,252
1650,233
1651,243
1652,173
1653,141
1654,139
1655,249
1656,187
1657,179
1658,248
1659,218
1660,230
1661,172
1662,195
1663,217
1664,170
1665,249
1666,174
1667,203
1668,16
1669,148
1670,196
1671,199
1672,251
1673,255
1674,186
1675,246
1676,224
1677,234
1678,169
1679,122
1680,225
1681,154
1682,220
1683,197
1684,171
1685,234
1686,178
1687,227
1688,240
1689,165
1690,119
1691,146
1692,213
1693,173
1694,132
1695,167
1696,218
1697,69
1698,213
1699,249
1700,155
1701,211
1702,146
1703,228
1704,213
1705,204
1706,229
1707,153
1708,176
1709,231
1710,197
1711,204
1712,128
1713,135
1714,20
1715,220
1716,233
1717,190
1718,126
1719,223
1720,144
1721,149
1722,186
1723,63
1724,49
1725,175
1726,239
1727,195
1728,182
1729,137
1730,144
1731,223
1732,176
1733,203
1734,142
1735,197
1736,141
1737,134
1738,178
1739,221
1740,84
1741,134
1742,154
1743,233
1744,250
1745,146
1746,163
1747,119
1748,196
1749,181
1750,98
1751,135
1752,117
1753,111
1754,196
1755,207
1756,223
1757,148
1758,227
1759,187
1760,105
1761,54
1762,220
1763,178
1764,219
1765,151
1766,138
1767,171
1768,229
1769,157
1770,202
1771,120
1772,134
1773,148
1774,94
1775,247
1776,243
1777,164
1778,109
1779,177
1780,203
1781,193
1782,44
1783,42
1784,202
1785,121
1786,102
1787,225
1788,204
1789,136
1790,239
1791,249
1792,213
1793,98
1794,205
1795,234
1796,161
1797,180
1798,226
1799,197
1800,179
1801,226
1802,230
1803,148
1804,226
1805,211
1806,196
1807,197
1808,226
1809,208
1810,211
1811,205
1812,153
1813,251
1814,153
1815,172
1816,214
1817,180
1818,165
1819,101
1820,139
1821,218
1822,188
1823,163
1824,203
1825,169
1826,150
1827,198
1828,190
1829,230
1830,226
1831,235
1832,210
1833,173
1834,97
1835,205
1836,173
1837,142
1838,242
1839,217
1840,247
1841,227
1842,194
1843,150
1844,153
1845,133
1846,57
1847,167
1848,220
1849,117
1850,172
1851,189
1852,216
1853,147
1854,186
1855,156
1856,183
1857,242
1858,193
1859,209
1860,227
1861,164
1862,162
1863,231
1864,244
1865,136
1866,195
1867,246
1868,95
1869,249
1870,236
1871,224
1872,193
1873,209
1874,222
1875,238
1876,154
1877,148
1878,207
1879,152
1880,230
1881,165
1882,245
1883,222
1884,165
1885,216
1886,191
1887,136
1888,176
1889,167
1890,235
1891,104
1892,252
1893,240
1894,200
1895,246
1896,96
1897,196
1898,191
1899,166
1900,131
1901,234
1902,160
1903,201
1904,175
1905,194
1906,23
1907,161
1908,237
1909,133
1910,174
1911,250
1912,193
1913,114
1914,89
1915,242
1916,246
1917,240
1918,241
1919,97
1920,186
1921,175
1922,250
1923,203
1924,107
1925,160
1926,215
1927,126
1928,99
1929,161
1930,43
1931,64
1932,247
1933,163
1934,81
1935,254
1936,202
1937,178
1938,176
1939,125
1940,114
1941,237
1942,247
1943,194
1944,99
1945,159
1946,214
1947,220
1948,234
1949,229
1950,191
1951,202
1952,218
1953,192
1954,126
1955,134
1956,215
1957,190
1958,203
1959,196
1960,219
1961,141
1962,59
1963,144
1964,99
1965,215
1966,234
1967,185
1968,208
1969,249
1970,127
1971,182
1972,239
1973,132
1974,204
1975,210
1976,164
1977,176
1978,184
1979,183
1980,175
1981,236
1982,236
1983,225
1984,181
1985,205
1986,211
1987,254
1988,227
1989,248
1990,129
1991,138
1992,242
1993,226
1994,153
1995,236
1996,33
1997,138
1998,227
1999,192
2000,152
2001,71
2002,122
2003,101
2004,194
2005,167
2006,200
2007,242
2008,27
2009,60
2010,248
2011,100
2012,229
2013,233
2014,159
2015,145
2016,179
2017,249
2018,194
2019,229
2020,246
2021,124
2022,205
2023,248
2024,186
2025,95
2026,206
2027,206
2028,143
2029,55
2030,224
2031,201
2032,22
2033,215
2034,99
2035,216
2036,231
2037,169
2038,242
2039,186
2040,225
2041,111
2042,150
2043,240
2044,142
2045,53
2046,232
2047,75
2048,26
2049,179
2050,214
2051,140
2052,137
2053,154
2054,242
2055,234
2056,0
2057,116
2058,192
2059,227
2060,168
2061,154
2062,132
2063,135
2064,185
2065,184
2066,225
2067,109
2068,123
2069,112
2070,210
2071,242
2072,123
2073,220
2074,214
2075,228
2076,227
2077,202
2078,174
2079,162
2080,213
2081,154
2082,135
2083,196
2084,220
2085,142
2086,173
2087,201
2088,241
2089,228
2090,188
2091,81
2092,236
2093,118
2094,163
2095,235
2096,155
2097,165
2098,168
2099,159
2100,101
2101,188
2102,169
2103,153
2104,213
2105,186
2106,198
2107,175
2108,173
2109,166
2110,232
2111,48
2112,166
2113,26
2114,33
2115,199
2116,47
2117,140
2118,163
2119,236
2120,201
2121,210
2122,168
2123,162
2124,246
2125,67
2126,170
2127,236
2128,219
2129,140
2130,156
2131,238
2132,67
2133,210
2134,137
2135,0
2136,209
2137,144
2138,153
2139,103
2140,116
2141,147
2142,185
2143,215
2144,127
2145,188
2146,73
2147,240
2148,51
2149,114
2150,166
2151,193
2152,141
2153,180
2154,199
2155,208
2156,170
2157,177
2158,221
2159,201
2160,161
2161,159
2162,161
2163,161
2164,181
2165,232
2166,161
2167,48
2168,18
2169,246
2170,238
2171,94
2172,216
2173,188
2174,216
2175,198
2176,185
2177,225
2178,154
2179,233
2180,123
2181,236
2182,0
2183,166
2184,46
2185,218
2186,136
2187,229
2188,231
2189,141
2190,213
2191,22
2192,217
2193,107
2194,207
2195,71
2196,237
2197,70
2198,220
2199,174
2200,185
2201,96
2202,211
2203,156
2204,85
2205,237
2206,116
2207,135
2208,166
2209,91
2210,99
2211,161
2212,155
2213,94
2214,155
2215,211
2216,210
2217,147
2218,81
2219,112
2220,195
2221,124
2222,207
2223,213
2224,149
2225,201
2226,213
2227,97
2228,175
2229,208
2230,250
2231,39
2232,157
2233,231
2234,224
2235,195
2236,123
2237,156
2238,168
2239,201
2240,158
2241,246
2242,186
2243,207
2244,244
2245,207
2246,192
2247,186
2248,0
2249,118
2250,158
2251,191
2252,222
2253,168
2254,143
2255,191
2256,167
2257,0
2258,196
2259,137
2260,175
2261,181
2262,187
2263,201
2264,234
2265,181
2266,124
2267,204
2268,221
2269,85
2270,95
2271,235
2272,158
2273,217
2274,183
2275,211
2276,167
2277,103
2278,21
2279,118
2280,167
2281,155
2282,153
2283,152
2284,62
2285,248
2286,113
2287,194
2288,244
2289,200
2290,152
2291,220
2292,52
2293,188
2294,121
2295,243
2296,184
2297,192
2298,227
2299,106
2300,209
2301,144
2302,206
2303,243
2304,166
2305,149
2306,0
2307,30
2308,220
2309,196
2310,217
2311,151
2312,216
2313,230
2314,139
2315,128
2316,44
2317,141
2318,248
2319,134
2320,237
2321,205
2322,147
2323,197
2324,205
2325,215
2326,136
2327,237
2328,146
2329,242
2330,123
2331,177
2332,201
2333,190
2334,206
2335,230
2336,100
2337,120
2338,195
2339,120
2340,211
2341,193
2342,157
2343,160
2344,211
2345,223
2346,150
2347,187
2348,216
2349,223
2350,170
2351,157
2352,196
2353,180
2354,200
2355,204
2356,171
2357,168
2358,215
2359,183
2360,170
2361,117
2362,205
2363,88
2364,233
2365,133
2366,247
2367,69
2368,202
2369,211
2370,182
2371,74
2372,237
2373,194
2374,118
2375,110
2376,210
2377,118
2378,93
2379,240
2380,151
2381,182
2382,163
2383,220
2384,0
2385,127
2386,199
2387,219
2388,140
2389,109
2390,208
2391,205
2392,144
2393,175
2394,88
2395,176
2396,215
2397,144
2398,223
2399,209
