0,186
1,179
2,191
3,215
4,188
5,73
6,201
7,236
8,232
9,139
10,160
11,232
12,199
13,172
14,230
15,175
16,215
17,220
18,237
19,236
20,237
21,116
22,177
23,205
24,243
25,229
26,50
27,64
28,221
29,169
30,99
31,177
32,190
33,237
34,228
35,233
36,236
37,226
38,213
39,244
40,188
41,251
42,213
43,110
44,223
45,217
46,183
47,235
48,143
49,184
50,167
51,212
52,84
53,217
54,215
55,196
56,171
57,198
58,206
59,253
60,234
61,150
62,181
63,223
64,207
65,211
66,250
67,240
68,166
69,146
70,202
71,201
72,193
73,227
74,240
75,138
76,212
77,1
78,210
79,207
80,246
81,239
82,122
83,160
84,217
85,213
86,199
87,199
88,146
89,213
90,170
91,247
92,201
93,182
94,182
95,218
96,237
97,180
98,249
99,191
100,256
101,251
102,181
103,101
104,248
105,214
106,209
107,216
108,173
109,12
110,145
111,191
112,211
113,235
114,247
115,225
116,235
117,234
118,230
119,236
120,191
121,224
122,95
123,47
124,203
125,204
126,223
127,119
128,207
129,164
130,162
131,200
132,226
133,244
134,138
135,193
136,196
137,168
138,106
139,162
140,253
141,232
142,235
143,139
144,182
145,172
146,184
147,180
148,210
149,201
150,113
151,219
152,243
153,199
154,153
155,239
156,250
157,176
158,86
159,112
160,228
161,198
162,219
163,133
164,246
165,26
166,134
167,175
168,163
169,252
170,222
171,139
172,201
173,167
174,225
175,191
176,214
177,209
178,231
179,0
180,164
181,84
182,190
183,225
184,206
185,212
186,228
187,146
188,151
189,239
190,248
191,224
192,109
193,252
194,194
195,243
196,168
197,211
198,204
199,201
200,182
201,218
202,187
203,170
204,253
205,153
206,167
207,216
208,221
209,132
210,165
211,219
212,244
213,227
214,102
215,178
216,217
217,191
218,230
219,166
220,144
221,230
222,214
223,106
224,225
225,253
226,246
227,175
228,221
229,229
230,175
231,188
232,229
233,214
234,185
235,223
236,143
237,210
238,161
239,219
240,221
241,170
242,246
243,173
244,242
245,219
246,219
247,252
248,195
249,213
250,169
251,149
252,204
253,193
254,222
255,249
256,254
257,213
258,190
259,177
260,142
261,206
262,226
263,130
264,219
265,225
266,191
267,142
268,225
269,185
270,196
271,202
272,198
273,252
274,204
275,186
276,220
277,127
278,252
279,182
280,158
281,206
282,232
283,209
284,146
285,226
286,204
287,218
288,217
289,215
290,169
291,229
292,187
293,101
294,199
295,155
296,114
297,104
298,94
299,212
300,180
301,191
302,245
303,186
304,227
305,220
306,164
307,209
308,219
309,249
310,204
311,162
312,169
313,248
314,253
315,172
316,109
317,180
318,229
319,175
320,228
321,97
322,172
323,220
324,203
325,231
326,138
327,248
328,211
329,44
330,235
331,250
332,120
333,215
334,232
335,226
336,175
337,211
338,222
339,132
340,164
341,252
342,237
343,207
344,178
345,148
346,131
347,124
348,24
349,91
350,102
351,187
352,129
353,161
354,202
355,214
356,211
357,208
358,223
359,144
360,212
361,192
362,204
363,150
364,236
365,210
366,215
367,236
368,241
369,127
370,188
371,200
372,142
373,173
374,251
375,157
376,207
377,234
378,120
379,215
380,188
381,154
382,149
383,214
384,200
385,252
386,199
387,78
388,167
389,228
390,243
391,190
392,242
393,132
394,154
395,0
396,216
397,213
398,157
399,230
400,108
401,177
402,211
403,172
404,198
405,210
406,223
407,73
408,219
409,231
410,198
411,142
412,226
413,251
414,215
415,120
416,169
417,147
418,217
419,106
420,229
421,209
422,215
423,243
424,206
425,239
426,230
427,141
428,175
429,193
430,232
431,233
432,212
433,244
434,194
435,171
436,160
437,233
438,197
439,220
440,182
441,137
442,190
443,156
444,182
445,192
446,46
447,203
448,128
449,228
450,86
451,193
452,198
453,166
454,238
455,221
456,211
457,246
458,220
459,251
460,232
461,245
462,250
463,185
464,218
465,151
466,160
467,179
468,98
469,156
470,121
471,179
472,187
473,179
474,192
475,241
476,216
477,188
478,227
479,133
480,162
481,239
482,246
483,245
484,170
485,162
486,227
487,38
488,157
489,236
490,172
491,159
492,201
493,10
494,177
495,172
496,226
497,229
498,244
499,235
500,185
501,183
502,248
503,246
504,107
505,237
506,141
507,204
508,102
509,57
510,225
511,232
512,229
513,251
514,158
515,234
516,166
517,158
518,115
519,228
520,80
521,223
522,184
523,101
524,192
525,238
526,221
527,229
528,220
529,222
530,191
531,207
532,104
533,199
534,250
535,78
536,237
537,232
538,128
539,126
540,193
541,244
542,222
543,210
544,226
545,133
546,182
547,118
548,146
549,256
550,177
551,138
552,230
553,155
554,123
555,207
556,0
557,236
558,142
559,191
560,146
561,213
562,191
563,143
564,219
565,172
566,253
567,254
568,223
569,245
570,207
571,126
572,215
573,234
574,198
575,194
576,224
577,132
578,235
579,255
580,196
581,81
582,219
583,252
584,250
585,113
586,198
587,226
588,204
589,89
590,229
591,231
592,249
593,147
594,184
595,233
596,244
597,247
598,165
599,236
600,160
601,211
602,123
603,226
604,156
605,135
606,176
607,165
608,188
609,115
610,222
611,252
612,177
613,248
614,47
615,253
616,158
617,175
618,126
619,158
620,200
621,213
622,124
623,234
624,171
625,200
626,223
627,201
628,211
629,178
630,196
631,189
632,233
633,237
634,214
635,199
636,172
637,94
638,49
639,230
640,60
641,164
642,184
643,131
644,236
645,229
646,239
647,228
648,186
649,197
650,179
651,251
652,158
653,153
654,0
655,212
656,115
657,247
658,240
659,94
660,214
661,209
662,181
663,187
664,230
665,130
666,238
667,111
668,218
669,94
670,199
671,210
672,0
673,239
674,205
675,203
676,139
677,157
678,204
679,227
680,245
681,152
682,249
683,166
684,210
685,232
686,163
687,193
688,198
689,73
690,243
691,231
692,204
693,197
694,165
695,223
696,113
697,238
698,37
699,138
700,225
701,232
702,144
703,255
704,199
705,223
706,90
707,245
708,77
709,170
710,252
711,249
712,252
713,213
714,128
715,179
716,191
717,225
718,136
719,123
720,150
721,233
722,101
723,230
724,222
725,169
726,135
727,253
728,36
729,201
730,211
731,77
732,231
733,103
734,242
735,145
736,184
737,201
738,217
739,181
740,241
741,216
742,71
743,69
744,186
745,168
746,94
747,255
748,210
749,240
750,195
751,54
752,197
753,133
754,250
755,78
756,230
757,204
758,194
759,235
760,187
761,135
762,216
763,231
764,180
765,243
766,166
767,209
768,145
769,225
770,180
771,223
772,156
773,234
774,202
775,132
776,202
777,239
778,202
779,62
780,222
781,183
782,99
783,242
784,212
785,251
786,240
787,119
788,100
789,231
790,251
791,110
792,190
793,240
794,201
795,230
796,126
797,174
798,234
799,256
800,153
801,240
802,207
803,166
804,178
805,223
806,247
807,205
808,251
809,225
810,222
811,62
812,187
813,236
814,200
815,211
816,211
817,116
818,71
819,209
820,251
821,227
822,0
823,221
824,227
825,190
826,204
827,231
828,194
829,242
830,189
831,198
832,206
833,74
834,208
835,117
836,148
837,111
838,165
839,155
840,235
841,239
842,236
843,232
844,195
845,237
846,112
847,184
848,233
849,167
850,210
851,171
852,164
853,249
854,165
855,169
856,125
857,244
858,178
859,149
860,239
861,198
862,192
863,227
864,155
865,187
866,223
867,241
868,152
869,224
870,197
871,228
872,209
873,205
874,243
875,240
876,201
877,221
878,191
879,197
880,242
881,165
882,33
883,229
884,178
885,194
886,161
887,217
888,206
889,77
890,250
891,218
892,211
893,203
894,176
895,252
896,238
897,234
898,147
899,181
900,118
901,202
902,198
903,151
904,112
905,202
906,104
907,24
908,186
909,221
910,236
911,214
912,150
913,163
914,243
915,220
916,118
917,176
918,161
919,213
920,212
921,169
922,192
923,244
924,251
925,162
926,227
927,134
928,242
929,235
930,232
931,234
932,168
933,240
934,171
935,240
936,231
937,156
938,66
939,250
940,239
941,217
942,110
943,211
944,203
945,242
946,224
947,178
948,179
949,256
950,172
951,243
952,165
953,224
954,243
955,156
956,240
957,244
958,214
959,195
960,222
961,250
962,250
963,167
964,185
965,193
966,249
967,253
968,222
969,167
970,210
971,122
972,202
973,131
974,169
975,164
976,219
977,148
978,226
979,235
980,156
981,255
982,170
983,228
984,238
985,154
986,0
987,234
988,176
989,175
990,151
991,164
992,163
993,222
994,200
995,172
996,208
997,223
998,179
999,251
1000,243
1001,197
1002,250
1003,102
1004,192
1005,196
1006,195
1007,200
1008,169
1009,132
1010,92
1011,177
1012,248
1013,219
1014,230
1015,195
1016,206
1017,224
1018,178
1019,227
1020,228
1021,115
1022,239
1023,183
1024,119
1025,255
1026,111
1027,225
1028,252
1029,196
1030,181
1031,97
1032,94
1033,248
1034,182
1035,248
1036,108
1037,76
1038,202
1039,120
1040,202
1041,180
1042,162
1043,216
1044,153
1045,218
1046,174
1047,185
1048,168
1049,136
1050,226
1051,252
1052,217
1053,142
1054,142
1055,157
1056,184
1057,247
1058,97
1059,197
1060,211
1061,149
1062,220
1063,222
1064,201
1065,236
1066,65
1067,224
1068,228
1069,249
1070,252
1071,178
1072,144
1073,215
1074,113
1075,254
1076,229
1077,249
1078,216
1079,246
1080,153
1081,212
1082,153
1083,186
1084,232
1085,190
1086,184
1087,169
1088,134
1089,188
1090,130
1091,189
1092,64
1093,133
1094,129
1095,206
1096,117
1097,138
1098,146
1099,196
1100,219
1101,243
1102,137
1103,183
1104,241
1105,167
1106,176
1107,250
1108,233
1109,225
1110,254
1111,234
1112,250
1113,237
1114,149
1115,221
1116,189
1117,149
1118,192
1119,191
1120,228
1121,154
1122,166
1123,194
1124,107
1125,243
1126,40
1127,180
1128,92
1129,205
1130,242
1131,256
1132,210
1133,241
1134,98
1135,210
1136,169
1137,162
1138,171
1139,143
1140,228
1141,239
1142,237
1143,131
1144,115
1145,167
1146,196
1147,195
1148,177
1149,178
1150,40
1151,247
1152,113
1153,205
1154,243
1155,145
1156,253
1157,239
1158,226
1159,246
1160,187
1161,227
1162,175
1163,228
1164,133
1165,173
1166,242
1167,186
1168,180
1169,152
1170,236
1171,194
1172,177
1173,211
1174,190
1175,238
1176,128
1177,221
1178,185
1179,247
1180,117
1181,146
1182,188
1183,226
1184,159
1185,241
1186,256
1187,36
1188,162
1189,222
1190,240
1191,233
1192,199
1193,251
1194,247
1195,231
1196,160
1197,186
1198,148
1199,62
1200,128
1201,255
1202,234
1203,229
1204,93
1205,231
1206,219
1207,218
1208,151
1209,238
1210,182
1211,184
1212,211
1213,77
1214,249
1215,0
1216,230
1217,0
1218,187
1219,244
1220,246
1221,152
1222,151
1223,214
1224,134
1225,119
1226,203
1227,184
1228,23
1229,166
1230,167
1231,165
1232,138
1233,239
1234,73
1235,86
1236,140
1237,118
1238,216
1239,245
1240,185
1241,214
1242,203
1243,210
1244,177
1245,86
1246,254
1247,243
1248,199
1249,213
1250,190
1251,201
1252,193
1253,245
1254,214
1255,210
1256,221
1257,150
1258,216
1259,245
1260,239
1261,241
1262,181
1263,253
1264,214
1265,178
1266,181
1267,204
1268,192
1269,239
1270,149
1271,222
1272,214
1273,235
1274,142
1275,183
1276,113
1277,227
1278,216
1279,178
1280,164
1281,192
1282,109
1283,194
1284,241
1285,28
1286,175
1287,84
1288,167
1289,219
1290,158
1291,76
1292,176
1293,105
1294,220
1295,171
1296,238
1297,240
1298,168
1299,252
1300,37
1301,235
1302,216
1303,181
1304,211
1305,98
1306,111
1307,196
1308,146
1309,174
1310,198
1311,173
1312,211
1313,165
1314,216
1315,256
1316,221
1317,199
1318,198
1319,123
1320,201
1321,115
1322,207
1323,241
1324,36
1325,147
1326,185
1327,251
1328,182
1329,222
1330,212
1331,193
1332,255
1333,217
1334,237
1335,169
1336,201
1337,131
1338,197
1339,191
1340,249
1341,254
1342,198
1343,206
1344,235
1345,221
1346,197
1347,254
1348,170
1349,183
1350,226
1351,233
1352,166
1353,230
1354,234
1355,75
1356,176
1357,142
1358,180
1359,125
1360,236
1361,248
1362,209
1363,173
1364,161
1365,176
1366,75
1367,238
1368,160
1369,233
1370,245
1371,175
1372,252
1373,184
1374,202
1375,212
1376,208
1377,213
1378,18
1379,177
1380,203
1381,190
1382,183
1383,232
1384,62
1385,160
1386,179
1387,201
1388,78
1389,247
1390,216
1391,198
1392,114
1393,231
1394,215
1395,221
1396,199
1397,237
1398,168
1399,228
1400,132
1401,219
1402,173
1403,158
1404,171
1405,163
1406,255
1407,0
1408,134
1409,131
1410,206
1411,228
1412,230
1413,226
1414,188
1415,230
1416,92
1417,228
1418,155
1419,47
1420,225
1421,217
1422,204
1423,256
1424,163
1425,187
1426,243
1427,144
1428,154
1429,188
1430,226
1431,126
1432,159
1433,229
1434,193
1435,178
1436,243
1437,240
1438,146
1439,221
1440,208
1441,243
1442,172
1443,252
1444,168
1445,250
1446,232
1447,219
1448,221
1449,192
1450,182
1451,161
1452,241
1453,140
1454,222
1455,221
1456,242
1457,180
1458,217
1459,201
1460,126
1461,191
1462,242
1463,210
1464,48
1465,222
1466,249
1467,218
1468,133
1469,205
1470,106
1471,244
1472,232
1473,219
1474,0
1475,210
1476,138
1477,215
1478,161
1479,213
1480,203
1481,36
1482,230
1483,104
1484,200
1485,200
1486,182
1487,251
1488,180
1489,221
1490,177
1491,250
1492,191
1493,252
1494,173
1495,239
1496,229
1497,197
1498,145
1499,198
1500,100
1501,217
1502,107
1503,159
1504,155
1505,128
1506,112
1507,227
1508,246
1509,185
1510,88
1511,238
1512,110
1513,155
1514,222
1515,171
1516,195
1517,198
1518,235
1519,200
1520,187
1521,222
1522,242
1523,249
1524,146
1525,222
1526,226
1527,179
1528,184
1529,191
1530,162
1531,225
1532,118
1533,11
1534,189
1535,199
1536,215
1537,160
1538,142
1539,235
1540,189
1541,248
1542,250
1543,218
1544,203
1545,149
1546,244
1547,168
1548,145
1549,143
1550,148
1551,125
1552,228
1553,214
1554,108
1555,229
1556,98
1557,196
1558,218
1559,174
1560,173
1561,175
1562,254
1563,161
1564,242
1565,111
1566,236
1567,235
1568,219
1569,169
1570,243
1571,240
1572,195
1573,215
1574,179
1575,201
1576,172
1577,237
1578,189
1579,238
1580,229
1581,237
1582,166
1583,201
1584,138
1585,153
1586,237
1587,235
1588,223
1589,209
1590,243
1591,191
1592,163
1593,178
1594,181
1595,233
1596,219
1597,154
1598,188
1599,162
1600,179
1601,186
1602,191
1603,205
1604,194
1605,243
1606,110
1607,225
1608,127
1609,200
1610,78
1611,230
1612,254
1613,202
1614,225
1615,180
1616,176
1617,162
1618,185
1619,226
1620,223
1621,101
1622,188
1623,201
1624,171
1625,191
1626,157
1627,199
1628,232
1629,147
1630,230
1631,239
1632,198
1633,213
1634,89
1635,205
1636,184
1637,204
1638,80
1639,162
1640,169
1641,212
1642,238
1643,121
1644,180
1645,253
1646,117
1647,225
1648,229
1649,194
1650,239
1651,207
1652,141
1653,197
1654,55
1655,242
1656,129
1657,218
1658,98
1659,159
1660,138
1661,249
1662,174
1663,137
1664,200
1665,240
1666,157
1667,176
1668,201
1669,130
1670,225
1671,133
1672,216
1673,93
1674,216
1675,205
1676,219
1677,222
1678,210
1679,51
1680,124
1681,222
1682,221
1683,166
1684,173
1685,192
1686,234
1687,230
1688,247
1689,207
1690,234
1691,81
1692,161
1693,143
1694,157
1695,73
1696,233
1697,170
1698,219
1699,206
1700,218
1701,252
1702,252
1703,243
1704,256
1705,194
1706,241
1707,256
1708,236
1709,237
1710,209
1711,224
1712,179
1713,163
1714,116
1715,174
1716,134
1717,188
1718,218
1719,195
1720,219
1721,177
1722,219
1723,65
1724,256
1725,222
1726,178
1727,225
1728,216
1729,233
1730,127
1731,190
1732,218
1733,79
1734,147
1735,36
1736,205
1737,250
1738,163
1739,244
1740,198
1741,126
1742,255
1743,187
1744,169
1745,134
1746,179
1747,201
1748,200
1749,152
1750,222
1751,189
1752,139
1753,216
1754,252
1755,211
1756,209
1757,172
1758,246
1759,214
1760,52
1761,33
1762,250
1763,197
1764,188
1765,73
1766,251
1767,188
1768,164
1769,227
1770,0
1771,214
1772,43
1773,165
1774,68
1775,177
1776,139
1777,233
1778,105
1779,175
1780,255
1781,103
1782,209
1783,206
1784,109
1785,183
1786,208
1787,239
1788,175
1789,249
1790,163
1791,22
1792,97
1793,185
1794,54
1795,118
1796,224
1797,85
1798,141
1799,181
1800,209
1801,197
1802,178
1803,109
1804,137
1805,167
1806,74
1807,124
1808,199
1809,121
1810,162
1811,201
1812,213
1813,215
1814,184
1815,177
1816,143
1817,96
1818,119
1819,238
1820,218
1821,140
1822,196
1823,241
1824,210
1825,210
1826,230
1827,184
1828,180
1829,75
1830,109
1831,189
1832,199
1833,246
1834,97
1835,184
1836,215
1837,187
1838,209
1839,165
1840,225
1841,187
1842,246
1843,159
1844,252
1845,0
1846,115
1847,218
1848,101
1849,181
1850,232
1851,82
1852,219
1853,200
1854,155
1855,191
1856,174
1857,217
1858,237
1859,181
1860,164
1861,196
1862,141
1863,181
1864,184
1865,214
1866,183
1867,253
1868,201
1869,233
1870,197
1871,185
1872,25
1873,198
1874,211
1875,237
1876,158
1877,187
1878,239
1879,158
1880,148
1881,90
1882,217
1883,170
1884,247
1885,98
1886,98
1887,244
1888,160
1889,146
1890,229
1891,141
1892,118
1893,225
1894,253
1895,211
1896,215
1897,207
1898,185
1899,180
1900,190
1901,243
1902,212
1903,196
1904,205
1905,188
1906,226
1907,221
1908,157
1909,120
1910,196
1911,213
1912,176
1913,104
1914,134
1915,164
1916,218
1917,202
1918,116
1919,164
1920,234
1921,219
1922,218
1923,205
1924,104
1925,196
1926,195
1927,166
1928,195
1929,195
1930,143
1931,255
1932,235
1933,223
1934,205
1935,240
1936,199
1937,205
1938,32
1939,177
1940,171
1941,228
1942,198
1943,163
1944,247
1945,182
1946,123
1947,201
1948,247
1949,72
1950,153
1951,151
1952,203
1953,66
1954,238
1955,118
1956,178
1957,226
1958,158
1959,138
1960,161
1961,129
1962,136
1963,138
1964,80
1965,162
1966,218
1967,187
1968,246
1969,255
1970,246
1971,253
1972,214
1973,112
1974,225
1975,103
1976,192
1977,231
1978,191
1979,244
1980,190
1981,230
1982,223
1983,229
1984,222
1985,121
1986,238
1987,197
1988,239
1989,206
1990,240
1991,174
1992,242
1993,179
1994,44
1995,207
1996,130
1997,193
1998,203
1999,189
2000,203
2001,210
2002,206
2003,223
2004,170
2005,181
2006,213
2007,228
2008,215
2009,222
2010,216
2011,233
2012,237
2013,223
2014,172
2015,143
2016,224
2017,209
2018,212
2019,231
2020,191
2021,233
2022,89
2023,213
2024,201
2025,245
2026,231
2027,117
2028,208
2029,100
2030,254
2031,231
2032,222
2033,237
2034,171
2035,223
2036,138
2037,154
2038,154
2039,205
2040,149
2041,224
2042,93
2043,163
2044,246
2045,114
2046,256
2047,247
2048,201
2049,174
2050,62
2051,157
2052,141
2053,207
2054,203
2055,229
2056,218
2057,228
2058,216
2059,213
2060,147
2061,221
2062,85
2063,0
2064,57
2065,242
2066,227
2067,106
2068,40
2069,104
2070,182
2071,219
2072,183
2073,227
2074,253
2075,245
2076,156
2077,148
2078,242
2079,125
2080,210
2081,234
2082,223
2083,201
2084,219
2085,105
2086,163
2087,178
2088,209
2089,233
2090,103
2091,254
2092,177
2093,233
2094,212
2095,195
2096,238
2097,187
2098,177
2099,146
2100,201
2101,239
2102,186
2103,158
2104,201
2105,91
2106,242
2107,219
2108,176
2109,242
2110,195
2111,214
2112,145
2113,174
2114,212
2115,233
2116,214
2117,245
2118,234
2119,247
2120,163
2121,61
2122,220
2123,152
2124,229
2125,222
2126,172
2127,169
2128,175
2129,163
2130,231
2131,147
2132,151
2133,167
2134,145
2135,194
2136,222
2137,119
2138,256
2139,209
2140,174
2141,227
2142,193
2143,227
2144,231
2145,227
2146,128
2147,171
2148,227
2149,213
2150,196
2151,254
2152,162
2153,213
2154,238
2155,243
2156,246
2157,209
2158,163
2159,164
2160,119
2161,191
2162,91
2163,232
2164,243
2165,131
2166,235
2167,173
2168,195
2169,252
2170,231
2171,178
2172,104
2173,163
2174,176
2175,154
2176,237
2177,251
2178,206
2179,212
2180,256
2181,173
2182,153
2183,139
2184,154
2185,195
2186,112
2187,0
2188,215
2189,212
2190,162
2191,221
2192,164
2193,64
2194,248
2195,127
2196,125
2197,229
2198,126
2199,143
2200,134
2201,200
2202,239
2203,49
2204,163
2205,174
2206,246
2207,170
2208,181
2209,154
2210,139
2211,241
2212,110
2213,159
2214,234
2215,256
2216,216
2217,236
2218,217
2219,155
2220,191
2221,238
2222,218
2223,173
2224,43
2225,225
2226,217
2227,115
2228,184
2229,144
2230,245
2231,230
2232,136
2233,161
2234,138
2235,244
2236,126
2237,246
2238,214
2239,154
2240,145
2241,192
2242,195
2243,213
2244,133
2245,190
2246,162
2247,211
2248,223
2249,148
2250,225
2251,255
2252,133
2253,214
2254,251
2255,221
2256,116
2257,220
2258,193
2259,44
2260,201
2261,193
2262,232
2263,86
2264,241
2265,45
2266,221
2267,220
2268,0
2269,154
2270,155
2271,48
2272,250
2273,167
2274,233
2275,95
2276,256
2277,238
2278,146
2279,178
2280,230
2281,136
2282,174
2283,113
2284,253
2285,230
2286,137
2287,219
2288,235
2289,232
2290,201
2291,203
2292,244
2293,75
2294,158
2295,174
2296,156
2297,155
2298,251
2299,229
2300,200
2301,197
2302,250
2303,241
2304,236
2305,237
2306,168
2307,152
2308,207
2309,209
2310,175
2311,143
2312,244
2313,217
2314,253
2315,256
2316,191
2317,12
2318,125
2319,214
2320,190
2321,225
2322,234
2323,246
2324,244
2325,208
2326,130
2327,230
2328,54
2329,190
2330,209
2331,154
2332,190
2333,186
2334,227
2335,164
2336,149
2337,231
2338,230
2339,169
2340,234
2341,186
2342,256
2343,200
2344,201
2345,216
2346,236
2347,216
2348,243
2349,199
2350,161
2351,242
2352,63
2353,116
2354,172
2355,236
2356,222
2357,206
2358,209
2359,60
2360,223
2361,116
2362,100
2363,229
2364,217
2365,181
2366,164
2367,247
2368,126
2369,142
2370,245
2371,216
2372,148
2373,245
2374,230
2375,228
2376,226
2377,0
2378,255
2379,247
2380,208
2381,190
2382,114
2383,235
2384,232
2385,217
2386,168
2387,215
2388,218
2389,166
2390,235
2391,114
2392,178
2393,202
2394,130
2395,124
2396,167
2397,246
2398,166
2399,231
