0,12
1,242
2,229
3,197
4,208
5,140
6,203
7,119
8,213
9,128
10,139
11,196
12,236
13,233
14,243
15,161
16,159
17,222
18,143
19,123
20,119
21,157
22,170
23,204
24,31
25,110
26,181
27,146
28,156
29,226
30,229
31,144
32,176
33,173
34,114
35,27
36,237
37,177
38,227
39,243
40,161
41,233
42,171
43,120
44,158
45,233
46,225
47,207
48,174
49,86
50,205
51,178
52,242
53,245
54,209
55,153
56,197
57,155
58,177
59,147
60,124
61,197
62,141
63,209
64,206
65,132
66,227
67,171
68,136
69,130
70,118
71,200
72,210
73,215
74,130
75,151
76,121
77,175
78,170
79,217
80,220
81,155
82,197
83,195
84,191
85,166
86,196
87,248
88,215
89,204
90,202
91,163
92,127
93,233
94,173
95,183
96,142
97,154
98,214
99,228
100,187
101,239
102,207
103,232
104,94
105,144
106,194
107,182
108,170
109,98
110,229
111,214
112,217
113,59
114,209
115,201
116,134
117,166
118,217
119,209
120,202
121,25
122,198
123,229
124,205
125,166
126,176
127,199
128,198
129,153
130,177
131,190
132,212
133,75
134,189
135,182
136,92
137,218
138,194
139,209
140,146
141,203
142,83
143,192
144,209
145,175
146,192
147,205
148,113
149,216
150,123
151,135
152,172
153,174
154,161
155,228
156,244
157,127
158,216
159,193
160,210
161,182
162,128
163,160
164,224
165,229
166,197
167,219
168,174
169,232
170,212
171,157
172,152
173,239
174,169
175,153
176,174
177,85
178,152
179,199
180,177
181,174
182,115
183,67
184,201
185,192
186,170
187,226
188,89
189,180
190,99
191,241
192,170
193,123
194,153
195,214
196,179
197,224
198,241
199,175
200,144
201,221
202,224
203,175
204,194
205,208
206,203
207,190
208,214
209,216
210,153
211,216
212,209
213,218
214,223
215,197
216,218
217,79
218,182
219,210
220,214
221,178
222,246
223,178
224,193
225,222
226,162
227,243
228,215
229,217
230,125
231,208
232,150
233,137
234,145
235,90
236,195
237,128
238,163
239,231
240,160
241,133
242,239
243,207
244,187
245,221
246,194
247,55
248,218
249,169
250,155
251,190
252,203
253,137
254,203
255,135
256,225
257,165
258,201
259,239
260,229
261,129
262,194
263,203
264,168
265,187
266,98
267,191
268,176
269,209
270,241
271,97
272,127
273,155
274,150
275,216
276,184
277,174
278,162
279,138
280,100
281,228
282,117
283,171
284,190
285,101
286,128
287,140
288,204
289,187
290,226
291,232
292,232
293,205
294,175
295,236
296,168
297,182
298,205
299,219
300,198
301,165
302,216
303,184
304,202
305,235
306,239
307,149
308,214
309,180
310,223
311,166
312,180
313,124
314,150
315,111
316,207
317,220
318,185
319,67
320,151
321,119
322,211
323,233
324,230
325,181
326,221
327,238
328,231
329,143
330,155
331,190
332,246
333,216
334,229
335,200
336,159
337,210
338,175
339,191
340,243
341,125
342,62
343,153
344,143
345,143
346,180
347,154
348,247
349,186
350,250
351,198
352,123
353,131
354,211
355,203
356,197
357,163
358,209
359,196
360,164
361,154
362,206
363,148
364,155
365,206
366,81
367,204
368,234
369,194
370,224
371,206
372,243
373,157
374,158
375,139
376,171
377,170
378,151
379,170
380,181
381,158
382,122
383,153
384,226
385,157
386,120
387,228
388,133
389,240
390,194
391,189
392,229
393,125
394,155
395,242
396,233
397,217
398,243
399,111
400,182
401,101
402,244
403,243
404,191
405,133
406,80
407,173
408,199
409,234
410,240
411,231
412,214
413,147
414,100
415,204
416,241
417,249
418,167
419,183
420,175
421,95
422,179
423,135
424,212
425,231
426,114
427,230
428,191
429,146
430,238
431,227
432,113
433,195
434,168
435,129
436,167
437,213
438,218
439,189
440,149
441,224
442,140
443,99
444,208
445,129
446,192
447,184
448,222
449,212
450,220
451,167
452,242
453,142
454,231
455,166
456,216
457,225
458,227
459,208
460,235
461,161
462,167
463,231
464,244
465,134
466,147
467,188
468,194
469,246
470,163
471,230
472,158
473,115
474,184
475,141
476,242
477,191
478,176
479,244
480,189
481,170
482,219
483,216
484,89
485,230
486,115
487,230
488,249
489,118
490,226
491,233
492,147
493,219
494,122
495,250
496,224
497,234
498,167
499,170
500,229
501,241
502,231
503,237
504,176
505,207
506,214
507,196
508,213
509,207
510,138
511,236
512,216
513,140
514,173
515,245
516,229
517,165
518,229
519,237
520,224
521,166
522,147
523,243
524,186
525,243
526,199
527,177
528,216
529,209
530,240
531,226
532,137
533,231
534,217
535,217
536,230
537,141
538,241
539,213
540,210
541,198
542,137
543,210
544,236
545,180
546,166
547,235
548,213
549,199
550,142
551,200
552,191
553,182
554,246
555,222
556,147
557,219
558,152
559,232
560,228
561,247
562,181
563,226
564,161
565,203
566,152
567,233
568,226
569,200
570,218
571,231
572,201
573,223
574,237
575,159
576,221
577,246
578,199
579,241
580,226
581,246
582,214
583,171
584,200
585,159
586,203
587,184
588,187
589,230
590,218
591,159
592,208
593,160
594,138
595,158
596,210
597,240
598,149
599,121
600,151
601,243
602,112
603,124
604,123
605,232
606,155
607,166
608,200
609,118
610,159
611,197
612,207
613,83
614,236
615,133
616,92
617,185
618,236
619,191
620,50
621,196
622,232
623,174
624,161
625,201
626,181
627,224
628,232
629,160
630,227
631,229
632,135
633,157
634,215
635,218
636,236
637,172
638,174
639,139
640,212
641,178
642,237
643,191
644,212
645,162
646,241
647,198
648,212
649,76
650,145
651,223
652,210
653,228
654,205
655,201
656,155
657,219
658,200
659,228
660,134
661,224
662,183
663,180
664,196
665,207
666,230
667,221
668,134
669,213
670,121
671,163
672,193
673,187
674,242
675,208
676,203
677,181
678,154
679,160
680,215
681,162
682,180
683,220
684,227
685,209
686,145
687,230
688,222
689,197
690,100
691,221
692,83
693,247
694,239
695,191
696,135
697,206
698,144
699,153
700,131
701,236
702,237
703,244
704,168
705,214
706,101
707,181
708,159
709,241
710,150
711,230
712,144
713,231
714,174
715,158
716,163
717,249
718,199
719,101
720,209
721,194
722,164
723,77
724,188
725,135
726,208
727,111
728,128
729,217
730,210
731,116
732,177
733,186
734,237
735,190
736,216
737,187
738,188
739,93
740,204
741,223
742,140
743,244
744,228
745,112
746,206
747,135
748,164
749,198
750,122
751,205
752,209
753,195
754,197
755,222
756,201
757,219
758,238
759,164
760,179
761,252
762,247
763,223
764,229
765,220
766,238
767,171
768,205
769,194
770,233
771,98
772,251
773,195
774,132
775,237
776,200
777,242
778,203
779,243
780,173
781,232
782,105
783,208
784,141
785,192
786,52
787,181
788,133
789,222
790,195
791,142
792,110
793,212
794,236
795,114
796,123
797,241
798,146
799,128
800,223
801,161
802,195
803,240
804,246
805,167
806,160
807,209
808,212
809,189
810,209
811,212
812,185
813,140
814,207
815,207
816,141
817,148
818,235
819,191
820,170
821,186
822,224
823,201
824,197
825,192
826,225
827,160
828,243
829,213
830,199
831,203
832,173
833,219
834,171
835,172
836,193
837,169
838,249
839,229
840,135
841,130
842,180
843,216
844,143
845,138
846,163
847,241
848,202
849,219
850,221
851,51
852,154
853,153
854,195
855,153
856,205
857,245
858,154
859,226
860,217
861,171
862,203
863,167
864,200
865,232
866,230
867,243
868,242
869,243
870,190
871,227
872,220
873,197
874,160
875,229
876,175
877,197
878,192
879,181
880,80
881,197
882,202
883,171
884,198
885,148
886,228
887,244
888,181
889,241
890,216
891,98
892,102
893,210
894,197
895,181
896,183
897,83
898,198
899,213
900,182
901,150
902,201
903,210
904,229
905,148
906,202
907,156
908,179
909,161
910,134
911,217
912,121
913,214
914,147
915,241
916,203
917,181
918,184
919,80
920,182
921,181
922,169
923,211
924,213
925,176
926,152
927,217
928,159
929,212
930,136
931,137
932,180
933,223
934,213
935,198
936,181
937,230
938,202
939,148
940,166
941,225
942,185
943,181
944,213
945,143
946,202
947,136
948,217
949,167
950,152
951,151
952,217
953,241
954,198
955,243
956,206
957,211
958,186
959,105
960,205
961,235
962,131
963,224
964,193
965,141
966,163
967,188
968,165
969,231
970,229
971,188
972,196
973,65
974,196
975,181
976,205
977,122
978,224
979,242
980,208
981,220
982,192
983,185
984,158
985,238
986,196
987,232
988,239
989,168
990,244
991,145
992,186
993,213
994,221
995,208
996,198
997,244
998,162
999,220
1000,216
1001,157
1002,183
1003,245
1004,220
1005,229
1006,185
1007,213
1008,205
1009,190
1010,233
1011,197
1012,182
1013,204
1014,205
1015,226
1016,179
1017,198
1018,218
1019,246
1020,215
1021,248
1022,67
1023,174
1024,164
1025,220
1026,202
1027,98
1028,194
1029,191
1030,238
1031,172
1032,128
1033,157
1034,203
1035,206
1036,229
1037,192
1038,237
1039,193
1040,190
1041,141
1042,208
1043,155
1044,151
1045,228
1046,189
1047,183
1048,233
1049,125
1050,197
1051,203
1052,225
1053,191
1054,168
1055,201
1056,241
1057,211
1058,171
1059,218
1060,228
1061,173
1062,202
1063,182
1064,233
1065,218
1066,174
1067,230
1068,245
1069,208
1070,234
1071,209
1072,132
1073,227
1074,241
1075,214
1076,224
1077,197
1078,178
1079,193
1080,223
1081,142
1082,175
1083,149
1084,216
1085,224
1086,200
1087,142
1088,206
1089,180
1090,228
1091,186
1092,230
1093,187
1094,210
1095,235
1096,149
1097,209
1098,210
1099,220
1100,206
1101,225
1102,234
1103,224
1104,175
1105,215
1106,220
1107,140
1108,229
1109,216
1110,189
1111,183
1112,204
1113,212
1114,227
1115,179
1116,229
1117,160
1118,195
1119,180
1120,228
1121,210
1122,172
1123,166
1124,180
1125,172
1126,246
1127,231
1128,183
1129,205
1130,203
1131,240
1132,170
1133,238
1134,168
1135,204
1136,219
1137,202
1138,249
1139,199
1140,247
1141,196
1142,200
1143,147
1144,130
1145,183
1146,38
1147,251
1148,161
1149,211
1150,124
1151,233
1152,189
1153,202
1154,185
1155,196
1156,198
1157,224
1158,199
1159,235
1160,193
1161,237
1162,99
1163,249
1164,168
1165,243
1166,164
1167,223
1168,236
1169,223
1170,183
1171,187
1172,223
1173,190
1174,241
1175,248
1176,220
1177,181
1178,248
1179,126
1180,200
1181,165
1182,143
1183,158
1184,220
1185,235
1186,220
1187,210
1188,107
1189,203
1190,221
1191,132
1192,248
1193,218
1194,226
1195,248
1196,191
1197,191
1198,161
1199,236
1200,167
1201,247
1202,116
1203,214
1204,186
1205,161
1206,140
1207,168
1208,73
1209,204
1210,176
1211,206
1212,214
1213,200
1214,56
1215,132
1216,120
1217,183
1218,121
1219,250
1220,203
1221,203
1222,59
1223,118
1224,174
1225,88
1226,239
1227,115
1228,164
1229,234
1230,134
1231,54
1232,166
1233,162
1234,124
1235,179
1236,200
1237,184
1238,168
1239,217
1240,213
1241,130
1242,106
1243,222
1244,232
1245,249
1246,196
1247,149
1248,241
1249,166
1250,226
1251,169
1252,175
1253,179
1254,79
1255,99
1256,178
1257,241
1258,166
1259,161
1260,164
1261,211
1262,47
1263,247
1264,174
1265,188
1266,73
1267,105
1268,239
1269,174
1270,228
1271,191
1272,179
1273,224
1274,244
1275,220
1276,157
1277,91
1278,189
1279,250
1280,191
1281,183
1282,232
1283,181
1284,131
1285,66
1286,177
1287,0
1288,152
1289,169
1290,234
1291,224
1292,103
1293,192
1294,134
1295,155
1296,243
1297,64
1298,169
1299,80
1300,247
1301,152
1302,237
1303,212
1304,192
1305,229
1306,212
1307,229
1308,66
1309,155
1310,141
1311,168
1312,46
1313,215
1314,235
1315,226
1316,70
1317,178
1318,118
1319,201
1320,79
1321,78
1322,156
1323,241
1324,83
1325,139
1326,107
1327,78
1328,148
1329,214
1330,188
1331,105
1332,100
1333,133
1334,193
1335,131
1336,110
1337,151
1338,52
1339,217
1340,112
1341,210
1342,217
1343,182
1344,74
1345,84
1346,247
1347,40
1348,213
1349,170
1350,233
1351,6
1352,196
1353,0
1354,222
1355,123
1356,230
1357,224
1358,182
1359,151
1360,228
1361,103
1362,155
1363,21
1364,244
1365,244
1366,149
1367,170
1368,149
1369,130
1370,221
1371,207
1372,99
1373,112
1374,239
1375,245
1376,128
1377,201
1378,189
1379,227
1380,199
1381,82
1382,222
1383,233
1384,221
1385,0
1386,240
1387,218
1388,53
1389,37
1390,19
1391,220
1392,162
1393,205
1394,195
1395,89
1396,146
1397,114
1398,201
1399,187
1400,177
1401,206
1402,131
1403,213
1404,231
1405,138
1406,203
1407,144
1408,141
1409,209
1410,182
1411,207
1412,219
1413,199
1414,233
1415,107
1416,179
1417,138
1418,240
1419,190
1420,162
1421,224
1422,246
1423,131
1424,146
1425,242
1426,95
1427,119
1428,222
1429,200
1430,103
1431,172
1432,215
1433,108
1434,180
1435,240
1436,146
1437,138
1438,237
1439,242
1440,231
1441,98
1442,144
1443,240
1444,196
1445,220
1446,143
1447,163
1448,180
1449,126
1450,42
1451,184
1452,204
1453,104
1454,236
1455,248
1456,190
1457,145
1458,174
1459,153
1460,203
1461,232
1462,31
1463,166
1464,72
1465,213
1466,198
1467,225
1468,226
1469,166
1470,119
1471,213
1472,131
1473,178
1474,209
1475,207
1476,198
1477,73
1478,221
1479,155
1480,146
1481,150
1482,244
1483,226
1484,225
1485,146
1486,246
1487,178
1488,243
1489,233
1490,196
1491,50
1492,234
1493,227
1494,250
1495,232
1496,248
1497,219
1498,217
1499,145
1500,138
1501,183
1502,201
1503,157
1504,140
1505,151
1506,112
1507,81
1508,194
1509,191
1510,141
1511,189
1512,162
1513,56
1514,136
1515,236
1516,198
1517,219
1518,230
1519,121
1520,186
1521,236
1522,178
1523,66
1524,100
1525,222
1526,193
1527,210
1528,191
1529,229
1530,155
1531,122
1532,173
1533,238
1534,154
1535,96
1536,135
1537,165
1538,151
1539,229
1540,182
1541,238
1542,55
1543,214
1544,148
1545,78
1546,178
1547,165
1548,89
1549,178
1550,46
1551,83
1552,176
1553,201
1554,100
1555,169
1556,113
1557,219
1558,182
1559,174
1560,228
1561,108
1562,243
1563,163
1564,125
1565,159
1566,90
1567,190
1568,240
1569,55
1570,186
1571,165
1572,245
1573,237
1574,210
1575,248
1576,117
1577,122
1578,88
1579,228
1580,217
1581,188
1582,118
1583,234
1584,180
1585,208
1586,213
1587,133
1588,177
1589,128
1590,228
1591,228
1592,209
1593,206
1594,166
1595,19
1596,156
1597,150
1598,85
1599,117
1600,220
1601,202
1602,153
1603,164
1604,239
1605,224
1606,196
1607,156
1608,235
1609,190
1610,252
1611,149
1612,201
1613,220
1614,170
1615,182
1616,233
1617,185
1618,184
1619,176
1620,134
1621,215
1622,237
1623,165
1624,207
1625,203
1626,109
1627,104
1628,232
1629,155
1630,157
1631,220
1632,204
1633,205
1634,192
1635,235
1636,201
1637,232
1638,90
1639,212
1640,210
1641,175
1642,177
1643,187
1644,227
1645,215
1646,222
1647,253
1648,254
1649,249
1650,228
1651,243
1652,180
1653,143
1654,135
1655,249
1656,186
1657,181
1658,248
1659,222
1660,233
1661,174
1662,204
1663,218
1664,157
1665,248
1666,170
1667,188
1668,137
1669,159
1670,201
1671,202
1672,249
1673,255
1674,201
1675,246
1676,218
1677,232
1678,178
1679,107
1680,226
1681,178
1682,227
1683,224
1684,175
1685,232
1686,183
1687,220
1688,240
1689,160
1690,118
1691,139
1692,222
1693,198
1694,127
1695,181
1696,200
1697,0
1698,219
1699,249
1700,156
1701,222
1702,135
1703,230
1704,235
1705,208
1706,226
1707,150
1708,183
1709,229
1710,202
1711,226
1712,153
1713,166
1714,72
1715,223
1716,234
1717,194
1718,118
1719,225
1720,142
1721,138
1722,181
1723,38
1724,79
1725,188
1726,236
1727,165
1728,166
1729,136
1730,128
1731,233
1732,155
1733,209
1734,166
1735,205
1736,142
1737,143
1738,204
1739,228
1740,117
1741,134
1742,148
1743,233
1744,248
1745,141
1746,158
1747,134
1748,181
1749,195
1750,78
1751,150
1752,146
1753,88
1754,191
1755,211
1756,224
1757,155
1758,229
1759,185
1760,72
1761,97
1762,223
1763,140
1764,216
1765,146
1766,173
1767,157
1768,231
1769,142
1770,201
1771,144
1772,127
1773,156
1774,131
1775,247
1776,243
1777,176
1778,120
1779,181
1780,215
1781,188
1782,67
1783,61
1784,198
1785,160
1786,73
1787,219
1788,206
1789,108
1790,240
1791,249
1792,213
1793,114
1794,204
1795,234
1796,152
1797,191
1798,228
1799,215
1800,174
1801,229
1802,230
1803,136
1804,226
1805,226
1806,176
1807,209
1808,209
1809,231
1810,208
1811,215
1812,135
1813,249
1814,135
1815,184
1816,215
1817,180
1818,163
1819,56
1820,143
1821,212
1822,184
1823,145
1824,202
1825,166
1826,164
1827,206
1828,200
1829,234
1830,225
1831,237
1832,213
1833,173
1834,122
1835,202
1836,166
1837,138
1838,240
1839,208
1840,220
1841,227
1842,203
1843,152
1844,148
1845,135
1846,101
1847,163
1848,225
1849,124
1850,177
1851,193
1852,214
1853,121
1854,182
1855,131
1856,192
1857,243
1858,196
1859,217
1860,226
1861,138
1862,131
1863,233
1864,246
1865,125
1866,220
1867,243
1868,83
1869,249
1870,232
1871,229
1872,184
1873,212
1874,222
1875,221
1876,145
1877,206
1878,203
1879,183
1880,244
1881,174
1882,246
1883,222
1884,161
1885,218
1886,191
1887,119
1888,177
1889,164
1890,236
1891,129
1892,252
1893,239
1894,201
1895,248
1896,74
1897,205
1898,193
1899,171
1900,167
1901,234
1902,166
1903,196
1904,172
1905,216
1906,67
1907,188
1908,236
1909,185
1910,183
1911,249
1912,204
1913,90
1914,30
1915,241
1916,227
1917,235
1918,236
1919,128
1920,209
1921,181
1922,249
1923,208
1924,130
1925,158
1926,216
1927,126
1928,105
1929,159
1930,96
1931,75
1932,248
1933,168
1934,138
1935,254
1936,206
1937,170
1938,189
1939,136
1940,111
1941,241
1942,247
1943,182
1944,122
1945,124
1946,215
1947,226
1948,230
1949,231
1950,195
1951,204
1952,223
1953,173
1954,108
1955,84
1956,207
1957,180
1958,208
1959,206
1960,219
1961,145
1962,72
1963,168
1964,81
1965,212
1966,232
1967,185
1968,206
1969,247
1970,97
1971,181
1972,231
1973,116
1974,201
1975,200
1976,163
1977,185
1978,204
1979,184
1980,161
1981,244
1982,236
1983,222
1984,181
1985,208
1986,215
1987,254
1988,228
1989,245
1990,157
1991,129
1992,237
1993,222
1994,158
1995,229
1996,49
1997,141
1998,233
1999,204
2000,156
2001,93
2002,101
2003,101
2004,201
2005,182
2006,205
2007,243
2008,100
2009,48
2010,246
2011,146
2012,232
2013,229
2014,150
2015,132
2016,170
2017,249
2018,192
2019,224
2020,244
2021,123
2022,198
2023,247
2024,187
2025,114
2026,206
2027,203
2028,160
2029,44
2030,228
2031,213
2032,76
2033,219
2034,103
2035,199
2036,230
2037,172
2038,242
2039,176
2040,196
2041,137
2042,155
2043,243
2044,142
2045,69
2046,234
2047,75
2048,137
2049,135
2050,206
2051,108
2052,155
2053,147
2054,235
2055,235
2056,32
2057,163
2058,197
2059,234
2060,179
2061,149
2062,142
2063,142
2064,200
2065,192
2066,232
2067,130
2068,115
2069,85
2070,198
2071,243
2072,87
2073,220
2074,214
2075,224
2076,226
2077,203
2078,177
2079,168
2080,208
2081,163
2082,142
2083,203
2084,223
2085,142
2086,164
2087,197
2088,251
2089,227
2090,188
2091,104
2092,240
2093,124
2094,168
2095,236
2096,163
2097,184
2098,165
2099,146
2100,2
2101,200
2102,166
2103,161
2104,207
2105,191
2106,194
2107,114
2108,181
2109,144
2110,229
2111,40
2112,209
2113,11
2114,52
2115,221
2116,0
2117,152
2118,177
2119,233
2120,187
2121,205
2122,100
2123,145
2124,246
2125,28
2126,179
2127,233
2128,224
2129,72
2130,180
2131,236
2132,13
2133,216
2134,148
2135,0
2136,210
2137,72
2138,174
2139,0
2140,108
2141,118
2142,180
2143,214
2144,118
2145,180
2146,93
2147,241
2148,62
2149,117
2150,42
2151,195
2152,127
2153,138
2154,219
2155,198
2156,174
2157,189
2158,211
2159,198
2160,93
2161,92
2162,173
2163,168
2164,167
2165,235
2166,165
2167,15
2168,1
2169,241
2170,239
2171,83
2172,216
2173,192
2174,203
2175,190
2176,155
2177,220
2178,122
2179,239
2180,129
2181,237
2182,0
2183,156
2184,65
2185,217
2186,143
2187,228
2188,233
2189,84
2190,210
2191,1
2192,217
2193,108
2194,207
2195,94
2196,205
2197,108
2198,222
2199,178
2200,204
2201,24
2202,220
2203,147
2204,81
2205,237
2206,107
2207,136
2208,161
2209,86
2210,103
2211,177
2212,148
2213,77
2214,168
2215,212
2216,209
2217,140
2218,60
2219,96
2220,159
2221,134
2222,202
2223,218
2224,138
2225,200
2226,210
2227,87
2228,176
2229,210
2230,249
2231,116
2232,153
2233,228
2234,233
2235,203
2236,140
2237,163
2238,175
2239,207
2240,142
2241,245
2242,190
2243,203
2244,244
2245,202
2246,187
2247,148
2248,0
2249,123
2250,158
2251,196
2252,222
2253,124
2254,171
2255,188
2256,168
2257,100
2258,188
2259,93
2260,187
2261,201
2262,202
2263,209
2264,239
2265,178
2266,161
2267,211
2268,232
2269,97
2270,89
2271,233
2272,183
2273,211
2274,184
2275,211
2276,155
2277,107
2278,14
2279,109
2280,160
2281,157
2282,166
2283,154
2284,51
2285,250
2286,109
2287,190
2288,244
2289,203
2290,168
2291,203
2292,58
2293,169
2294,121
2295,243
2296,139
2297,194
2298,227
2299,111
2300,199
2301,140
2302,204
2303,243
2304,170
2305,133
2306,0
2307,42
2308,221
2309,187
2310,210
2311,155
2312,215
2313,230
2314,0
2315,139
2316,55
2317,86
2318,250
2319,129
2320,236
2321,174
2322,136
2323,188
2324,194
2325,219
2326,140
2327,237
2328,163
2329,241
2330,139
2331,183
2332,205
2333,200
2334,177
2335,230
2336,79
2337,108
2338,125
2339,74
2340,206
2341,198
2342,156
2343,164
2344,227
2345,224
2346,167
2347,183
2348,211
2349,218
2350,180
2351,125
2352,203
2353,160
2354,196
2355,193
2356,175
2357,167
2358,209
2359,200
2360,179
2361,178
2362,199
2363,67
2364,222
2365,143
2366,245
2367,88
2368,201
2369,237
2370,186
2371,112
2372,239
2373,200
2374,17
2375,135
2376,211
2377,107
2378,98
2379,241
2380,166
2381,141
2382,161
2383,226
2384,0
2385,164
2386,200
2387,214
2388,139
2389,99
2390,216
2391,208
2392,91
2393,77
2394,92
2395,183
2396,216
2397,134
2398,213
2399,209
