0,162
1,200
2,182
3,214
4,196
5,118
6,195
7,235
8,228
9,149
10,146
11,223
12,219
13,169
14,227
15,163
16,214
17,214
18,241
19,235
20,244
21,127
22,167
23,201
24,243
25,225
26,31
27,27
28,229
29,169
30,77
31,169
32,178
33,238
34,228
35,231
36,239
37,221
38,207
39,236
40,206
41,248
42,200
43,77
44,224
45,210
46,161
47,237
48,147
49,197
50,183
51,223
52,63
53,217
54,209
55,210
56,153
57,182
58,201
59,253
60,236
61,166
62,189
63,228
64,200
65,220
66,247
67,239
68,175
69,161
70,191
71,223
72,177
73,229
74,241
75,116
76,231
77,8
78,211
79,227
80,238
81,237
82,129
83,177
84,209
85,205
86,176
87,206
88,155
89,203
90,205
91,244
92,188
93,146
94,89
95,220
96,239
97,164
98,246
99,187
100,256
101,250
102,191
103,97
104,244
105,215
106,203
107,221
108,170
109,0
110,176
111,191
112,206
113,236
114,245
115,222
116,231
117,223
118,226
119,235
120,179
121,215
122,150
123,47
124,198
125,206
126,225
127,124
128,226
129,152
130,156
131,212
132,222
133,243
134,163
135,211
136,131
137,161
138,91
139,165
140,253
141,231
142,228
143,129
144,193
145,174
146,200
147,177
148,200
149,201
150,94
151,223
152,236
153,193
154,167
155,229
156,244
157,152
158,61
159,113
160,221
161,183
162,221
163,159
164,235
165,17
166,124
167,175
168,153
169,251
170,214
171,143
172,220
173,105
174,240
175,191
176,220
177,208
178,233
179,0
180,141
181,56
182,206
183,212
184,195
185,212
186,225
187,167
188,142
189,233
190,246
191,212
192,106
193,250
194,201
195,243
196,129
197,193
198,149
199,194
200,183
201,212
202,198
203,158
204,253
205,165
206,191
207,216
208,223
209,142
210,151
211,226
212,243
213,233
214,107
215,187
216,217
217,191
218,219
219,174
220,118
221,229
222,189
223,75
224,222
225,253
226,245
227,186
228,224
229,226
230,170
231,163
232,232
233,216
234,198
235,209
236,145
237,203
238,165
239,215
240,229
241,167
242,242
243,176
244,234
245,221
246,230
247,251
248,204
249,207
250,174
251,137
252,192
253,180
254,213
255,246
256,254
257,214
258,187
259,178
260,138
261,200
262,231
263,68
264,206
265,228
266,154
267,168
268,223
269,166
270,184
271,209
272,200
273,252
274,207
275,206
276,232
277,98
278,250
279,186
280,102
281,220
282,229
283,224
284,154
285,224
286,190
287,217
288,214
289,201
290,169
291,224
292,168
293,99
294,185
295,155
296,119
297,98
298,56
299,207
300,176
301,194
302,244
303,152
304,224
305,221
306,160
307,210
308,216
309,250
310,226
311,168
312,186
313,247
314,251
315,191
316,119
317,183
318,243
319,167
320,217
321,77
322,167
323,211
324,196
325,225
326,132
327,239
328,212
329,54
330,235
331,250
332,120
333,217
334,223
335,220
336,193
337,212
338,227
339,113
340,104
341,248
342,239
343,205
344,180
345,188
346,145
347,144
348,64
349,76
350,108
351,188
352,138
353,161
354,205
355,215
356,197
357,218
358,219
359,136
360,214
361,188
362,209
363,178
364,226
365,206
366,202
367,237
368,241
369,107
370,168
371,200
372,157
373,173
374,250
375,156
376,211
377,234
378,133
379,230
380,192
381,122
382,126
383,226
384,180
385,252
386,191
387,84
388,165
389,228
390,243
391,200
392,240
393,123
394,149
395,0
396,223
397,213
398,168
399,234
400,100
401,190
402,215
403,181
404,174
405,204
406,227
407,61
408,197
409,220
410,198
411,133
412,227
413,250
414,201
415,118
416,129
417,65
418,221
419,128
420,228
421,173
422,212
423,246
424,204
425,239
426,229
427,75
428,121
429,186
430,231
431,235
432,216
433,244
434,197
435,158
436,160
437,229
438,185
439,226
440,200
441,150
442,209
443,184
444,178
445,164
446,0
447,216
448,126
449,225
450,78
451,188
452,195
453,179
454,244
455,220
456,203
457,245
458,208
459,252
460,235
461,242
462,250
463,185
464,227
465,155
466,174
467,174
468,109
469,153
470,79
471,209
472,203
473,139
474,183
475,241
476,210
477,160
478,224
479,112
480,179
481,249
482,246
483,244
484,127
485,161
486,220
487,45
488,161
489,231
490,176
491,146
492,211
493,2
494,168
495,162
496,234
497,234
498,234
499,233
500,212
501,171
502,249
503,246
504,158
505,236
506,120
507,197
508,163
509,49
510,238
511,228
512,220
513,251
514,173
515,239
516,175
517,167
518,112
519,222
520,22
521,222
522,186
523,107
524,192
525,214
526,209
527,232
528,220
529,206
530,183
531,207
532,110
533,192
534,251
535,105
536,230
537,224
538,160
539,86
540,182
541,243
542,205
543,202
544,225
545,146
546,188
547,168
548,72
549,256
550,175
551,149
552,226
553,146
554,87
555,205
556,0
557,235
558,122
559,183
560,170
561,201
562,189
563,137
564,214
565,183
566,250
567,254
568,218
569,244
570,214
571,139
572,218
573,233
574,200
575,193
576,220
577,160
578,228
579,254
580,174
581,96
582,222
583,250
584,241
585,131
586,189
587,214
588,208
589,91
590,227
591,230
592,252
593,133
594,182
595,237
596,243
597,248
598,162
599,238
600,166
601,201
602,123
603,224
604,177
605,147
606,182
607,177
608,215
609,113
610,226
611,249
612,189
613,249
614,65
615,251
616,138
617,138
618,114
619,96
620,197
621,207
622,125
623,232
624,174
625,206
626,219
627,200
628,211
629,173
630,207
631,210
632,235
633,203
634,209
635,189
636,160
637,89
638,76
639,222
640,98
641,147
642,185
643,116
644,232
645,225
646,238
647,219
648,178
649,185
650,177
651,250
652,111
653,140
654,0
655,197
656,111
657,251
658,243
659,96
660,219
661,204
662,175
663,188
664,229
665,107
666,237
667,101
668,213
669,95
670,206
671,211
672,0
673,244
674,196
675,226
676,166
677,150
678,199
679,224
680,244
681,142
682,248
683,153
684,205
685,230
686,145
687,208
688,194
689,25
690,236
691,222
692,198
693,204
694,175
695,220
696,116
697,239
698,0
699,149
700,218
701,234
702,139
703,254
704,196
705,216
706,112
707,246
708,50
709,161
710,246
711,251
712,245
713,221
714,129
715,192
716,188
717,218
718,148
719,107
720,139
721,228
722,89
723,225
724,230
725,153
726,147
727,252
728,33
729,207
730,196
731,0
732,225
733,79
734,239
735,136
736,186
737,216
738,216
739,198
740,234
741,222
742,130
743,79
744,184
745,176
746,103
747,254
748,205
749,241
750,202
751,46
752,199
753,151
754,249
755,55
756,230
757,214
758,204
759,237
760,190
761,115
762,220
763,232
764,179
765,243
766,156
767,202
768,179
769,219
770,175
771,218
772,142
773,231
774,196
775,134
776,197
777,241
778,183
779,55
780,206
781,193
782,96
783,239
784,216
785,248
786,237
787,104
788,100
789,233
790,251
791,88
792,178
793,236
794,205
795,213
796,128
797,179
798,226
799,256
800,141
801,246
802,210
803,177
804,179
805,210
806,248
807,198
808,243
809,219
810,236
811,49
812,184
813,233
814,198
815,208
816,208
817,148
818,67
819,208
820,253
821,218
822,0
823,226
824,222
825,212
826,196
827,237
828,217
829,241
830,169
831,190
832,218
833,126
834,205
835,139
836,146
837,134
838,159
839,162
840,234
841,235
842,234
843,223
844,191
845,236
846,99
847,195
848,237
849,181
850,209
851,206
852,154
853,248
854,168
855,157
856,113
857,239
858,188
859,152
860,236
861,189
862,182
863,229
864,153
865,135
866,217
867,242
868,177
869,226
870,174
871,232
872,211
873,200
874,243
875,238
876,211
877,223
878,190
879,189
880,239
881,150
882,0
883,219
884,159
885,221
886,163
887,224
888,213
889,156
890,249
891,220
892,204
893,189
894,193
895,252
896,237
897,226
898,144
899,173
900,154
901,186
902,200
903,148
904,120
905,194
906,135
907,17
908,201
909,218
910,242
911,210
912,81
913,207
914,240
915,225
916,132
917,191
918,177
919,216
920,203
921,179
922,198
923,233
924,251
925,156
926,230
927,149
928,242
929,227
930,221
931,233
932,166
933,238
934,175
935,235
936,228
937,152
938,2
939,249
940,235
941,208
942,61
943,205
944,205
945,232
946,223
947,178
948,163
949,256
950,171
951,237
952,159
953,234
954,243
955,143
956,231
957,242
958,208
959,209
960,223
961,246
962,250
963,163
964,190
965,206
966,249
967,251
968,223
969,167
970,213
971,120
972,210
973,134
974,187
975,152
976,224
977,162
978,228
979,229
980,137
981,255
982,153
983,234
984,236
985,95
986,0
987,237
988,147
989,185
990,134
991,154
992,128
993,216
994,195
995,165
996,204
997,218
998,205
999,251
1000,242
1001,194
1002,238
1003,77
1004,187
1005,174
1006,170
1007,195
1008,150
1009,171
1010,112
1011,175
1012,247
1013,216
1014,228
1015,194
1016,220
1017,222
1018,176
1019,232
1020,215
1021,68
1022,234
1023,180
1024,92
1025,253
1026,112
1027,220
1028,246
1029,221
1030,211
1031,77
1032,91
1033,242
1034,195
1035,247
1036,65
1037,4
1038,186
1039,106
1040,188
1041,176
1042,159
1043,206
1044,143
1045,226
1046,203
1047,170
1048,160
1049,164
1050,231
1051,256
1052,218
1053,194
1054,146
1055,122
1056,186
1057,247
1058,147
1059,201
1060,206
1061,145
1062,216
1063,222
1064,192
1065,230
1066,84
1067,208
1068,221
1069,245
1070,251
1071,182
1072,154
1073,224
1074,112
1075,254
1076,226
1077,245
1078,213
1079,247
1080,171
1081,204
1082,146
1083,183
1084,220
1085,156
1086,157
1087,180
1088,91
1089,189
1090,120
1091,199
1092,74
1093,115
1094,100
1095,216
1096,107
1097,102
1098,119
1099,190
1100,221
1101,231
1102,128
1103,168
1104,241
1105,146
1106,171
1107,250
1108,235
1109,227
1110,253
1111,231
1112,245
1113,238
1114,174
1115,209
1116,176
1117,131
1118,187
1119,189
1120,225
1121,155
1122,149
1123,172
1124,109
1125,243
1126,63
1127,186
1128,116
1129,220
1130,250
1131,256
1132,229
1133,236
1134,106
1135,219
1136,181
1137,166
1138,210
1139,113
1140,241
1141,239
1142,232
1143,134
1144,69
1145,203
1146,188
1147,187
1148,180
1149,156
1150,211
1151,241
1152,94
1153,206
1154,239
1155,160
1156,253
1157,238
1158,219
1159,241
1160,190
1161,226
1162,185
1163,225
1164,125
1165,154
1166,235
1167,192
1168,160
1169,160
1170,239
1171,192
1172,165
1173,216
1174,188
1175,237
1176,160
1177,219
1178,194
1179,240
1180,131
1181,137
1182,161
1183,220
1184,141
1185,239
1186,256
1187,128
1188,206
1189,228
1190,233
1191,228
1192,197
1193,249
1194,247
1195,228
1196,138
1197,174
1198,178
1199,54
1200,97
1201,255
1202,212
1203,243
1204,92
1205,231
1206,218
1207,226
1208,142
1209,235
1210,194
1211,194
1212,202
1213,27
1214,246
1215,0
1216,225
1217,0
1218,193
1219,244
1220,246
1221,170
1222,94
1223,223
1224,146
1225,96
1226,184
1227,161
1228,33
1229,151
1230,160
1231,169
1232,171
1233,243
1234,71
1235,87
1236,166
1237,140
1238,207
1239,247
1240,201
1241,220
1242,198
1243,220
1244,176
1245,38
1246,254
1247,239
1248,177
1249,209
1250,175
1251,195
1252,168
1253,246
1254,207
1255,207
1256,224
1257,132
1258,219
1259,242
1260,230
1261,238
1262,204
1263,250
1264,223
1265,172
1266,169
1267,197
1268,192
1269,238
1270,198
1271,215
1272,214
1273,235
1274,96
1275,179
1276,118
1277,212
1278,211
1279,185
1280,146
1281,188
1282,102
1283,198
1284,239
1285,22
1286,183
1287,51
1288,186
1289,206
1290,157
1291,106
1292,204
1293,94
1294,216
1295,183
1296,229
1297,237
1298,159
1299,250
1300,25
1301,239
1302,218
1303,196
1304,217
1305,135
1306,128
1307,195
1308,148
1309,174
1310,203
1311,188
1312,201
1313,143
1314,213
1315,256
1316,221
1317,215
1318,197
1319,95
1320,202
1321,104
1322,209
1323,245
1324,17
1325,133
1326,185
1327,251
1328,188
1329,219
1330,206
1331,190
1332,255
1333,214
1334,237
1335,179
1336,194
1337,125
1338,193
1339,179
1340,248
1341,253
1342,204
1343,216
1344,229
1345,220
1346,190
1347,252
1348,158
1349,179
1350,224
1351,244
1352,148
1353,230
1354,230
1355,117
1356,166
1357,111
1358,196
1359,52
1360,235
1361,232
1362,219
1363,179
1364,184
1365,172
1366,79
1367,236
1368,176
1369,234
1370,248
1371,197
1372,245
1373,218
1374,201
1375,221
1376,218
1377,199
1378,42
1379,180
1380,209
1381,176
1382,184
1383,233
1384,17
1385,160
1386,163
1387,191
1388,34
1389,246
1390,221
1391,199
1392,113
1393,244
1394,215
1395,231
1396,189
1397,241
1398,133
1399,201
1400,145
1401,218
1402,198
1403,178
1404,213
1405,179
1406,255
1407,0
1408,124
1409,123
1410,195
1411,220
1412,229
1413,232
1414,206
1415,224
1416,65
1417,229
1418,155
1419,20
1420,221
1421,219
1422,209
1423,256
1424,168
1425,204
1426,242
1427,130
1428,143
1429,186
1430,216
1431,99
1432,175
1433,231
1434,179
1435,162
1436,242
1437,234
1438,131
1439,230
1440,202
1441,246
1442,140
1443,250
1444,151
1445,248
1446,230
1447,221
1448,221
1449,191
1450,184
1451,141
1452,238
1453,135
1454,221
1455,221
1456,240
1457,170
1458,218
1459,194
1460,106
1461,184
1462,232
1463,204
1464,62
1465,221
1466,249
1467,241
1468,126
1469,190
1470,103
1471,240
1472,224
1473,221
1474,0
1475,194
1476,154
1477,206
1478,188
1479,200
1480,203
1481,0
1482,225
1483,128
1484,203
1485,201
1486,179
1487,244
1488,178
1489,216
1490,178
1491,251
1492,183
1493,246
1494,115
1495,232
1496,228
1497,204
1498,151
1499,204
1500,86
1501,196
1502,160
1503,159
1504,146
1505,130
1506,81
1507,223
1508,242
1509,176
1510,117
1511,239
1512,72
1513,194
1514,229
1515,177
1516,218
1517,198
1518,233
1519,209
1520,205
1521,211
1522,242
1523,249
1524,146
1525,218
1526,229
1527,185
1528,167
1529,180
1530,158
1531,224
1532,124
1533,0
1534,146
1535,204
1536,227
1537,163
1538,152
1539,232
1540,196
1541,247
1542,242
1543,229
1544,196
1545,88
1546,237
1547,164
1548,140
1549,163
1550,166
1551,173
1552,212
1553,220
1554,77
1555,236
1556,48
1557,197
1558,219
1559,166
1560,179
1561,177
1562,254
1563,175
1564,242
1565,160
1566,235
1567,235
1568,224
1569,169
1570,243
1571,243
1572,192
1573,226
1574,177
1575,196
1576,155
1577,237
1578,197
1579,242
1580,232
1581,236
1582,157
1583,192
1584,102
1585,163
1586,237
1587,226
1588,222
1589,215
1590,238
1591,192
1592,145
1593,155
1594,167
1595,228
1596,225
1597,129
1598,179
1599,135
1600,187
1601,194
1602,203
1603,203
1604,205
1605,246
1606,99
1607,223
1608,130
1609,187
1610,87
1611,229
1612,254
1613,195
1614,225
1615,223
1616,167
1617,182
1618,180
1619,220
1620,216
1621,104
1622,197
1623,204
1624,158
1625,178
1626,172
1627,202
1628,224
1629,115
1630,230
1631,234
1632,193
1633,214
1634,102
1635,203
1636,187
1637,179
1638,84
1639,159
1640,166
1641,210
1642,238
1643,113
1644,172
1645,247
1646,130
1647,223
1648,232
1649,192
1650,241
1651,209
1652,124
1653,183
1654,10
1655,241
1656,95
1657,243
1658,98
1659,153
1660,149
1661,248
1662,175
1663,156
1664,175
1665,240
1666,131
1667,187
1668,217
1669,110
1670,217
1671,112
1672,212
1673,50
1674,215
1675,203
1676,230
1677,212
1678,223
1679,21
1680,122
1681,213
1682,224
1683,163
1684,169
1685,197
1686,236
1687,222
1688,244
1689,211
1690,232
1691,80
1692,123
1693,151
1694,176
1695,90
1696,229
1697,119
1698,223
1699,203
1700,219
1701,248
1702,250
1703,243
1704,256
1705,183
1706,240
1707,256
1708,231
1709,233
1710,203
1711,220
1712,167
1713,194
1714,105
1715,172
1716,133
1717,176
1718,216
1719,187
1720,220
1721,182
1722,218
1723,76
1724,256
1725,220
1726,198
1727,219
1728,222
1729,231
1730,126
1731,196
1732,221
1733,71
1734,155
1735,46
1736,200
1737,251
1738,137
1739,242
1740,209
1741,93
1742,252
1743,192
1744,162
1745,180
1746,174
1747,228
1748,220
1749,168
1750,231
1751,175
1752,140
1753,218
1754,246
1755,193
1756,206
1757,167
1758,242
1759,208
1760,36
1761,11
1762,244
1763,196
1764,203
1765,73
1766,252
1767,187
1768,164
1769,221
1770,0
1771,216
1772,11
1773,165
1774,106
1775,175
1776,78
1777,227
1778,105
1779,158
1780,254
1781,47
1782,208
1783,193
1784,139
1785,199
1786,192
1787,232
1788,180
1789,245
1790,131
1791,96
1792,92
1793,186
1794,23
1795,74
1796,227
1797,13
1798,150
1799,220
1800,231
1801,189
1802,166
1803,98
1804,106
1805,132
1806,99
1807,165
1808,194
1809,97
1810,160
1811,212
1812,226
1813,213
1814,173
1815,185
1816,133
1817,72
1818,71
1819,236
1820,204
1821,146
1822,214
1823,245
1824,219
1825,211
1826,226
1827,177
1828,185
1829,34
1830,126
1831,196
1832,203
1833,242
1834,77
1835,174
1836,223
1837,165
1838,216
1839,102
1840,221
1841,169
1842,245
1843,151
1844,249
1845,69
1846,152
1847,215
1848,44
1849,183
1850,228
1851,79
1852,209
1853,195
1854,158
1855,195
1856,162
1857,213
1858,238
1859,193
1860,151
1861,198
1862,144
1863,185
1864,194
1865,201
1866,183
1867,251
1868,196
1869,231
1870,195
1871,186
1872,58
1873,187
1874,205
1875,232
1876,123
1877,194
1878,238
1879,162
1880,178
1881,87
1882,224
1883,156
1884,245
1885,122
1886,119
1887,243
1888,144
1889,184
1890,229
1891,174
1892,128
1893,216
1894,253
1895,212
1896,195
1897,226
1898,189
1899,192
1900,183
1901,244
1902,212
1903,163
1904,209
1905,198
1906,214
1907,213
1908,184
1909,138
1910,198
1911,219
1912,178
1913,67
1914,114
1915,142
1916,220
1917,190
1918,90
1919,184
1920,232
1921,218
1922,227
1923,204
1924,67
1925,198
1926,217
1927,145
1928,166
1929,190
1930,146
1931,255
1932,235
1933,217
1934,211
1935,240
1936,191
1937,203
1938,77
1939,86
1940,167
1941,228
1942,200
1943,189
1944,244
1945,160
1946,110
1947,212
1948,243
1949,122
1950,157
1951,124
1952,191
1953,57
1954,238
1955,116
1956,205
1957,231
1958,166
1959,160
1960,177
1961,90
1962,171
1963,107
1964,0
1965,170
1966,207
1967,189
1968,246
1969,255
1970,244
1971,250
1972,212
1973,117
1974,224
1975,51
1976,188
1977,230
1978,180
1979,237
1980,191
1981,234
1982,212
1983,231
1984,217
1985,154
1986,240
1987,195
1988,239
1989,208
1990,241
1991,173
1992,242
1993,127
1994,54
1995,214
1996,96
1997,190
1998,213
1999,196
2000,195
2001,211
2002,197
2003,213
2004,154
2005,196
2006,211
2007,222
2008,200
2009,221
2010,218
2011,238
2012,236
2013,226
2014,170
2015,150
2016,233
2017,229
2018,194
2019,234
2020,197
2021,230
2022,75
2023,220
2024,190
2025,240
2026,225
2027,130
2028,209
2029,114
2030,254
2031,224
2032,223
2033,239
2034,171
2035,223
2036,106
2037,122
2038,154
2039,200
2040,99
2041,229
2042,0
2043,188
2044,245
2045,158
2046,256
2047,247
2048,183
2049,155
2050,46
2051,175
2052,137
2053,193
2054,207
2055,224
2056,214
2057,213
2058,223
2059,216
2060,142
2061,227
2062,61
2063,10
2064,96
2065,228
2066,226
2067,101
2068,65
2069,112
2070,216
2071,210
2072,179
2073,230
2074,253
2075,246
2076,149
2077,145
2078,238
2079,130
2080,219
2081,226
2082,234
2083,186
2084,221
2085,127
2086,119
2087,172
2088,214
2089,235
2090,100
2091,254
2092,153
2093,229
2094,206
2095,194
2096,239
2097,183
2098,171
2099,133
2100,203
2101,239
2102,177
2103,155
2104,208
2105,126
2106,245
2107,221
2108,167
2109,236
2110,187
2111,213
2112,141
2113,174
2114,210
2115,234
2116,207
2117,243
2118,227
2119,246
2120,155
2121,13
2122,214
2123,141
2124,234
2125,213
2126,186
2127,150
2128,161
2129,159
2130,232
2131,160
2132,151
2133,176
2134,140
2135,198
2136,218
2137,103
2138,256
2139,197
2140,172
2141,231
2142,219
2143,228
2144,226
2145,227
2146,208
2147,196
2148,210
2149,200
2150,177
2151,254
2152,164
2153,240
2154,238
2155,239
2156,247
2157,210
2158,181
2159,147
2160,146
2161,177
2162,0
2163,230
2164,239
2165,140
2166,228
2167,142
2168,190
2169,245
2170,222
2171,192
2172,97
2173,140
2174,166
2175,143
2176,232
2177,250
2178,207
2179,212
2180,256
2181,169
2182,156
2183,152
2184,172
2185,194
2186,102
2187,21
2188,209
2189,202
2190,170
2191,217
2192,157
2193,35
2194,246
2195,117
2196,91
2197,221
2198,122
2199,146
2200,152
2201,193
2202,237
2203,0
2204,164
2205,154
2206,232
2207,185
2208,175
2209,136
2210,145
2211,242
2212,102
2213,142
2214,219
2215,256
2216,224
2217,240
2218,214
2219,173
2220,193
2221,243
2222,221
2223,172
2224,79
2225,208
2226,222
2227,120
2228,147
2229,188
2230,246
2231,231
2232,139
2233,191
2234,145
2235,226
2236,101
2237,249
2238,208
2239,170
2240,145
2241,191
2242,188
2243,220
2244,140
2245,182
2246,167
2247,217
2248,214
2249,139
2250,237
2251,255
2252,117
2253,212
2254,251
2255,211
2256,131
2257,213
2258,165
2259,65
2260,215
2261,199
2262,232
2263,158
2264,239
2265,23
2266,235
2267,213
2268,0
2269,173
2270,159
2271,4
2272,249
2273,177
2274,226
2275,72
2276,256
2277,239
2278,158
2279,146
2280,222
2281,150
2282,176
2283,73
2284,253
2285,242
2286,135
2287,213
2288,233
2289,219
2290,194
2291,202
2292,245
2293,135
2294,144
2295,175
2296,177
2297,188
2298,250
2299,245
2300,184
2301,201
2302,242
2303,243
2304,236
2305,228
2306,161
2307,127
2308,183
2309,216
2310,159
2311,139
2312,247
2313,220
2314,254
2315,256
2316,190
2317,22
2318,70
2319,211
2320,222
2321,206
2322,234
2323,246
2324,243
2325,224
2326,155
2327,238
2328,34
2329,212
2330,188
2331,165
2332,199
2333,185
2334,240
2335,198
2336,161
2337,232
2338,223
2339,139
2340,231
2341,185
2342,256
2343,202
2344,204
2345,204
2346,225
2347,202
2348,238
2349,191
2350,169
2351,238
2352,50
2353,69
2354,136
2355,246
2356,223
2357,202
2358,207
2359,34
2360,223
2361,84
2362,107
2363,223
2364,220
2365,188
2366,149
2367,245
2368,119
2369,128
2370,240
2371,211
2372,146
2373,245
2374,230
2375,214
2376,228
2377,0
2378,251
2379,244
2380,214
2381,180
2382,101
2383,232
2384,217
2385,220
2386,155
2387,219
2388,220
2389,143
2390,230
2391,134
2392,141
2393,193
2394,121
2395,128
2396,185
2397,245
2398,180
2399,225
