0,171
1,165
2,187
3,218
4,185
5,119
6,198
7,235
8,230
9,180
10,146
11,225
12,208
13,171
14,230
15,174
16,212
17,186
18,233
19,236
20,245
21,130
22,177
23,204
24,243
25,228
26,100
27,114
28,223
29,176
30,98
31,174
32,192
33,233
34,224
35,223
36,234
37,225
38,211
39,235
40,199
41,250
42,204
43,95
44,227
45,213
46,177
47,235
48,149
49,157
50,202
51,211
52,82
53,219
54,195
55,190
56,168
57,193
58,180
59,253
60,232
61,154
62,199
63,220
64,204
65,217
66,249
67,239
68,179
69,172
70,204
71,196
72,185
73,226
74,241
75,112
76,218
77,7
78,197
79,197
80,242
81,235
82,141
83,173
84,215
85,212
86,172
87,207
88,172
89,206
90,205
91,245
92,194
93,168
94,129
95,212
96,219
97,176
98,246
99,211
100,256
101,250
102,191
103,94
104,247
105,219
106,213
107,184
108,147
109,19
110,173
111,193
112,216
113,220
114,246
115,209
116,215
117,214
118,226
119,234
120,160
121,200
122,101
123,50
124,193
125,203
126,227
127,106
128,207
129,164
130,166
131,220
132,213
133,243
134,145
135,201
136,135
137,182
138,117
139,162
140,253
141,229
142,220
143,137
144,163
145,192
146,205
147,184
148,207
149,210
150,122
151,214
152,229
153,192
154,185
155,239
156,249
157,160
158,38
159,137
160,231
161,197
162,225
163,128
164,249
165,95
166,101
167,180
168,163
169,251
170,227
171,172
172,210
173,115
174,223
175,192
176,218
177,221
178,228
179,0
180,142
181,83
182,198
183,229
184,212
185,214
186,229
187,149
188,155
189,220
190,248
191,220
192,115
193,252
194,198
195,234
196,165
197,187
198,161
199,200
200,183
201,215
202,195
203,177
204,252
205,176
206,178
207,207
208,233
209,156
210,165
211,194
212,240
213,232
214,94
215,173
216,212
217,184
218,231
219,184
220,145
221,229
222,217
223,104
224,222
225,252
226,243
227,193
228,220
229,228
230,164
231,183
232,237
233,220
234,196
235,199
236,161
237,204
238,136
239,223
240,226
241,174
242,246
243,175
244,239
245,225
246,229
247,248
248,195
249,217
250,173
251,137
252,210
253,195
254,224
255,247
256,254
257,224
258,185
259,183
260,145
261,203
262,227
263,52
264,233
265,219
266,179
267,153
268,202
269,182
270,130
271,212
272,194
273,252
274,214
275,213
276,236
277,146
278,251
279,167
280,131
281,211
282,222
283,196
284,157
285,230
286,195
287,217
288,219
289,214
290,159
291,228
292,174
293,116
294,188
295,180
296,119
297,92
298,55
299,224
300,186
301,198
302,243
303,125
304,230
305,225
306,160
307,214
308,218
309,240
310,233
311,179
312,179
313,247
314,251
315,172
316,91
317,135
318,243
319,179
320,208
321,124
322,175
323,223
324,187
325,231
326,163
327,240
328,216
329,67
330,231
331,251
332,148
333,225
334,230
335,221
336,193
337,218
338,221
339,134
340,108
341,250
342,237
343,205
344,134
345,162
346,150
347,110
348,45
349,80
350,124
351,162
352,132
353,143
354,196
355,188
356,205
357,212
358,221
359,129
360,206
361,200
362,215
363,146
364,228
365,194
366,205
367,241
368,238
369,103
370,185
371,205
372,144
373,156
374,251
375,144
376,211
377,230
378,128
379,227
380,185
381,112
382,136
383,220
384,184
385,252
386,193
387,124
388,180
389,217
390,239
391,189
392,240
393,128
394,165
395,0
396,203
397,218
398,173
399,239
400,135
401,176
402,217
403,185
404,169
405,218
406,222
407,69
408,201
409,224
410,201
411,158
412,227
413,251
414,211
415,110
416,162
417,87
418,222
419,104
420,224
421,185
422,218
423,247
424,195
425,234
426,224
427,95
428,141
429,186
430,232
431,227
432,210
433,246
434,204
435,172
436,156
437,226
438,204
439,218
440,200
441,125
442,199
443,202
444,188
445,178
446,0
447,201
448,127
449,228
450,73
451,183
452,201
453,187
454,233
455,217
456,201
457,242
458,203
459,248
460,231
461,243
462,248
463,190
464,213
465,165
466,172
467,180
468,118
469,152
470,118
471,201
472,199
473,146
474,182
475,238
476,210
477,167
478,220
479,167
480,181
481,248
482,243
483,244
484,153
485,173
486,233
487,67
488,163
489,233
490,190
491,156
492,204
493,0
494,175
495,149
496,227
497,237
498,230
499,229
500,182
501,192
502,239
503,246
504,162
505,246
506,120
507,201
508,98
509,52
510,217
511,226
512,221
513,249
514,154
515,239
516,187
517,189
518,136
519,224
520,40
521,217
522,175
523,138
524,196
525,202
526,222
527,225
528,226
529,214
530,185
531,207
532,112
533,186
534,250
535,160
536,226
537,223
538,143
539,96
540,195
541,247
542,212
543,196
544,227
545,131
546,187
547,121
548,124
549,256
550,167
551,149
552,224
553,153
554,91
555,212
556,0
557,232
558,143
559,186
560,127
561,216
562,193
563,95
564,217
565,166
566,240
567,254
568,210
569,241
570,220
571,115
572,217
573,234
574,199
575,193
576,234
577,136
578,234
579,254
580,194
581,100
582,197
583,252
584,241
585,116
586,204
587,210
588,201
589,106
590,234
591,223
592,249
593,117
594,178
595,231
596,241
597,248
598,159
599,234
600,140
601,216
602,127
603,225
604,177
605,156
606,189
607,184
608,212
609,132
610,221
611,250
612,192
613,249
614,69
615,250
616,145
617,155
618,130
619,147
620,195
621,211
622,144
623,231
624,172
625,206
626,223
627,198
628,208
629,152
630,201
631,210
632,231
633,219
634,212
635,195
636,173
637,116
638,81
639,225
640,58
641,168
642,186
643,135
644,232
645,227
646,237
647,214
648,184
649,192
650,185
651,247
652,141
653,163
654,0
655,211
656,123
657,250
658,234
659,142
660,227
661,204
662,197
663,202
664,222
665,106
666,229
667,114
668,227
669,102
670,193
671,217
672,2
673,239
674,200
675,224
676,132
677,138
678,207
679,230
680,244
681,153
682,247
683,144
684,208
685,231
686,181
687,177
688,206
689,124
690,243
691,231
692,200
693,200
694,140
695,226
696,116
697,238
698,0
699,155
700,210
701,224
702,152
703,255
704,160
705,224
706,81
707,244
708,62
709,172
710,246
711,251
712,249
713,217
714,146
715,188
716,191
717,219
718,162
719,103
720,128
721,224
722,112
723,222
724,220
725,181
726,147
727,253
728,79
729,212
730,201
731,55
732,235
733,104
734,239
735,165
736,181
737,211
738,215
739,204
740,226
741,223
742,136
743,128
744,203
745,168
746,91
747,254
748,199
749,239
750,181
751,44
752,212
753,115
754,248
755,115
756,232
757,203
758,169
759,234
760,204
761,137
762,230
763,226
764,188
765,241
766,158
767,211
768,176
769,197
770,175
771,223
772,141
773,229
774,197
775,153
776,202
777,233
778,209
779,55
780,214
781,166
782,104
783,240
784,211
785,247
786,239
787,117
788,107
789,223
790,251
791,92
792,182
793,238
794,195
795,214
796,128
797,164
798,238
799,256
800,174
801,237
802,218
803,191
804,184
805,218
806,241
807,203
808,244
809,223
810,221
811,80
812,188
813,232
814,201
815,208
816,214
817,150
818,91
819,210
820,251
821,230
822,0
823,218
824,220
825,207
826,206
827,235
828,215
829,225
830,189
831,198
832,204
833,89
834,185
835,151
836,156
837,139
838,166
839,169
840,226
841,222
842,235
843,223
844,193
845,238
846,120
847,207
848,230
849,179
850,215
851,200
852,188
853,248
854,133
855,147
856,71
857,241
858,187
859,152
860,237
861,206
862,177
863,219
864,156
865,172
866,226
867,238
868,166
869,231
870,192
871,222
872,217
873,202
874,240
875,240
876,196
877,216
878,200
879,161
880,242
881,160
882,0
883,217
884,186
885,229
886,105
887,212
888,187
889,86
890,250
891,206
892,202
893,192
894,158
895,252
896,236
897,222
898,151
899,186
900,112
901,201
902,204
903,151
904,128
905,201
906,124
907,52
908,202
909,229
910,236
911,209
912,141
913,137
914,245
915,220
916,136
917,184
918,157
919,194
920,209
921,188
922,206
923,236
924,251
925,162
926,225
927,156
928,239
929,225
930,230
931,230
932,175
933,239
934,183
935,235
936,232
937,144
938,67
939,250
940,229
941,203
942,114
943,173
944,203
945,235
946,208
947,171
948,180
949,256
950,175
951,238
952,171
953,234
954,240
955,151
956,239
957,242
958,205
959,188
960,215
961,250
962,250
963,151
964,188
965,197
966,247
967,253
968,227
969,173
970,229
971,120
972,202
973,135
974,170
975,177
976,221
977,162
978,226
979,236
980,137
981,255
982,179
983,220
984,229
985,87
986,0
987,232
988,152
989,164
990,158
991,146
992,135
993,219
994,209
995,172
996,205
997,221
998,190
999,251
1000,240
1001,193
1002,239
1003,87
1004,190
1005,202
1006,181
1007,201
1008,140
1009,124
1010,92
1011,181
1012,248
1013,205
1014,226
1015,201
1016,227
1017,214
1018,189
1019,226
1020,197
1021,80
1022,234
1023,182
1024,119
1025,253
1026,85
1027,219
1028,246
1029,223
1030,212
1031,90
1032,91
1033,240
1034,200
1035,248
1036,88
1037,29
1038,191
1039,97
1040,209
1041,196
1042,155
1043,208
1044,138
1045,211
1046,174
1047,184
1048,160
1049,165
1050,217
1051,247
1052,219
1053,180
1054,146
1055,139
1056,181
1057,245
1058,94
1059,201
1060,217
1061,190
1062,224
1063,215
1064,203
1065,230
1066,62
1067,221
1068,221
1069,250
1070,251
1071,172
1072,140
1073,218
1074,99
1075,254
1076,230
1077,249
1078,206
1079,246
1080,170
1081,210
1082,160
1083,203
1084,232
1085,166
1086,181
1087,186
1088,100
1089,194
1090,139
1091,202
1092,81
1093,124
1094,114
1095,214
1096,126
1097,137
1098,134
1099,205
1100,212
1101,233
1102,138
1103,168
1104,240
1105,161
1106,175
1107,250
1108,225
1109,228
1110,254
1111,233
1112,248
1113,238
1114,168
1115,222
1116,205
1117,167
1118,181
1119,207
1120,228
1121,140
1122,159
1123,125
1124,141
1125,237
1126,56
1127,169
1128,75
1129,210
1130,248
1131,256
1132,205
1133,236
1134,93
1135,208
1136,178
1137,178
1138,216
1139,111
1140,232
1141,237
1142,234
1143,134
1144,129
1145,210
1146,195
1147,194
1148,174
1149,161
1150,92
1151,240
1152,112
1153,210
1154,242
1155,151
1156,253
1157,238
1158,206
1159,242
1160,181
1161,224
1162,168
1163,240
1164,123
1165,157
1166,241
1167,188
1168,174
1169,156
1170,239
1171,178
1172,185
1173,193
1174,182
1175,223
1176,131
1177,223
1178,198
1179,242
1180,129
1181,172
1182,170
1183,207
1184,154
1185,238
1186,256
1187,109
1188,210
1189,228
1190,229
1191,219
1192,193
1193,250
1194,242
1195,228
1196,186
1197,170
1198,176
1199,88
1200,74
1201,255
1202,218
1203,235
1204,82
1205,233
1206,222
1207,221
1208,148
1209,238
1210,201
1211,186
1212,217
1213,63
1214,244
1215,0
1216,221
1217,0
1218,182
1219,243
1220,244
1221,161
1222,79
1223,217
1224,144
1225,118
1226,185
1227,165
1228,102
1229,144
1230,164
1231,178
1232,164
1233,243
1234,120
1235,85
1236,162
1237,102
1238,214
1239,239
1240,168
1241,226
1242,198
1243,210
1244,154
1245,56
1246,254
1247,241
1248,200
1249,209
1250,188
1251,188
1252,182
1253,245
1254,208
1255,208
1256,222
1257,149
1258,212
1259,243
1260,228
1261,239
1262,177
1263,250
1264,189
1265,188
1266,209
1267,210
1268,199
1269,239
1270,196
1271,219
1272,217
1273,231
1274,103
1275,196
1276,71
1277,228
1278,220
1279,197
1280,166
1281,196
1282,140
1283,198
1284,239
1285,27
1286,173
1287,87
1288,193
1289,197
1290,142
1291,102
1292,190
1293,146
1294,219
1295,187
1296,227
1297,236
1298,156
1299,250
1300,25
1301,239
1302,222
1303,187
1304,213
1305,158
1306,150
1307,209
1308,139
1309,147
1310,200
1311,187
1312,201
1313,158
1314,218
1315,256
1316,223
1317,168
1318,157
1319,106
1320,198
1321,123
1322,204
1323,237
1324,77
1325,157
1326,189
1327,250
1328,194
1329,222
1330,205
1331,193
1332,255
1333,213
1334,239
1335,178
1336,191
1337,120
1338,215
1339,171
1340,244
1341,254
1342,209
1343,216
1344,238
1345,228
1346,195
1347,252
1348,178
1349,181
1350,224
1351,230
1352,166
1353,233
1354,233
1355,92
1356,169
1357,139
1358,180
1359,90
1360,239
1361,235
1362,221
1363,188
1364,186
1365,180
1366,60
1367,220
1368,165
1369,235
1370,243
1371,194
1372,252
1373,210
1374,209
1375,192
1376,203
1377,211
1378,10
1379,176
1380,197
1381,206
1382,189
1383,236
1384,87
1385,179
1386,182
1387,203
1388,67
1389,244
1390,204
1391,210
1392,123
1393,242
1394,216
1395,224
1396,195
1397,240
1398,144
1399,191
1400,169
1401,211
1402,214
1403,173
1404,210
1405,165
1406,255
1407,52
1408,127
1409,126
1410,189
1411,231
1412,225
1413,233
1414,210
1415,224
1416,95
1417,227
1418,166
1419,53
1420,227
1421,219
1422,197
1423,256
1424,150
1425,204
1426,235
1427,158
1428,167
1429,183
1430,226
1431,153
1432,177
1433,233
1434,189
1435,154
1436,243
1437,236
1438,164
1439,217
1440,209
1441,246
1442,137
1443,249
1444,138
1445,238
1446,229
1447,230
1448,225
1449,184
1450,179
1451,158
1452,236
1453,152
1454,231
1455,220
1456,239
1457,190
1458,202
1459,186
1460,87
1461,205
1462,227
1463,211
1464,28
1465,221
1466,248
1467,221
1468,150
1469,191
1470,120
1471,244
1472,215
1473,219
1474,0
1475,204
1476,176
1477,197
1478,192
1479,206
1480,197
1481,0
1482,228
1483,115
1484,213
1485,208
1486,185
1487,250
1488,181
1489,212
1490,154
1491,251
1492,201
1493,250
1494,159
1495,231
1496,222
1497,198
1498,157
1499,203
1500,59
1501,213
1502,131
1503,173
1504,168
1505,152
1506,104
1507,229
1508,245
1509,188
1510,96
1511,234
1512,93
1513,160
1514,231
1515,188
1516,220
1517,206
1518,231
1519,203
1520,208
1521,217
1522,246
1523,249
1524,153
1525,228
1526,229
1527,166
1528,174
1529,190
1530,170
1531,227
1532,130
1533,35
1534,150
1535,208
1536,217
1537,161
1538,141
1539,234
1540,173
1541,248
1542,249
1543,217
1544,167
1545,133
1546,240
1547,165
1548,143
1549,182
1550,162
1551,162
1552,228
1553,227
1554,76
1555,222
1556,76
1557,208
1558,213
1559,164
1560,186
1561,182
1562,254
1563,188
1564,242
1565,130
1566,245
1567,234
1568,210
1569,176
1570,244
1571,242
1572,201
1573,219
1574,201
1575,195
1576,170
1577,234
1578,183
1579,232
1580,226
1581,237
1582,186
1583,194
1584,130
1585,174
1586,239
1587,236
1588,222
1589,206
1590,236
1591,196
1592,150
1593,165
1594,181
1595,241
1596,218
1597,145
1598,187
1599,155
1600,191
1601,146
1602,202
1603,202
1604,197
1605,243
1606,114
1607,222
1608,128
1609,190
1610,94
1611,223
1612,254
1613,198
1614,227
1615,204
1616,176
1617,194
1618,178
1619,211
1620,220
1621,99
1622,152
1623,202
1624,172
1625,178
1626,169
1627,216
1628,227
1629,153
1630,231
1631,235
1632,192
1633,215
1634,146
1635,201
1636,178
1637,195
1638,114
1639,182
1640,168
1641,208
1642,241
1643,59
1644,171
1645,249
1646,138
1647,228
1648,222
1649,196
1650,238
1651,212
1652,154
1653,197
1654,57
1655,239
1656,148
1657,223
1658,84
1659,188
1660,171
1661,247
1662,164
1663,146
1664,185
1665,241
1666,161
1667,184
1668,210
1669,113
1670,225
1671,141
1672,217
1673,71
1674,213
1675,207
1676,219
1677,212
1678,218
1679,7
1680,131
1681,224
1682,204
1683,163
1684,171
1685,190
1686,232
1687,226
1688,241
1689,203
1690,234
1691,108
1692,128
1693,165
1694,156
1695,104
1696,217
1697,145
1698,219
1699,205
1700,210
1701,249
1702,246
1703,239
1704,256
1705,210
1706,234
1707,256
1708,233
1709,230
1710,207
1711,223
1712,191
1713,177
1714,135
1715,174
1716,180
1717,175
1718,225
1719,194
1720,218
1721,181
1722,210
1723,130
1724,256
1725,223
1726,202
1727,218
1728,222
1729,225
1730,117
1731,198
1732,217
1733,69
1734,164
1735,42
1736,204
1737,250
1738,150
1739,244
1740,205
1741,121
1742,253
1743,182
1744,174
1745,144
1746,183
1747,193
1748,214
1749,172
1750,227
1751,167
1752,155
1753,218
1754,244
1755,210
1756,210
1757,183
1758,245
1759,210
1760,56
1761,55
1762,250
1763,197
1764,173
1765,68
1766,248
1767,187
1768,157
1769,222
1770,0
1771,195
1772,59
1773,162
1774,106
1775,189
1776,118
1777,227
1778,117
1779,186
1780,253
1781,57
1782,207
1783,205
1784,80
1785,178
1786,204
1787,234
1788,195
1789,249
1790,150
1791,38
1792,102
1793,193
1794,40
1795,114
1796,212
1797,49
1798,161
1799,212
1800,209
1801,202
1802,178
1803,113
1804,156
1805,160
1806,80
1807,174
1808,210
1809,134
1810,165
1811,217
1812,209
1813,216
1814,180
1815,175
1816,137
1817,67
1818,100
1819,237
1820,219
1821,164
1822,225
1823,238
1824,218
1825,202
1826,226
1827,187
1828,190
1829,52
1830,126
1831,163
1832,200
1833,242
1834,115
1835,217
1836,223
1837,160
1838,215
1839,157
1840,223
1841,188
1842,246
1843,158
1844,252
1845,0
1846,100
1847,226
1848,49
1849,168
1850,232
1851,103
1852,203
1853,203
1854,151
1855,202
1856,174
1857,210
1858,239
1859,186
1860,150
1861,184
1862,132
1863,178
1864,162
1865,208
1866,194
1867,253
1868,207
1869,220
1870,195
1871,164
1872,109
1873,199
1874,193
1875,230
1876,145
1877,194
1878,238
1879,168
1880,134
1881,86
1882,213
1883,173
1884,246
1885,80
1886,105
1887,247
1888,137
1889,150
1890,225
1891,182
1892,128
1893,212
1894,253
1895,213
1896,206
1897,225
1898,197
1899,156
1900,189
1901,242
1902,196
1903,192
1904,203
1905,189
1906,228
1907,213
1908,170
1909,120
1910,199
1911,225
1912,168
1913,58
1914,118
1915,179
1916,223
1917,210
1918,114
1919,177
1920,228
1921,216
1922,219
1923,180
1924,86
1925,188
1926,185
1927,154
1928,171
1929,186
1930,149
1931,254
1932,233
1933,226
1934,201
1935,240
1936,198
1937,204
1938,16
1939,108
1940,174
1941,220
1942,202
1943,176
1944,245
1945,198
1946,114
1947,183
1948,243
1949,108
1950,164
1951,151
1952,196
1953,60
1954,244
1955,129
1956,200
1957,226
1958,143
1959,156
1960,181
1961,121
1962,172
1963,100
1964,57
1965,169
1966,213
1967,191
1968,247
1969,255
1970,242
1971,252
1972,203
1973,71
1974,227
1975,71
1976,186
1977,226
1978,191
1979,240
1980,198
1981,228
1982,220
1983,236
1984,224
1985,181
1986,240
1987,214
1988,241
1989,212
1990,238
1991,179
1992,242
1993,146
1994,80
1995,202
1996,103
1997,211
1998,193
1999,192
2000,200
2001,215
2002,198
2003,227
2004,178
2005,193
2006,212
2007,227
2008,223
2009,223
2010,223
2011,231
2012,232
2013,213
2014,173
2015,178
2016,232
2017,211
2018,203
2019,225
2020,191
2021,227
2022,114
2023,217
2024,197
2025,238
2026,230
2027,157
2028,197
2029,122
2030,254
2031,225
2032,225
2033,244
2034,174
2035,219
2036,139
2037,153
2038,153
2039,204
2040,93
2041,219
2042,15
2043,189
2044,244
2045,130
2046,256
2047,248
2048,190
2049,175
2050,41
2051,149
2052,125
2053,205
2054,215
2055,228
2056,212
2057,230
2058,216
2059,208
2060,177
2061,223
2062,61
2063,0
2064,96
2065,228
2066,206
2067,110
2068,42
2069,118
2070,194
2071,217
2072,205
2073,218
2074,253
2075,240
2076,160
2077,129
2078,232
2079,131
2080,219
2081,228
2082,225
2083,201
2084,215
2085,91
2086,131
2087,174
2088,202
2089,227
2090,129
2091,254
2092,162
2093,230
2094,215
2095,194
2096,240
2097,195
2098,177
2099,133
2100,165
2101,243
2102,187
2103,156
2104,214
2105,69
2106,231
2107,227
2108,178
2109,236
2110,186
2111,225
2112,145
2113,180
2114,216
2115,233
2116,208
2117,244
2118,228
2119,248
2120,155
2121,83
2122,212
2123,163
2124,222
2125,228
2126,187
2127,168
2128,169
2129,163
2130,231
2131,171
2132,166
2133,137
2134,143
2135,189
2136,230
2137,96
2138,256
2139,204
2140,178
2141,222
2142,209
2143,227
2144,219
2145,223
2146,112
2147,199
2148,224
2149,207
2150,190
2151,254
2152,167
2153,224
2154,236
2155,236
2156,238
2157,218
2158,179
2159,189
2160,140
2161,173
2162,79
2163,214
2164,234
2165,151
2166,232
2167,172
2168,188
2169,252
2170,227
2171,193
2172,96
2173,148
2174,169
2175,166
2176,236
2177,249
2178,206
2179,213
2180,256
2181,216
2182,154
2183,163
2184,165
2185,196
2186,146
2187,23
2188,209
2189,199
2190,183
2191,217
2192,183
2193,43
2194,250
2195,115
2196,102
2197,227
2198,113
2199,152
2200,184
2201,196
2202,237
2203,37
2204,157
2205,161
2206,234
2207,184
2208,166
2209,146
2210,144
2211,234
2212,134
2213,136
2214,221
2215,256
2216,216
2217,212
2218,205
2219,184
2220,167
2221,235
2222,218
2223,169
2224,57
2225,215
2226,219
2227,125
2228,162
2229,203
2230,241
2231,217
2232,134
2233,164
2234,149
2235,236
2236,128
2237,244
2238,225
2239,144
2240,127
2241,172
2242,174
2243,192
2244,162
2245,192
2246,152
2247,203
2248,232
2249,147
2250,238
2251,255
2252,114
2253,212
2254,251
2255,224
2256,129
2257,222
2258,177
2259,107
2260,207
2261,199
2262,225
2263,151
2264,243
2265,32
2266,228
2267,208
2268,0
2269,172
2270,148
2271,93
2272,249
2273,188
2274,229
2275,126
2276,256
2277,224
2278,153
2279,169
2280,214
2281,177
2282,169
2283,84
2284,252
2285,222
2286,122
2287,216
2288,232
2289,227
2290,198
2291,204
2292,242
2293,151
2294,165
2295,192
2296,164
2297,166
2298,249
2299,231
2300,194
2301,192
2302,249
2303,237
2304,235
2305,236
2306,172
2307,148
2308,199
2309,220
2310,185
2311,159
2312,241
2313,223
2314,252
2315,256
2316,199
2317,0
2318,102
2319,214
2320,219
2321,208
2322,238
2323,244
2324,243
2325,218
2326,149
2327,229
2328,25
2329,171
2330,194
2331,172
2332,205
2333,201
2334,236
2335,217
2336,152
2337,224
2338,219
2339,149
2340,231
2341,178
2342,256
2343,202
2344,207
2345,220
2346,231
2347,211
2348,238
2349,209
2350,158
2351,240
2352,83
2353,112
2354,152
2355,236
2356,218
2357,212
2358,219
2359,60
2360,221
2361,87
2362,83
2363,224
2364,213
2365,172
2366,138
2367,246
2368,130
2369,126
2370,243
2371,208
2372,164
2373,246
2374,222
2375,224
2376,216
2377,0
2378,255
2379,247
2380,217
2381,191
2382,95
2383,234
2384,227
2385,206
2386,152
2387,219
2388,224
2389,175
2390,228
2391,126
2392,176
2393,194
2394,128
2395,147
2396,184
2397,245
2398,178
2399,223
